0, 5, 1, -3.124, 2.733, -0.857, -0.334, -0.312, 0.587, 0.849, 0.475, -0.174, -0.899, 6
0, 6, 1, -3.586, -0.38, -0.359, 1.307, 1.587, 0.99, 0.18, -0.831, -0.471, 0.198, 0
0, 6, 1, -2.601, 2.735, -0.322, -0.255, -1.67, 0.229, 0.202, 1.01, -0.871, -0.461, 4
0, 6, 1, -2.64, 2.704, -0.345, -0.23, -1.649, 0.064, 0.275, 0.952, -0.651, -0.571, 4
0, 6, 1, -4.036, 2.141, -0.355, -0.602, 0.837, 0.663, -0.013, 0.507, -1.412, 0.21, 8
0, 6, 1, -3.096, 0.103, -0.452, 0.879, 1.067, 0.497, -0.296, -0.067, -0.973, 0.711, 1
0, 7, 1, -3.001, 2.263, -1.178, -0.116, -0.922, 0.536, 1.286, -0.506, -0.566, -0.102, 4
0, 7, 1, -5.011, 4.976, -0.868, -1.215, 0.17, -0.018, 0.543, 0.154, -0.841, 0.707, 9
0, 7, 1, -4.513, 4.265, -1.477, -1.09, 0.215, 0.829, 0.342, 0.693, -0.601, -0.056, 7
1, 8, 0, -1.149, -0.904, -1.988, 0.739, -0.06, 1.206, 0.864, 1.196, -0.3, -0.467, 0
1, 8, 0, -2.505, 0.632, -0.593, 0.304, 0.496, 0.824, -0.162, 0.181, -0.363, -0.764, 2
1, 8, 0, -1.768, 1.769, -1.142, -0.739, -0.086, 0.12, -0.23, 0.217, -0.009, -0.279, 3
1, 8, 0, -3.816, 3.426, 0.224, -0.384, -1.733, 0.434, -0.322, 1.333, 0.653, 0.577, 7
1, 8, 0, -2.592, 1.617, 0.267, 0.38, -0.777, 0.487, -0.206, 0.733, 0.592, -0.403, 5
1, 8, 0, -2.733, 1.088, 0.761, 1.694, -0.833, 0.292, -1.069, 0.266, 0.369, 1.034, 6
1, 8, 0, -4.813, 1.042, 0.887, 1.661, -0.534, 0.747, -0.513, -0.448, -0.412, 1.214, 9
1, 8, 0, -4.717, 0.829, 0.853, 1.98, -0.546, 0.688, -0.434, -0.424, -0.636, 1.245, 9
1, 8, 0, -1.969, 0.835, -0.671, -0.27, 0.028, 0.4, -0.444, 0.53, 0.061, -0.343, 3
1, 8, 0, -2.968, 2.149, 0.13, 0.676, -0.79, 0.112, -0.507, 0.762, 0.625, -0.272, 4
1, 9, 0, -4.047, 3.899, -0.423, 0.147, -1.273, 0.203, 0.317, 0.531, 0.584, -0.11, 7
1, 9, 0, -4.101, 2.84, -0.802, 0.062, -0.733, 1.304, -0.145, 0.443, 0.049, -0.611, 8
1, 9, 0, -4.693, 3.146, -0.136, 0.587, -0.731, 1.055, -0.104, -0.021, 0.637, -0.192, 9
1, 9, 0, -4.13, 3.291, -1.424, 0.359, -0.273, 1.297, -0.454, 0.62, -0.527, -0.709, 8
1, 9, 0, -3.0, 0.042, -1.238, 1.529, 0.187, 2.028, 0.104, 0.759, -1.18, -0.634, 0
1, 9, 0, -3.587, 1.193, -0.617, 1.34, -0.022, 1.103, -0.072, 0.368, -0.854, -0.767, 1
1, 9, 0, -3.152, 3.176, -1.573, -0.204, -0.485, 0.723, 0.308, 0.652, -0.872, -0.586, 6
1, 9, 0, -2.691, 2.111, -1.067, 0.174, -0.649, 0.431, -0.017, 0.655, -0.498, -0.292, 5
1, 9, 0, -3.19, 3.101, -1.659, -0.182, -0.436, 0.828, 0.272, 0.502, -0.857, -0.516, 6
1, 10, 0, -4.089, 3.712, 0.315, -0.05, -0.929, 0.018, -0.35, 1.77, 0.244, -0.301, 7
1, 10, 0, -2.79, 2.665, 0.036, -0.44, -0.604, 0.811, 0.098, 0.723, 0.134, -0.91, 4
1, 10, 0, -3.676, -0.185, -0.563, 2.377, 0.096, 1.854, 0.303, 0.296, -0.358, -1.205, 0
1, 10, 0, -3.033, 0.7, -1.077, 1.266, 0.196, 1.453, 0.317, 0.947, -0.324, -0.828, 1
1, 10, 0, -4.717, 3.059, -0.682, 0.532, -0.48, 0.731, 0.174, 0.493, 0.635, -0.473, 9
1, 11, 0, -2.012, 1.134, -1.029, 0.205, 0.661, 0.359, 0.456, 0.372, -0.939, -0.613, 2
1, 11, 0, -2.346, 1.604, -0.283, 0.393, -0.416, 0.268, -0.463, 0.387, 0.253, -0.504, 5
1, 11, 0, -4.028, 0.982, -0.648, 1.478, -0.048, 2.108, -0.146, 0.467, -0.654, -0.193, 9
1, 11, 0, -3.338, 3.033, -1.189, -0.269, -0.364, 0.544, 0.491, 0.148, 0.365, -0.931, 6
1, 12, 1, -3.961, 4.144, -0.934, -0.089, -0.612, 0.787, 0.326, 0.182, -0.487, -0.719, 8
1, 12, 1, -2.64, 1.322, -0.111, 0.861, 0.026, -0.354, -0.425, 0.083, -0.235, 0.781, 2
1, 12, 1, -3.266, 0.577, -0.261, 1.481, 0.874, 0.301, -0.496, -0.012, -0.623, 0.879, 1
1, 12, 1, -2.305, 3.625, -1.203, -0.665, -0.296, 0.775, 0.197, -0.282, -0.842, 0.188, 4
1, 12, 1, -2.852, -0.805, -0.313, 1.565, 0.688, 1.467, -0.664, -0.916, -0.279, 0.489, 0
1, 12, 1, -2.021, 2.493, -0.416, -0.116, 0.094, -0.033, -0.4, -0.08, -0.136, 0.069, 3
1, 12, 1, -2.879, 2.662, -0.572, 0.425, -0.248, 0.213, 0.176, -0.281, -0.404, 0.605, 5
1, 13, 1, -3.097, 1.385, -0.173, 1.392, -0.613, -0.143, -0.014, -0.565, -0.065, 1.129, 2
1, 13, 1, -3.065, 1.781, -0.915, 0.698, 0.175, 0.662, -0.086, -0.361, -0.774, 0.951, 5
1, 13, 1, -3.053, 1.518, -0.729, 0.828, -1.211, 0.499, 0.326, -0.136, -0.263, 0.75, 3
1, 13, 1, -2.965, 1.124, -0.349, 1.581, -0.666, 0.125, -0.025, -0.887, -0.13, 1.11, 2
1, 13, 1, -3.852, 4.214, -1.556, -0.336, -0.305, 1.133, -0.152, 0.237, -0.915, -0.445, 7
1, 13, 1, -3.591, 2.78, -0.301, 0.812, -0.008, -0.019, -0.268, -0.564, -0.788, 0.948, 10
1, 13, 1, -3.341, 1.714, -0.773, 0.771, -0.976, 0.625, 0.078, -0.438, -0.084, 0.607, 3
1, 14, 1, -3.451, 2.257, -0.845, 0.432, 0.486, 0.266, -0.215, 0.006, -1.082, 0.759, 10
1, 14, 1, -4.049, 2.223, -0.076, 0.928, 0.692, 0.731, -0.931, -0.141, -1.087, -0.584, 9
1, 14, 1, -3.661, 0.3, 0.53, 1.816, 0.333, 0.444, -0.858, -0.732, -0.809, 0.995, 0
1, 14, 1, -3.242, 1.615, -0.829, 1.589, 0.09, 0.051, -0.504, -0.211, -0.513, 1.005, 2
1, 14, 1, -3.018, 3.014, -1.486, -0.105, -0.131, 0.929, 0.226, -0.463, -0.555, 0.598, 4
1, 14, 1, -2.904, 2.741, -1.123, 0.014, 0.071, 0.654, 0.212, -0.454, -0.815, 0.752, 5
1, 14, 1, -3.309, 2.256, -0.615, 0.365, 0.251, 0.439, 0.011, 0.119, -1.219, 0.695, 10
1, 14, 1, -3.62, 1.066, 0.158, 1.393, 0.879, 1.02, -0.09, 0.087, -1.333, 0.585, 1
0, 0, 0, -2.287, 1.809, -1.498, 1.012, -1.053, 1.06, -0.567, 0.235, -0.091, -0.795, 3
0, 0, 0, -3.062, 0.351, -1.071, 1.061, -0.355, 1.99, -0.21, 0.796, -0.358, -0.299, 1
0, 0, 0, -2.69, 1.652, -1.261, 0.674, -0.964, 1.449, -0.593, 1.005, -0.303, -0.541, 10
0, 0, 0, -4.208, 2.447, 0.049, 1.331, -2.088, 0.585, -0.05, 0.82, 0.606, -0.302, 7
0, 0, 0, -3.171, 0.49, -1.128, 0.911, -0.388, 2.014, -0.212, 0.707, -0.551, -0.187, 1
0, 0, 0, -3.065, 2.372, -1.002, 0.496, -1.295, 0.86, 0.327, -0.404, 0.067, -0.155, 5
0, 1, 0, -4.102, 0.209, 0.414, 0.423, 0.985, 1.434, 0.663, 0.036, -0.784, -0.668, 0
0, 1, 0, -1.954, 1.595, -1.593, 0.37, -0.136, 0.022, 0.034, 0.321, -0.19, -0.491, 3
0, 1, 0, -1.952, 1.469, -1.375, 0.105, -0.154, 0.17, -0.047, 0.336, -0.098, -0.41, 3
0, 1, 0, -3.054, 3.104, -0.513, -0.085, -0.952, 0.299, -0.269, 0.459, 0.892, -0.308, 6
0, 1, 0, -4.323, 2.853, 0.385, 0.209, -1.096, 0.431, 0.119, 0.268, 0.131, 0.654, 8
0, 1, 0, -1.945, 0.352, -1.053, -0.228, -0.12, 0.927, 0.088, 0.509, -0.279, -0.246, 2
0, 1, 0, -2.385, 1.241, 0.272, -0.04, -0.692, 0.16, -0.061, -0.189, 0.744, 0.088, 5
0, 1, 0, -2.05, 0.065, -0.938, -0.037, 0.082, 1.561, 0.393, 0.835, -0.029, -0.394, 1
0, 2, 0, -1.737, 1.789, -1.046, 1.071, -0.775, 1.041, -0.025, 0.925, -0.452, 0.007, 3
0, 2, 0, -1.298, -0.295, -2.433, 0.955, -0.278, 2.252, 0.285, 0.915, -1.569, -0.562, 0
0, 2, 0, -3.834, 3.749, -0.183, 1.518, -1.585, -0.281, -0.334, 1.191, 0.425, -0.104, 7
0, 2, 0, -3.478, 1.703, -0.557, 2.191, -1.043, 0.339, -0.004, 0.587, 0.45, 0.006, 8
0, 2, 0, -4.333, 2.438, -0.219, 1.372, -0.761, 0.306, 0.594, -0.022, 1.103, 0.19, 9
0, 2, 0, -2.704, 1.285, -0.908, 1.57, -0.84, 1.044, -0.399, 0.951, 0.345, -0.695, 10
0, 2, 0, -2.205, 1.804, -0.199, 1.773, -1.089, 0.312, -0.621, 1.247, 0.137, 0.406, 4
0, 2, 0, -4.386, 2.271, -0.157, 1.536, -0.614, 0.23, 0.57, -0.117, 1.074, 0.397, 9
0, 2, 0, -1.804, 1.556, -0.803, 1.388, -0.989, 0.751, -0.029, 0.963, -0.228, 0.297, 5
0, 2, 0, -2.447, 1.914, -0.208, 1.641, -1.159, 0.104, -0.539, 1.58, 0.058, 0.786, 6
0, 3, 0, -1.614, 0.287, -1.195, -0.252, -0.257, 1.251, 0.281, 0.898, 0.188, -0.423, 1
0, 3, 0, -1.891, 0.988, -1.06, 0.119, 0.59, 0.263, 0.372, 0.39, -0.376, -0.655, 2
0, 3, 0, -2.55, 2.629, 0.084, -0.159, -0.882, 0.093, -0.19, 0.961, 0.032, -0.589, 4
0, 3, 0, -3.24, 1.749, 0.959, 1.071, -1.188, 0.018, -1.024, 0.664, 1.007, 0.443, 6
0, 3, 0, -3.155, 1.021, 0.455, 0.624, -1.306, 0.842, -0.123, 0.909, 0.328, 0.876, 8
0, 3, 0, -1.953, -0.596, -1.543, 0.619, 0.056, 1.742, 0.592, 1.289, -0.163, -0.523, 0
0, 3, 0, -1.921, 0.719, -0.95, 0.299, 0.222, 0.786, 0.128, 0.588, -0.462, -0.491, 2
0, 3, 0, -3.246, 0.712, 0.39, 0.82, -1.352, 1.074, 0.197, 0.857, -0.056, 0.485, 8
0, 4, 1, -3.893, 3.69, 0.079, -0.151, -1.093, -0.518, 0.198, 1.583, -0.257, -0.169, 7
0, 4, 1, -2.923, 0.919, -0.231, -0.307, 0.075, 0.265, 0.403, 0.691, -1.012, -0.157, 10
0, 4, 1, -3.02, 1.033, -0.238, -0.286, 0.088, 0.235, 0.372, 0.563, -1.027, -0.151, 10
0, 4, 1, -4.222, 3.886, 0.016, -0.144, -1.132, -0.053, 0.519, 1.024, 0.075, -0.226, 7
0, 4, 1, -2.976, 1.033, -0.222, -0.099, 0.081, 0.052, 0.479, 0.517, -1.105, -0.125, 10
0, 4, 1, -4.129, 2.686, 0.308, -0.125, 0.117, 0.393, 0.199, 0.308, -0.478, -0.909, 8
0, 4, 1, -2.846, 1.01, -0.219, -0.083, 0.091, 0.076, 0.442, 0.509, -1.181, -0.021, 10
0, 4, 1, -3.661, 3.266, -0.117, -0.237, -0.755, 0.092, 0.686, 0.381, -0.58, -0.687, 6

