0, 5, 1, -3.426, 0.584, -0.469, 1.776, 0.566, 1.686, 0.07, 0.081, -1.483, -0.141, 1
0, 5, 1, -4.175, 3.32, -0.446, 0.988, -1.48, 0.133, 0.507, 0.605, 0.691, -0.462, 7
0, 5, 1, -3.006, 1.407, -0.875, 0.945, -0.495, 0.721, 0.212, 0.75, -0.037, -1.054, 10
0, 5, 1, -2.656, 1.263, -0.527, 0.464, -0.612, 0.668, -0.16, 0.857, -0.416, -0.596, 5
0, 6, 1, -2.715, 2.325, 0.701, 0.239, -1.426, -0.218, -0.317, 1.516, -0.162, -0.703, 6
0, 6, 1, -5.02, 2.551, 0.562, -0.136, 0.531, -0.064, 0.373, 0.631, -1.407, -0.267, 9
0, 7, 1, -3.749, 3.018, -0.755, -0.452, -0.666, 0.209, 0.741, 0.9, -1.613, 0.128, 6
0, 7, 1, -5.124, 2.319, 1.413, 1.804, -0.277, -0.33, -0.746, 0.221, 0.06, 0.46, 0
0, 7, 1, -3.417, 1.984, -1.148, 0.234, -0.778, 0.411, 0.494, 0.13, -0.704, 0.764, 5
0, 7, 1, -4.475, 4.064, -0.927, -0.678, 0.599, 0.445, 0.224, 0.103, -1.336, -0.192, 8
0, 7, 1, -3.85, 2.28, -1.055, -0.335, -0.164, 0.41, 0.913, -0.391, -0.338, 0.26, 4
0, 7, 1, -3.622, 0.988, -1.108, 0.685, -0.693, 0.754, 0.442, 0.166, -0.458, 0.738, 3
1, 8, 0, -2.509, 1.326, 0.354, 0.663, -0.724, 0.418, -0.496, 0.713, 0.638, -0.204, 5
1, 8, 0, -4.982, 1.538, 0.96, 1.253, -0.64, 0.588, -0.484, -0.31, -0.246, 1.18, 9
1, 8, 0, -2.895, 0.682, -0.151, 0.218, -0.689, 1.118, -0.264, 0.922, 0.757, 0.327, 10
1, 8, 0, -1.093, -0.922, -2.091, 0.844, 0.009, 1.247, 0.891, 1.453, -0.089, -0.4, 0
1, 8, 0, -3.108, 0.926, -0.389, 0.249, -0.461, 0.816, -0.226, 0.818, 0.387, 0.303, 10
1, 8, 0, -2.889, 1.418, 0.409, 0.61, -1.018, 0.992, 0.005, 0.518, -0.027, -0.326, 5
1, 9, 0, -3.297, 2.88, -0.859, -0.301, -1.02, 0.798, 0.288, 0.855, -0.528, -0.662, 6
1, 9, 0, -3.339, 1.004, -0.747, 1.505, -0.068, 1.007, -0.017, 0.377, -0.775, -0.899, 1
1, 9, 0, -3.725, 1.904, -0.737, 0.433, -0.369, 1.047, 0.12, 0.425, -0.678, -0.391, 10
1, 9, 0, -2.797, 2.706, -1.936, 0.147, -0.921, 1.24, -0.082, -0.006, -0.214, -0.064, 4
1, 9, 0, -2.561, 2.191, -0.955, 0.214, -0.841, 0.386, -0.083, 0.74, -0.612, -0.196, 5
1, 10, 0, -2.482, 1.896, -1.289, 0.112, 0.285, 0.096, 0.022, 0.832, -0.333, -0.764, 3
1, 10, 0, -3.894, 0.117, -0.407, 1.973, 0.043, 1.891, 0.411, -0.095, -0.436, -1.015, 0
1, 10, 0, -3.96, 3.373, -1.235, 0.152, 0.031, 0.664, 0.558, 0.841, -0.133, -0.317, 8
1, 10, 0, -2.969, 3.128, 0.504, -0.487, -1.371, 0.704, 0.66, 0.676, 0.469, -0.525, 6
1, 10, 0, -3.896, 2.768, -0.816, -0.014, -0.125, 0.168, 0.307, 1.203, 0.246, -0.118, 8
1, 10, 0, -2.382, 1.984, -1.096, -0.103, 0.369, 0.204, -0.125, 0.752, -0.136, -0.959, 3
1, 11, 0, -2.463, -0.197, -1.264, 1.15, 0.234, 1.833, 0.066, 0.738, -1.382, -0.498, 0
1, 11, 0, -3.823, 3.536, -2.07, 0.245, -0.442, 1.125, 0.73, 0.538, -0.006, -0.64, 7
1, 11, 0, -2.131, 1.487, -0.302, -0.272, 0.012, 0.067, 0.149, 0.022, -0.133, -0.322, 3
1, 11, 0, -2.596, 1.867, -0.208, 0.208, -0.574, 0.146, -0.214, 0.116, 0.395, -0.541, 4
1, 11, 0, -2.639, 1.88, -0.389, 0.204, -0.571, 0.094, -0.233, 0.279, 0.426, -0.598, 4
1, 11, 0, -3.977, 3.684, -1.242, -0.364, -0.217, 0.594, 0.759, 0.6, 0.069, -0.25, 7
1, 11, 0, -3.242, 1.802, -0.482, 0.699, 0.424, 0.337, 0.115, 0.272, -0.205, -1.074, 10
1, 11, 0, -2.175, 1.631, -0.331, -0.203, -0.159, 0.246, 0.18, -0.093, -0.351, -0.267, 3
1, 11, 0, -2.723, 1.975, -0.636, 0.336, -0.677, 0.156, -0.342, 0.479, 0.381, -0.729, 4
1, 11, 0, -3.339, 3.011, -1.264, -0.343, -0.119, 0.498, 0.589, 0.078, 0.221, -0.822, 6
1, 11, 0, -3.285, 1.547, -0.897, 0.917, 0.127, 0.402, -0.011, 0.502, -0.557, -0.715, 10
1, 12, 1, -3.439, 1.007, 0.02, 1.491, 0.777, 0.257, -0.777, -0.282, -0.707, 0.746, 1
1, 12, 1, -2.814, 1.515, -0.088, 0.597, -0.033, -0.29, -0.445, 0.113, -0.136, 0.662, 2
1, 13, 1, -4.057, 1.925, 0.521, 1.331, 0.273, -0.167, -0.365, -0.665, -0.512, 0.716, 1
1, 13, 1, -4.045, 2.377, -0.3, 2.002, 0.826, -0.18, -0.768, -0.408, -0.787, 0.156, 9
1, 13, 1, -3.999, 2.138, 0.295, 1.086, 0.699, -0.127, -0.634, -0.4, -0.505, 0.856, 1
1, 13, 1, -3.206, 1.899, -0.933, 0.733, 0.261, 0.565, -0.225, -0.339, -0.677, 0.765, 5
1, 13, 1, -3.847, 4.268, -1.521, -0.465, -0.23, 1.067, -0.02, 0.005, -0.577, -0.509, 7
1, 13, 1, -3.985, 2.192, -0.426, 2.163, 1.114, 0.016, -0.846, -0.468, -0.858, 0.037, 9
1, 13, 1, -2.959, 1.061, -0.351, 1.745, -0.851, 0.344, -0.373, -0.729, 0.048, 0.815, 2
1, 13, 1, -3.57, 3.41, -1.576, 0.563, 0.002, 0.759, 0.285, -0.466, -1.409, 0.586, 6
1, 14, 1, -3.642, 3.582, -1.031, -0.761, 0.046, 1.255, 0.841, 0.512, -0.259, -0.447, 7
1, 14, 1, -2.627, 2.089, -1.434, 0.937, -0.615, 0.43, -0.311, -0.203, 0.038, 0.933, 3
1, 14, 1, -2.938, 2.782, -1.111, -0.076, 0.0, 0.582, 0.252, -0.4, -0.773, 0.838, 5
1, 14, 1, -3.946, 2.545, 0.447, -0.001, 0.043, 0.788, -0.102, 0.68, -0.637, -0.545, 8
1, 14, 1, -3.546, 1.064, -0.006, 1.455, 0.847, 1.117, 0.073, -0.025, -1.318, 0.557, 1
1, 14, 1, -2.71, 1.943, -1.247, 0.772, -0.345, 0.107, -0.062, 0.04, -0.322, 1.018, 3
1, 14, 1, -3.743, 3.629, -0.874, -0.79, -0.312, 1.759, 0.679, 0.565, -0.521, -0.485, 7
1, 14, 1, -3.002, 2.944, -1.379, -0.188, -0.131, 0.957, 0.346, -0.392, -0.711, 0.617, 4
1, 14, 1, -3.753, 3.605, -0.899, -0.747, -0.401, 1.765, 0.62, 0.754, -0.835, -0.301, 7
1, 14, 1, -3.98, 2.459, 0.068, 0.023, 0.237, 1.029, -0.189, 0.521, -0.773, -0.5, 8
0, 0, 0, -2.12, 0.894, -1.576, 0.147, -0.707, 1.559, -0.579, 0.676, -0.809, -0.049, 2
0, 0, 0, -2.598, 1.938, -0.846, 1.062, -1.633, 0.764, 0.394, -0.15, 0.277, -0.396, 4
0, 0, 0, -3.648, 1.812, -1.378, 1.578, 0.065, 1.577, -0.466, 0.702, 0.06, -0.836, 9
0, 0, 0, -2.135, 0.954, -1.632, 0.121, -0.704, 1.6, -0.628, 0.713, -0.903, -0.027, 2
0, 0, 0, -3.951, 2.25, 0.127, 1.772, -1.906, 0.567, -0.432, 1.045, 0.598, -0.293, 7
0, 0, 0, -3.673, 1.811, -1.405, 1.621, 0.044, 1.572, -0.453, 0.745, -0.066, -0.733, 9
0, 0, 0, -2.635, 2.147, -1.129, 0.911, -1.407, 1.095, -0.071, 0.118, 0.139, -0.685, 4
0, 0, 0, -3.618, 1.576, -1.14, 0.699, -0.741, 1.633, -0.387, 1.086, 0.235, -0.388, 8
0, 0, 0, -2.255, 0.902, -1.723, 0.454, -0.524, 1.453, -0.614, 0.761, -0.885, -0.118, 2
0, 0, 0, -2.596, 1.56, -1.249, 0.656, -1.095, 1.292, -0.55, 1.006, -0.15, -0.553, 10
0, 0, 0, -2.302, 0.85, -1.646, 0.455, -0.488, 1.491, -0.617, 0.819, -0.887, -0.08, 2
0, 1, 0, -4.275, 0.162, 0.728, 0.662, 0.94, 1.269, 0.711, 0.073, -0.827, -0.655, 0
0, 1, 0, -4.65, 2.455, 0.013, 0.681, -0.8, 1.434, 0.126, 0.036, 0.382, 0.278, 9
0, 1, 0, -3.03, 1.185, 0.314, -0.121, -0.591, 0.965, 0.353, -0.137, -0.221, 0.075, 10
0, 1, 0, -3.917, 3.496, 0.409, -0.531, -1.15, 0.017, 0.605, 0.977, -0.328, 0.447, 7
0, 1, 0, -2.351, 1.53, 0.086, -0.075, -0.426, 0.125, -0.197, 0.033, 0.848, -0.038, 5
0, 1, 0, -3.105, 2.916, -0.207, 0.031, -0.897, 0.021, -0.229, 0.256, 1.073, -0.065, 6
0, 2, 0, -1.012, 0.516, -2.041, 0.32, -0.634, 1.969, 0.041, 1.414, -0.687, 0.047, 1
0, 2, 0, -1.674, 1.711, -1.04, 1.136, -0.869, 1.036, -0.157, 0.946, -0.361, 0.02, 3
0, 2, 0, -2.867, 1.391, -0.817, 1.595, -0.883, 1.143, -0.427, 1.159, 0.17, -0.456, 10
0, 2, 0, -1.417, -0.319, -2.254, 1.072, -0.221, 2.268, 0.43, 0.923, -1.486, -0.698, 0
0, 2, 0, -3.425, 1.724, -0.638, 1.573, -1.041, 1.204, -0.124, 1.258, 0.548, -0.507, 8
0, 3, 0, -3.193, 2.026, 0.83, 0.813, -1.205, 0.036, -0.95, 0.786, 1.045, 0.21, 6
0, 3, 0, -3.179, 1.346, 0.988, 1.32, -0.852, -0.008, -1.234, 0.347, 1.02, 0.771, 6
0, 3, 0, -1.823, -0.578, -1.624, 0.52, 0.052, 1.711, 0.535, 1.318, -0.115, -0.505, 0
0, 3, 0, -2.089, 1.695, -0.528, -0.232, 0.385, -0.137, 0.033, 0.071, 0.033, -0.744, 3
0, 3, 0, -4.521, 1.43, 0.162, 0.58, -0.351, 1.339, -0.259, 0.81, 0.431, -0.102, 9
0, 4, 1, -2.758, 2.067, -0.31, -0.543, -0.687, 0.091, 0.881, 0.172, -0.454, -0.093, 4
0, 4, 1, -4.16, 2.814, 0.557, 0.604, 0.584, 0.477, -0.272, 0.784, -0.999, -0.781, 9
0, 4, 1, -3.224, 0.487, 0.822, 1.324, 0.753, 0.352, -0.976, -0.562, -0.489, 0.172, 1
0, 4, 1, -4.068, 2.566, -0.068, -0.152, 0.126, 0.548, 0.453, 0.577, -0.543, -0.896, 8
0, 4, 1, -2.842, 1.343, -0.713, 0.003, 0.126, 0.411, 0.538, -0.077, -0.995, 0.092, 5
0, 4, 1, -3.693, -0.568, 0.727, 1.236, 0.612, 1.502, -0.804, -0.763, -0.346, 0.788, 0
0, 4, 1, -3.293, 0.93, 0.522, 1.48, 0.249, -0.661, -0.643, -0.094, -0.132, 0.198, 2
0, 5, 1, -2.665, 0.772, -1.009, 1.307, 0.287, 0.855, -0.466, -0.19, -0.721, 0.407, 2
0, 5, 1, -3.268, -0.079, -0.693, 0.763, 1.043, 1.194, 0.892, -1.293, -1.033, 0.199, 0
0, 5, 1, -3.618, 0.916, -0.4, 1.771, 0.666, 1.535, -0.389, -0.342, -1.279, -0.109, 1
0, 5, 1, -2.693, 0.771, -0.87, 1.341, 0.317, 0.925, -0.328, -0.169, -0.936, 0.399, 2
0, 5, 1, -3.901, 2.485, -0.95, 0.702, -0.47, 1.146, -0.109, 1.597, 0.146, -1.197, 8

