0, 5, 1, -4.788, 3.632, -0.71, 0.3, 0.366, -0.121, 0.403, -0.016, 0.124, -1.32, 9
0, 5, 1, -3.091, 0.935, -0.574, 1.36, 0.416, 0.764, -0.48, -0.144, -1.295, 0.696, 2
0, 5, 1, -4.836, 3.871, -0.684, 0.182, 0.349, -0.176, 0.317, 0.059, -0.024, -1.13, 9
0, 5, 1, -3.404, 0.506, -0.591, 1.627, 0.66, 1.456, 0.068, 0.381, -1.494, -0.453, 1
0, 6, 1, -2.569, -0.11, -0.841, 0.732, 1.112, 0.961, -0.075, 0.148, -0.893, 0.314, 1
0, 6, 1, -3.984, 2.29, -0.103, -0.707, 0.297, 0.317, 0.857, 1.403, -1.253, -0.298, 8
0, 6, 1, -3.431, -0.5, -0.362, 1.173, 1.59, 0.956, 0.162, -0.853, -0.364, 0.084, 0
0, 6, 1, -2.665, 1.633, -0.384, -0.111, -0.001, 0.234, 0.033, 0.478, -1.558, 0.219, 10
0, 6, 1, -2.415, 2.517, -0.285, 0.085, -0.902, 0.283, 0.302, 0.247, -1.207, 0.371, 5
0, 6, 1, -4.07, 2.254, -0.28, -0.722, 0.696, 0.683, 0.243, 0.689, -1.45, 0.19, 8
0, 6, 1, -4.247, -0.034, 0.248, 1.372, 1.831, 1.167, 0.087, -0.518, -0.316, 0.347, 0
0, 6, 1, -2.729, 2.104, -0.505, 0.138, -0.533, 0.455, 0.148, -0.407, -1.059, 0.625, 5
0, 6, 1, -5.158, 2.488, 1.064, -0.343, 0.352, 0.18, -0.05, 0.817, -1.308, -0.249, 9
0, 6, 1, -4.2, 2.201, -0.31, -0.392, 0.968, 0.7, -0.328, 0.129, -0.896, 0.15, 8
0, 6, 1, -5.211, 2.544, 0.82, -0.333, 0.447, 0.226, 0.127, 0.89, -1.389, -0.304, 9
0, 7, 1, -4.373, 4.643, -0.792, -1.332, -0.202, 0.597, 0.192, 1.133, -1.131, -0.28, 7
0, 7, 1, -4.902, 4.49, -0.564, -0.536, -0.164, -0.298, 0.842, -0.158, -0.906, 0.358, 9
0, 7, 1, -4.474, 4.569, -1.069, -1.409, 0.137, 1.049, 0.071, 0.877, -1.355, -0.167, 7
0, 7, 1, -3.631, 1.195, -0.719, 0.13, -0.065, 0.348, -0.061, 0.555, -0.594, 0.806, 3
0, 7, 1, -5.125, 2.077, 1.283, 2.003, -0.734, -0.513, -0.557, 0.055, 0.295, 0.269, 0
0, 7, 1, -5.105, 1.968, 1.14, 1.719, -0.443, -0.432, -0.969, -0.173, 0.551, 0.176, 0
1, 8, 0, -2.633, 0.672, -0.372, 0.439, 0.437, 0.907, -0.402, -0.04, -0.366, -0.741, 2
1, 8, 0, -2.677, 0.486, -0.061, 0.517, 0.222, 1.102, -0.425, -0.096, -0.373, -0.484, 2
1, 8, 0, -2.769, 2.906, -0.194, 0.349, -0.958, 0.089, -0.245, 1.004, 0.6, -0.336, 4
1, 8, 0, -1.358, 0.136, -1.082, -0.148, -0.609, 1.464, 0.144, 1.149, 0.481, 0.119, 1
1, 8, 0, -1.793, 0.925, -0.739, -0.396, -0.211, 0.329, -0.403, 0.604, 0.197, -0.251, 3
1, 8, 0, -2.92, 2.697, -0.116, 0.451, -0.859, -0.035, -0.307, 0.874, 0.622, -0.301, 4
1, 8, 0, -2.484, 0.559, 0.624, 1.951, -0.646, 0.381, -1.106, 0.036, 0.24, 1.291, 6
1, 8, 0, -2.073, 0.088, -0.73, 0.296, -0.286, 1.75, 0.154, 1.078, 0.294, -0.174, 1
1, 8, 0, -2.784, 1.43, 0.145, 0.309, -0.931, 1.342, 0.017, 0.589, -0.044, -0.273, 5
1, 9, 0, -2.008, 0.785, -1.489, 0.654, -0.685, 0.313, -0.085, 0.856, -0.516, -0.053, 2
1, 9, 0, -2.538, 2.351, -1.029, 0.146, -0.922, 0.201, -0.058, 0.835, -0.712, -0.074, 5
1, 9, 0, -3.173, 3.166, -1.501, -0.37, -0.437, 0.974, 0.179, 0.556, -0.794, -0.549, 6
1, 9, 0, -4.064, 4.106, -0.545, 0.03, -1.645, 0.904, 0.103, 0.907, 0.05, -0.322, 7
1, 9, 0, -3.117, 0.146, -1.228, 1.635, 0.223, 2.026, 0.036, 0.569, -1.15, -0.767, 0
1, 9, 0, -2.914, 2.541, -1.567, 0.067, -1.051, 1.207, 0.006, 0.289, -0.325, -0.343, 4
1, 10, 0, -2.695, 1.119, -0.986, 0.172, 0.499, 0.372, 0.088, 0.63, -0.721, -0.256, 2
1, 10, 0, -4.617, 3.033, -0.909, 0.604, -0.341, 0.636, 0.294, 0.527, 0.48, -0.558, 9
1, 10, 0, -2.54, 2.925, -0.377, -0.745, -0.562, 0.981, 0.303, 0.539, 0.127, -0.959, 4
1, 10, 0, -2.45, 1.993, -1.08, -0.09, 0.367, 0.324, -0.164, 0.684, -0.181, -1.013, 3
1, 11, 0, -2.913, 0.757, -0.819, 1.245, 0.419, 1.17, 0.051, 0.328, -0.96, -0.614, 1
1, 11, 0, -2.207, 1.09, -0.627, 0.024, 0.912, 0.662, 0.241, 0.348, -0.702, -0.912, 2
1, 11, 0, -2.378, 1.568, -0.243, 0.407, -0.428, 0.229, -0.293, 0.297, 0.372, -0.512, 5
1, 11, 0, -3.911, 3.703, -1.965, 0.132, -0.209, 0.929, 0.811, 0.495, -0.142, -0.519, 7
1, 11, 0, -2.941, 0.71, -0.855, 0.902, 0.635, 0.924, 0.466, 0.01, -0.342, -0.588, 1
1, 11, 0, -4.138, 1.128, -0.601, 1.553, -0.019, 2.039, -0.176, 0.262, -0.551, -0.362, 9
1, 11, 0, -4.039, 3.506, -0.964, 0.041, -0.4, 0.976, 0.65, 0.659, -0.216, -0.327, 8
1, 11, 0, -4.457, 1.512, -0.514, 1.764, 0.063, 1.86, -0.332, 0.189, -0.521, -0.415, 9
1, 11, 0, -2.855, 1.587, -0.03, 0.202, 0.165, 0.445, 0.207, -0.067, -0.013, -0.712, 5
1, 12, 1, -2.762, 1.51, -0.145, 1.157, -0.256, 0.041, -0.647, -0.324, -0.128, 0.806, 2
1, 12, 1, -2.919, 3.48, -0.823, -0.751, -0.416, 1.045, 0.609, 0.18, -1.172, 0.123, 6
1, 12, 1, -3.292, 2.595, -0.578, 0.42, -0.233, 0.391, -0.241, 0.437, -0.541, -0.021, 10
1, 12, 1, -3.498, 1.669, 0.076, 1.53, 0.38, -0.135, -0.814, -0.208, -0.307, 1.053, 1
1, 12, 1, -2.851, 1.412, -0.184, 1.281, 0.0, -0.146, -0.172, -0.419, -0.307, 0.874, 2
1, 12, 1, -2.818, 3.685, -1.413, -0.558, 0.025, 0.871, 0.688, -0.144, -0.93, 0.282, 6
1, 12, 1, -3.35, 2.713, -0.472, 0.4, -0.196, 0.248, -0.224, 0.53, -0.358, -0.091, 10
1, 13, 1, -4.711, 1.166, 1.244, 1.746, 0.311, -0.305, -0.691, -0.137, -0.288, 1.023, 0
1, 13, 1, -3.747, 4.267, -1.847, -0.235, 0.38, 0.885, -0.049, -0.258, -0.772, -0.11, 7
1, 13, 1, -3.055, 1.4, -0.686, 0.964, -1.29, 0.545, 0.337, -0.299, -0.173, 0.69, 3
1, 13, 1, -3.371, 2.007, -0.919, 0.843, 0.221, 0.541, -0.317, -0.37, -0.5, 0.652, 5
1, 13, 1, -3.554, 3.386, -1.703, 0.555, -0.072, 1.073, 0.237, -0.625, -1.067, -0.176, 6
1, 13, 1, -3.966, 2.003, 0.391, 1.034, 0.659, -0.191, -0.448, -0.397, -0.769, 0.969, 1
1, 13, 1, -3.52, 3.318, -1.867, 0.691, 0.263, 0.822, 0.14, -0.62, -1.098, 0.083, 6
1, 13, 1, -3.792, 4.29, -1.531, -0.125, -0.312, 0.624, 0.324, -0.053, -0.942, -0.301, 7
1, 13, 1, -3.862, 2.109, -0.65, 0.99, 0.724, 0.641, -0.293, -0.519, -1.055, 0.653, 8
1, 14, 1, -3.119, 3.135, -1.466, -0.352, -0.023, 0.752, 0.143, -0.231, -0.376, 0.721, 4
1, 14, 1, -3.05, 3.055, -1.598, -0.12, 0.144, 0.757, 0.119, -0.397, -0.396, 0.477, 4
1, 14, 1, -3.706, 3.627, -0.889, -0.789, -0.093, 1.223, 0.814, 0.563, 0.062, -0.449, 7
1, 14, 1, -3.32, 1.553, -0.586, 1.688, -0.262, 0.392, -0.478, -0.461, -0.522, 0.929, 2
0, 0, 0, -3.941, 2.305, 0.124, 1.771, -1.815, 0.593, -0.435, 0.992, 0.575, -0.301, 7
0, 0, 0, -3.032, 1.739, -1.141, 0.737, -0.834, 1.386, -0.575, 0.679, -0.018, -0.823, 10
0, 0, 0, -2.946, 1.649, -1.167, 0.788, -0.909, 1.3, -0.562, 0.902, -0.07, -0.842, 10
0, 0, 0, -2.289, 1.845, -1.616, 0.987, -0.876, 1.044, -0.549, 0.196, -0.07, -0.814, 3
0, 0, 0, -3.559, 2.126, -0.445, 1.053, -1.765, 0.349, 0.546, 0.321, 0.443, -0.118, 6
0, 0, 0, -3.604, 0.235, -0.836, 1.786, -0.153, 1.642, -0.096, 0.488, -0.524, -1.003, 0
0, 0, 0, -2.368, 1.727, -1.556, 1.162, -0.819, 0.941, -0.572, 0.345, -0.279, -0.736, 3
0, 0, 0, -3.546, 1.258, -1.227, 0.823, -0.702, 1.734, -0.397, 1.333, -0.277, 0.013, 8
0, 1, 0, -4.473, 0.373, 0.858, 0.919, 0.778, 1.272, 0.653, -0.216, -0.891, -0.627, 0
0, 1, 0, -2.748, 3.217, -0.976, -0.213, -0.792, 0.771, -0.032, 0.223, 0.043, -0.825, 4
0, 1, 0, -4.136, 3.582, -0.407, -0.038, -0.687, 1.031, 0.491, 0.157, 0.305, 0.028, 8
0, 2, 0, -1.077, 0.511, -2.006, 0.305, -0.584, 1.962, 0.089, 1.406, -0.669, -0.027, 1
0, 2, 0, -1.393, -0.305, -2.29, 1.1, -0.254, 2.327, 0.363, 0.795, -1.521, -0.756, 0
0, 2, 0, -3.836, 3.699, -0.225, 1.52, -1.729, -0.184, 0.064, 0.97, 0.5, -0.13, 7
0, 2, 0, -2.574, 1.814, -0.167, 1.826, -1.156, 0.12, -0.609, 1.543, 0.11, 0.75, 6
0, 2, 0, -3.545, 1.926, -0.512, 1.732, -1.109, 1.006, 0.021, 0.82, 0.731, -0.639, 8
0, 2, 0, -1.512, 1.492, -1.053, 1.262, -0.809, 0.941, -0.122, 0.807, -0.206, 0.145, 3
0, 3, 0, -2.03, 1.764, -0.386, -0.249, 0.18, 0.117, 0.096, -0.121, 0.067, -0.552, 3
0, 3, 0, -2.439, 0.789, 0.082, 0.242, -0.693, 0.595, -0.353, 0.702, 0.413, 0.098, 10
0, 3, 0, -2.559, 2.3, 0.408, -0.001, -1.077, 0.125, -0.254, 0.975, 0.07, -0.47, 4
0, 3, 0, -2.375, 1.642, 0.308, 0.255, -0.82, 0.225, -0.092, 0.874, 0.367, -0.525, 5
0, 3, 0, -4.066, 1.05, -0.049, 0.458, -0.357, 1.331, -0.129, 0.848, 0.509, 0.317, 9
0, 3, 0, -2.483, 0.81, 0.185, 0.284, -0.917, 0.73, -0.111, 0.613, 0.373, 0.184, 10
0, 3, 0, -2.704, 0.917, 0.267, 0.314, -0.756, 0.818, -0.114, 0.673, 0.261, 0.056, 10
0, 3, 0, -2.076, 1.413, -0.584, 0.19, -0.35, 0.518, -0.406, 0.313, 0.027, -0.724, 3
0, 3, 0, -2.554, 1.532, 0.812, 0.367, -1.208, -0.352, -0.252, 0.894, 0.05, 0.084, 4
0, 4, 1, -4.079, 2.663, -0.048, -0.315, 0.234, 0.861, 0.335, 0.435, -0.546, -0.928, 8
0, 4, 1, -3.587, 3.128, 0.885, -0.188, -1.164, -0.215, 0.051, 1.344, -0.641, -0.253, 6
0, 4, 1, -2.711, 0.971, -0.023, 0.053, 0.101, -0.148, 0.382, 0.476, -1.05, -0.256, 10
0, 5, 1, -2.685, 1.971, -0.857, 0.033, -0.638, 0.484, 0.143, 0.159, -0.218, -0.343, 5

