0, 5, 1, -4.744, 3.385, -0.886, 0.571, 0.235, 0.183, 0.357, 0.04, 0.203, -1.68, 9
0, 5, 1, -3.781, -0.011, 0.102, 1.115, 1.036, 0.651, 0.615, -1.082, -1.272, 0.05, 0
0, 5, 1, -3.394, 0.557, -0.573, 1.704, 0.608, 1.644, 0.109, 0.2, -1.507, -0.225, 1
0, 5, 1, -2.85, 1.446, -0.792, 0.482, -0.365, 0.046, -0.029, -0.761, -0.251, 0.113, 3
0, 6, 1, -2.21, 0.661, -0.581, 1.139, 0.238, 0.074, -0.625, -0.366, -0.326, 0.557, 2
0, 6, 1, -2.776, 2.563, 0.532, 0.277, -1.47, -0.368, -0.278, 1.479, -0.164, -0.797, 6
0, 6, 1, -5.069, 2.119, 0.826, -0.274, 0.576, 0.145, 0.308, 1.001, -1.412, -0.306, 9
0, 6, 1, -2.01, 2.164, -0.626, 0.389, -0.24, -0.441, 0.103, -0.27, -0.647, 0.165, 3
0, 6, 1, -2.521, 2.271, -0.277, 0.27, -0.909, 0.274, 0.348, -0.028, -1.177, 0.432, 5
0, 6, 1, -5.08, 2.241, 0.971, -0.374, 0.501, 0.226, 0.144, 0.851, -1.319, -0.3, 9
0, 6, 1, -2.93, 2.014, -0.7, 0.206, -0.088, 0.153, 0.142, -0.031, -1.437, 0.615, 10
0, 6, 1, -3.098, 2.525, -0.316, -0.322, -1.082, 0.285, 0.445, 0.847, -0.951, -0.707, 6
0, 7, 1, -4.471, 4.096, -0.809, -0.881, 0.646, 0.539, 0.04, 0.142, -1.555, -0.023, 8
0, 7, 1, -4.395, 1.864, 0.503, 1.718, 0.241, -0.817, -0.672, -0.687, -0.449, 1.396, 1
0, 7, 1, -3.975, 3.066, -0.506, -0.827, -0.478, 0.434, 0.356, 0.939, -1.309, 0.204, 6
0, 7, 1, -3.82, 1.705, -1.13, 0.45, -0.471, 0.665, 0.298, -0.175, -0.473, 0.848, 5
0, 7, 1, -4.403, 1.409, 0.551, 1.496, 0.673, -0.616, -0.787, -0.382, -0.696, 1.139, 1
1, 8, 0, -2.671, 3.155, -0.514, 0.133, -0.964, 0.234, -0.071, 1.192, 0.254, -0.471, 4
1, 8, 0, -3.839, 1.248, 0.83, 0.982, -1.11, 0.617, -0.751, 0.084, 0.309, 1.125, 8
1, 8, 0, -2.499, 0.119, -0.82, 0.346, 0.347, 1.696, 0.245, 0.689, -0.084, -0.596, 1
1, 8, 0, -3.835, 3.339, 0.29, -0.126, -1.68, 0.195, -0.368, 1.328, 0.523, 0.861, 7
1, 8, 0, -2.971, 0.463, -0.195, 0.323, -0.625, 0.941, -0.327, 0.78, 0.552, 0.436, 10
1, 8, 0, -2.71, 0.809, 0.754, 1.903, -0.764, 0.378, -1.123, 0.162, 0.405, 1.163, 6
1, 8, 0, -3.992, 3.342, 0.167, 0.086, -1.23, -0.216, -0.824, 0.837, 0.521, 0.978, 7
1, 8, 0, -3.81, 1.91, 0.527, 0.478, -0.972, 0.945, -0.28, 0.719, 0.482, 0.829, 8
1, 8, 0, -4.683, 0.773, 0.888, 2.302, -0.562, 0.395, -0.401, -0.289, -0.839, 1.165, 9
1, 8, 0, -1.222, 0.491, -0.716, 0.004, -0.323, 1.108, -0.148, 0.773, 0.387, -0.073, 2
1, 9, 0, -2.765, 2.817, -2.02, 0.213, -0.772, 0.852, 0.252, -0.193, -0.202, -0.093, 4
1, 9, 0, -2.785, 2.792, -1.924, 0.225, -0.985, 1.076, 0.07, -0.071, -0.257, -0.135, 4
1, 9, 0, -1.925, 1.517, -0.999, 0.634, -1.27, 0.207, 0.385, 0.004, -0.141, -0.624, 3
1, 9, 0, -3.731, 1.927, -0.705, 0.453, -0.372, 1.149, 0.046, 0.323, -0.627, -0.331, 10
1, 9, 0, -3.711, 1.377, -0.584, 1.428, -0.033, 1.062, -0.127, 0.328, -1.092, -0.565, 1
1, 9, 0, -4.827, 3.391, -0.099, 0.599, -0.723, 0.741, 0.089, -0.214, 0.518, -0.074, 9
1, 9, 0, -3.735, 2.096, -0.818, 0.463, -0.221, 1.144, 0.023, 0.224, -0.745, -0.325, 10
1, 10, 0, -2.758, 2.839, -0.282, -0.449, -0.485, 0.788, 0.12, 0.792, 0.023, -0.949, 4
1, 10, 0, -2.445, 2.678, -0.816, -0.743, 0.076, 1.117, -0.057, 0.018, 0.281, -0.72, 5
1, 10, 0, -3.644, -0.215, -0.579, 2.307, 0.046, 1.945, 0.28, 0.272, -0.539, -1.226, 0
1, 10, 0, -2.817, 1.268, -1.127, 0.707, 0.399, 0.406, 0.289, 0.319, -0.691, -0.379, 2
1, 10, 0, -3.979, 3.661, 0.169, -0.598, -1.412, 0.569, 0.009, 1.939, 0.094, -0.149, 7
1, 10, 0, -3.661, 1.292, -0.433, 0.34, 0.098, 0.363, 0.246, 0.911, -0.415, -0.507, 10
1, 10, 0, -4.047, 2.626, -0.597, 0.823, -0.266, 0.048, 0.049, 0.882, 0.359, -0.203, 8
1, 10, 0, -4.893, 3.37, -0.464, 0.538, -0.327, 0.496, 0.27, 0.47, 0.742, -0.141, 9
1, 11, 0, -2.382, -0.294, -1.397, 1.051, 0.211, 1.901, 0.151, 0.654, -1.286, -0.609, 0
1, 11, 0, -2.306, 1.086, -0.59, 0.106, 0.931, 0.733, 0.213, 0.274, -0.684, -0.911, 2
1, 11, 0, -4.094, 3.586, -0.845, -0.026, -0.538, 0.964, 0.666, 0.647, -0.412, -0.477, 8
1, 11, 0, -2.919, 0.463, -0.716, 0.957, 0.635, 0.833, 0.501, 0.048, -0.134, -0.638, 1
1, 11, 0, -2.385, 1.01, -0.754, 0.37, 0.785, 0.471, 0.415, 0.318, -0.797, -0.679, 2
1, 11, 0, -4.039, 3.689, -1.007, -0.139, -0.542, 0.587, 0.535, 0.465, 0.194, 0.168, 7
1, 12, 1, -2.702, 3.596, -0.57, -1.041, -0.709, 1.009, 0.403, 0.426, -1.013, -0.009, 6
1, 12, 1, -3.012, 2.252, -0.806, 0.389, -0.11, 0.649, -0.328, 0.321, -0.559, 0.234, 10
1, 12, 1, -2.489, 2.401, -0.44, -0.367, -0.069, 0.533, 0.011, 0.118, -0.621, -0.188, 5
1, 12, 1, -4.386, 3.055, 0.075, -0.018, -0.436, 0.566, -0.288, 0.936, -0.577, -1.01, 9
1, 12, 1, -3.376, 3.327, -0.797, -0.849, -0.681, 1.198, 0.838, 0.244, -0.298, -0.618, 7
1, 12, 1, -3.189, 2.62, -0.833, 0.45, 0.009, 0.444, -0.348, 0.126, -0.614, 0.081, 10
1, 12, 1, -1.959, 2.285, -0.089, -0.262, -0.013, 0.019, -0.233, -0.068, -0.268, -0.022, 3
1, 12, 1, -2.577, 2.449, -0.38, 0.174, -0.41, 0.383, 0.19, 0.097, -0.489, -0.084, 5
1, 12, 1, -3.39, 3.422, -0.718, -0.667, -0.871, 0.788, 0.959, 0.555, -0.482, -0.724, 7
1, 12, 1, -3.905, 3.147, -1.259, 0.304, -0.216, 1.055, 0.578, 0.353, -0.517, -0.871, 8
1, 13, 1, -2.942, 2.642, -1.217, 0.384, -0.994, 1.467, 0.134, -0.458, -0.465, 0.646, 4
1, 13, 1, -2.972, 1.151, -0.293, 1.609, -0.724, 0.123, -0.087, -0.801, 0.04, 1.07, 2
1, 13, 1, -4.756, 1.197, 1.431, 1.54, 0.262, -0.277, -0.741, 0.075, -0.26, 0.876, 0
1, 13, 1, -4.763, 1.305, 1.231, 1.548, 0.308, -0.152, -0.792, -0.124, -0.107, 0.885, 0
1, 13, 1, -3.963, 2.272, -0.534, 0.977, 0.329, 0.514, -0.363, -0.425, -0.712, 0.41, 8
1, 13, 1, -2.928, 2.83, -1.361, 0.323, -0.739, 1.431, 0.002, -0.172, -0.939, 0.607, 4
1, 13, 1, -3.456, 2.027, -0.862, 0.887, 0.281, 0.435, -0.307, -0.387, -0.6, 0.725, 5
1, 13, 1, -3.857, 2.133, -0.58, 0.996, 0.502, 0.65, -0.283, -0.468, -0.983, 0.613, 8
1, 13, 1, -3.917, 1.925, 0.267, 1.361, 0.453, -0.19, -0.242, -0.633, -0.62, 1.039, 1
1, 13, 1, -3.004, 1.09, -0.328, 1.652, -0.679, 0.287, -0.297, -0.695, -0.145, 0.71, 2
1, 14, 1, -4.047, 0.913, 0.734, 1.479, 0.258, 0.206, -1.117, -0.423, -0.336, 0.982, 0
1, 14, 1, -3.811, 2.123, 0.278, 1.552, 0.754, 0.492, -0.584, -0.433, -0.988, 0.652, 1
1, 14, 1, -3.074, 3.062, -1.47, -0.379, 0.233, 0.789, -0.099, -0.135, -0.395, 0.572, 4
1, 14, 1, -3.232, 1.551, -0.832, 1.674, -0.042, 0.296, -0.553, -0.443, -0.413, 0.96, 2
0, 0, 0, -3.582, 2.374, -0.358, 1.162, -1.953, 0.621, 0.339, 0.355, 0.415, -0.259, 6
0, 1, 0, -3.141, 3.314, -0.996, -0.394, -0.19, -0.312, 0.137, 0.631, 0.547, -0.247, 6
0, 1, 0, -3.146, 3.076, -0.683, -0.032, -0.693, -0.06, -0.267, 0.476, 0.982, -0.352, 6
0, 1, 0, -4.267, 3.01, 0.172, 0.028, -0.827, 0.532, 0.099, 0.326, 0.34, 0.696, 8
0, 1, 0, -3.84, 3.745, 0.121, -0.656, -1.066, 0.329, 0.734, 0.875, -0.295, 0.418, 7
0, 1, 0, -4.676, 2.537, 0.075, 0.73, -0.933, 1.493, 0.049, 0.076, 0.254, 0.276, 9
0, 1, 0, -1.912, 1.554, -1.455, -0.017, -0.118, 0.27, -0.037, 0.163, -0.027, -0.474, 3
0, 1, 0, -4.314, -0.106, 1.044, 1.192, 0.687, 0.763, 0.158, -0.193, -1.342, -0.447, 0
0, 1, 0, -3.985, 3.614, 0.584, -0.42, -1.105, -0.174, 0.348, 0.885, -0.165, 0.65, 7
0, 1, 0, -3.082, 1.633, -0.118, -0.147, -0.484, 1.176, -0.086, -0.072, 0.086, -0.564, 10
0, 1, 0, -4.158, -0.342, 0.9, 1.09, 0.56, 0.955, 0.395, -0.328, -1.52, -0.498, 0
0, 2, 0, -1.768, 0.786, -1.468, 1.077, -0.347, 1.704, -0.171, 1.076, -0.691, -0.06, 2
0, 2, 0, -2.125, 1.952, -0.415, 1.458, -0.985, 0.52, -0.344, 1.249, -0.37, 0.145, 5
0, 2, 0, -1.501, 1.611, -1.003, 1.156, -0.883, 0.901, -0.169, 0.862, -0.151, 0.164, 3
0, 2, 0, -3.763, 3.252, -0.262, 1.52, -1.684, -0.225, 0.235, 0.989, 0.616, 0.046, 7
0, 2, 0, -1.475, 1.557, -1.009, 1.202, -0.846, 0.883, -0.138, 0.822, -0.165, 0.198, 3
0, 2, 0, -2.53, 1.492, -0.936, 1.21, -1.154, 1.316, -0.267, 1.149, 0.226, -0.77, 10
0, 3, 0, -2.007, 1.814, -0.581, -0.027, 0.127, 0.081, 0.089, -0.016, 0.115, -0.719, 3
0, 3, 0, -1.495, 0.117, -1.134, -0.249, -0.37, 1.286, 0.348, 0.854, 0.313, -0.376, 1
0, 3, 0, -2.343, 0.788, 0.373, 0.492, -0.667, 0.279, -0.24, 0.827, 0.589, -0.267, 5
0, 4, 1, -1.577, 0.907, -0.291, 0.007, -0.256, -0.233, 0.187, -0.052, -0.627, 0.238, 3
0, 4, 1, -2.861, 2.091, -0.411, -0.438, -0.643, 0.317, 0.817, 0.104, -0.481, -0.252, 4
0, 4, 1, -2.555, 1.421, -0.8, -0.233, -0.078, 0.244, 0.771, -0.112, -0.707, 0.165, 5
0, 4, 1, -3.689, -0.599, 0.692, 1.307, 0.605, 1.514, -0.752, -0.697, -0.355, 0.702, 0
0, 4, 1, -2.986, 2.072, -0.311, -0.083, -0.878, 0.449, 0.916, 0.082, -0.905, -0.109, 4
0, 4, 1, -4.497, 3.018, 0.609, 0.115, 0.673, 0.709, -0.03, 0.861, -0.704, -1.038, 9
0, 5, 1, -3.389, 2.762, -0.71, -0.026, -0.641, 0.112, 0.775, 0.443, -0.11, -0.979, 6

