0, 6, 1, -3.208, -0.608, -0.516, 1.098, 1.529, 1.069, 0.186, -0.947, -0.248, -0.059, 0
0, 6, 1, -2.488, 2.822, -0.239, -0.33, -1.355, 0.284, 0.101, 0.934, -0.966, -0.31, 4
0, 6, 1, -2.708, 2.396, 0.728, 0.336, -1.437, -0.344, -0.411, 1.469, -0.022, -0.717, 6
0, 6, 1, -2.889, -0.039, -0.494, 0.719, 1.104, 1.003, -0.415, 0.097, -0.855, 0.356, 1
0, 6, 1, -4.384, 3.721, -0.905, -0.965, -0.16, 0.498, 0.809, 0.66, -0.613, -0.831, 7
0, 6, 1, -4.107, 2.17, 0.206, -0.811, 0.334, 0.633, 0.402, 1.097, -1.327, -0.04, 8
0, 6, 1, -3.76, -0.32, -0.24, 1.273, 1.751, 1.125, 0.23, -0.723, -0.501, 0.315, 0
0, 6, 1, -3.183, 0.154, -0.413, 0.923, 1.091, 0.582, -0.447, -0.085, -0.904, 0.693, 1
0, 7, 1, -3.753, 0.828, -0.042, 1.406, 0.209, -0.53, -0.52, -0.4, -0.386, 1.07, 2
0, 7, 1, -4.393, 2.137, 0.57, 1.397, 0.293, -0.836, -0.966, -0.461, -0.277, 1.184, 1
0, 7, 1, -3.887, 3.172, -0.739, -0.69, -0.548, 0.33, 0.569, 0.98, -1.609, 0.283, 6
0, 7, 1, -3.765, 1.97, -0.955, 0.304, -0.735, 0.41, 0.38, 0.146, -0.536, 0.738, 5
0, 7, 1, -4.316, 1.409, 0.441, 1.819, 0.5, -0.617, -0.633, -0.621, -0.671, 1.193, 1
0, 7, 1, -3.828, 2.367, -0.836, -0.343, -0.466, 0.116, 1.172, -0.175, -0.275, 0.117, 4
0, 7, 1, -4.065, 2.876, -0.856, -0.221, -0.533, 0.232, 0.855, 0.633, -1.452, 0.272, 6
0, 7, 1, -4.261, 1.827, -0.482, -0.194, 0.731, 0.354, -0.478, 0.05, -0.112, 0.321, 10
1, 8, 0, -2.764, 1.111, 0.727, 1.54, -0.855, 0.261, -1.11, 0.227, 0.42, 0.991, 6
1, 8, 0, -1.716, 1.186, -0.809, -0.515, -0.35, 0.29, -0.404, 0.678, 0.172, -0.212, 3
1, 8, 0, -3.375, 1.779, -0.822, 0.382, -0.019, 0.845, 0.123, 0.767, 0.223, -0.337, 10
1, 8, 0, -3.947, 2.102, 0.305, 0.462, -0.765, 1.037, -0.618, 0.741, 0.345, 0.269, 8
1, 8, 0, -3.366, 1.952, -0.898, 0.258, 0.282, 0.835, 0.29, 0.681, 0.431, -0.461, 10
1, 9, 0, -3.262, 0.956, -0.791, 1.528, -0.021, 0.977, -0.121, 0.499, -0.99, -0.621, 1
1, 9, 0, -2.045, 0.819, -1.46, 0.652, -0.701, 0.352, -0.087, 0.793, -0.567, -0.013, 2
1, 9, 0, -1.993, 1.725, -1.13, 0.556, -1.223, 0.485, 0.211, -0.04, -0.294, -0.548, 3
1, 9, 0, -2.55, 2.391, -1.137, 0.09, -0.948, 0.217, 0.051, 0.723, -0.558, -0.204, 5
1, 9, 0, -3.231, 3.003, -1.161, -0.315, -0.816, 0.87, 0.311, 0.677, -0.565, -0.7, 6
1, 9, 0, -4.033, 4.071, -0.586, 0.127, -1.447, 0.62, 0.197, 0.711, 0.48, -0.306, 7
1, 9, 0, -3.7, 1.841, -0.675, 0.441, -0.383, 0.89, 0.176, 0.594, -0.677, -0.408, 10
1, 9, 0, -1.948, 1.536, -1.012, 0.537, -1.229, 0.183, 0.46, -0.002, -0.178, -0.576, 3
1, 9, 0, -3.239, 2.916, -1.406, -0.455, -0.454, 1.219, 0.078, 0.383, -0.776, -0.413, 6
1, 10, 0, -4.611, 2.962, -0.856, 1.161, -0.612, 0.469, 0.162, 0.705, 0.37, -0.916, 9
1, 10, 0, -4.052, 0.35, -0.314, 1.734, 0.127, 1.667, 0.512, -0.377, -0.358, -0.855, 0
1, 10, 0, -3.034, 0.694, -1.007, 1.453, 0.155, 1.48, 0.179, 1.005, -0.54, -0.563, 1
1, 10, 0, -3.878, 3.816, -0.155, -0.668, -1.207, 0.541, 0.022, 1.972, -0.029, -0.29, 7
1, 10, 0, -3.034, 0.452, -0.946, 0.931, 0.128, 1.514, 0.142, 0.932, -0.104, -0.974, 1
1, 10, 0, -2.505, 2.358, -0.184, -0.792, -0.316, 1.363, 0.302, -0.121, 0.214, -0.622, 5
1, 10, 0, -3.047, 1.267, -0.799, 0.507, 0.524, 0.507, 0.044, 0.302, -0.731, -0.431, 2
1, 11, 0, -2.377, -0.266, -1.371, 1.09, 0.24, 1.843, 0.107, 0.702, -1.256, -0.62, 0
1, 11, 0, -2.961, 0.766, -0.8, 0.962, 0.658, 1.012, 0.347, -0.015, -0.425, -0.746, 1
1, 11, 0, -3.117, 2.876, -0.746, -0.047, -0.427, -0.053, 0.453, 0.305, 0.541, -0.489, 6
1, 11, 0, -2.162, 1.533, -0.267, -0.287, -0.026, 0.122, 0.168, -0.024, -0.268, -0.27, 3
1, 11, 0, -4.319, 1.338, -0.549, 1.678, 0.027, 1.922, -0.228, 0.161, -0.47, -0.442, 9
1, 11, 0, -3.329, 1.788, -0.517, 0.597, 0.503, 0.278, 0.121, 0.176, -0.159, -0.98, 10
1, 11, 0, -2.46, -0.325, -1.404, 0.928, 0.122, 2.049, 0.274, 0.532, -1.113, -0.769, 0
1, 11, 0, -2.318, 1.097, -0.832, 0.26, 0.821, 0.588, 0.402, 0.327, -0.852, -0.773, 2
1, 11, 0, -4.048, 3.753, -1.15, -0.209, -0.53, 0.871, 0.445, 0.716, -0.131, 0.139, 7
1, 11, 0, -2.104, 1.6, -0.297, -0.071, -0.172, 0.285, 0.152, -0.089, -0.296, -0.37, 3
1, 12, 1, -2.594, 2.584, -0.37, -0.524, -0.177, 0.515, -0.137, 0.095, -0.731, 0.072, 5
1, 12, 1, -1.948, 2.143, -0.068, -0.211, -0.238, 0.263, -0.27, -0.238, -0.342, 0.147, 3
1, 12, 1, -2.247, 3.42, -0.887, -0.823, -0.297, 0.774, 0.185, -0.242, -0.79, 0.046, 4
1, 12, 1, -3.356, 3.236, -0.653, -0.9, -0.661, 1.43, 0.901, 0.395, -0.139, -0.726, 7
1, 12, 1, -2.676, 1.411, -0.098, 1.047, -0.04, -0.131, -0.56, -0.03, -0.192, 0.705, 2
1, 12, 1, -3.387, 3.286, -0.747, -0.699, -0.9, 0.891, 0.875, 0.46, -0.457, -0.636, 7
1, 12, 1, -3.818, 3.159, -0.298, -0.058, -0.348, 0.194, 0.593, 0.211, 0.531, -0.014, 8
1, 12, 1, -4.513, 3.08, 0.068, 0.05, -0.484, 0.341, -0.257, 1.302, -0.517, -1.057, 9
1, 12, 1, -2.527, -0.926, -0.571, 1.613, 0.628, 1.229, -0.687, -0.808, -0.354, 0.625, 0
1, 12, 1, -3.396, 3.867, -1.029, -0.603, -0.573, 0.78, 1.209, 0.228, -0.673, -0.562, 7
1, 13, 1, -4.039, 2.061, -0.727, 0.888, 0.302, 0.413, -0.381, -0.194, -0.614, 0.41, 8
1, 13, 1, -4.08, 2.242, -0.28, 1.876, 0.72, -0.292, -0.537, -0.54, -0.663, 0.238, 9
1, 13, 1, -4.083, 2.193, -0.492, 0.695, 0.251, 0.423, -0.558, -0.123, -0.53, 0.376, 8
1, 13, 1, -3.455, 2.561, -0.421, 0.847, 0.33, 0.057, -0.177, -0.494, -0.786, 0.951, 10
1, 13, 1, -2.967, 2.781, -1.277, 0.354, -0.936, 1.505, -0.004, -0.418, -0.56, 0.725, 4
1, 13, 1, -4.052, 2.335, -0.415, 0.732, 0.234, 0.426, -0.49, -0.218, -0.618, 0.34, 8
1, 13, 1, -4.062, 2.358, -0.31, 1.895, 1.095, 0.049, -0.87, -0.524, -0.98, -0.065, 9
1, 14, 1, -3.369, 1.784, -0.603, 1.303, 0.007, -0.044, -0.459, -0.012, -0.591, 1.047, 2
1, 14, 1, -2.902, 2.988, -1.152, 0.057, -0.477, 0.622, 0.338, -0.368, -0.689, 0.793, 5
1, 14, 1, -2.643, 2.021, -1.265, 0.759, -0.442, 0.159, -0.032, -0.145, -0.164, 0.86, 3
1, 14, 1, -3.461, 0.04, 0.553, 1.854, 0.386, 0.568, -1.003, -0.638, -1.04, 1.051, 0
1, 14, 1, -3.952, 2.489, 0.287, 0.012, 0.141, 0.892, -0.087, 0.613, -0.685, -0.623, 8
1, 14, 1, -2.795, 1.957, -1.259, 0.79, -0.274, 0.078, -0.114, 0.005, -0.309, 1.142, 3
0, 0, 0, -2.852, 1.914, -0.755, 0.825, -1.588, 0.855, 0.217, -0.246, 0.238, -0.365, 5
0, 0, 0, -3.86, 2.116, -0.939, 0.688, -0.675, 1.679, -0.512, 0.928, -0.167, -0.434, 8
0, 0, 0, -3.653, 0.373, -0.6, 1.705, -0.222, 1.765, -0.353, 0.537, -0.797, -0.813, 0
0, 0, 0, -2.105, 1.035, -1.705, 0.231, -0.558, 1.554, -0.649, 0.71, -0.855, -0.151, 2
0, 0, 0, -3.635, 2.25, -0.394, 1.012, -1.693, 0.117, 0.665, 0.281, 0.343, -0.003, 6
0, 0, 0, -3.986, 2.325, 0.102, 1.633, -2.014, 0.576, -0.344, 1.003, 0.566, -0.245, 7
0, 0, 0, -2.724, 2.067, -1.142, 0.923, -1.157, 1.17, -0.276, 0.172, -0.008, -0.649, 4
0, 0, 0, -3.089, 2.339, -0.973, 0.463, -1.169, 0.543, 0.598, -0.45, -0.08, -0.039, 5
0, 0, 0, -3.684, 1.774, -1.728, 1.611, 0.1, 1.393, -0.193, 0.554, 0.245, -0.919, 9
0, 1, 0, -1.372, -0.03, -1.003, -0.388, -0.471, 1.141, 0.654, 0.823, 0.558, 0.043, 1
0, 1, 0, -1.976, 0.389, -0.947, -0.25, -0.065, 0.949, 0.127, 0.478, -0.323, -0.345, 2
0, 1, 0, -2.922, 1.516, -0.002, -0.353, -0.464, 1.184, 0.383, -0.175, -0.346, -0.033, 10
0, 1, 0, -4.944, 3.325, 0.015, 0.079, -0.593, 1.047, 0.337, 0.296, -0.453, 0.371, 9
0, 2, 0, -2.308, 2.023, -0.203, 1.493, -1.223, 0.379, -0.481, 1.403, -0.045, 0.402, 4
0, 2, 0, -2.227, 1.993, -0.156, 1.554, -1.19, 0.332, -0.548, 1.362, -0.013, 0.369, 4
0, 2, 0, -4.373, 2.463, -0.171, 1.501, -0.639, 0.292, 0.518, -0.114, 1.127, 0.332, 9
0, 2, 0, -2.562, 1.361, -0.94, 1.333, -1.047, 1.208, -0.316, 1.055, 0.354, -0.77, 10
0, 3, 0, -3.198, 1.373, 0.392, 0.423, -1.203, 0.656, -0.428, 0.994, 0.576, 0.865, 8
0, 3, 0, -2.531, 1.802, 0.739, 0.236, -1.169, -0.069, -0.349, 0.903, 0.123, -0.119, 4
0, 3, 0, -4.316, 1.147, 0.088, 0.593, -0.314, 1.316, -0.255, 0.761, 0.492, 0.133, 9
0, 3, 0, -2.507, 1.528, 0.852, 0.331, -1.231, -0.259, -0.265, 0.856, 0.07, 0.069, 4
0, 3, 0, -2.058, -0.61, -1.497, 0.696, 0.072, 1.802, 0.626, 1.303, -0.192, -0.538, 0
0, 3, 0, -3.482, 1.127, 0.899, 1.993, -1.385, -0.05, -1.273, 0.647, 0.844, 1.044, 7
0, 4, 1, -2.91, 0.918, -0.138, -0.382, 0.115, 0.29, 0.418, 0.757, -0.898, -0.189, 10
0, 4, 1, -2.445, 1.503, -0.677, -0.46, -0.14, -0.002, 1.014, 0.061, -0.599, 0.175, 5
0, 4, 1, -2.837, 0.528, 0.241, 1.629, 0.23, -0.545, -0.643, -0.231, -0.186, 0.45, 2
0, 5, 1, -2.515, 1.34, -0.84, 0.511, -0.492, 0.098, 0.047, -0.68, -0.283, 0.168, 3
0, 5, 1, -2.591, 1.809, -0.659, -0.016, -0.673, 0.588, 0.084, 0.182, -0.094, -0.372, 5
0, 5, 1, -3.354, 2.85, -0.887, 0.01, -0.551, 0.293, 0.901, 0.32, -0.302, -1.023, 6

