0, 5, 1, -2.75, 1.475, -0.848, 0.364, -0.275, 0.02, -0.003, -0.782, -0.291, 0.167, 3
0, 5, 1, -4.172, 3.188, -0.375, 1.028, -1.41, 0.008, 0.513, 0.635, 0.802, -0.28, 7
0, 5, 1, -4.885, 3.967, -0.948, 0.373, 0.255, -0.121, 0.43, -0.013, 0.018, -1.518, 9
0, 6, 1, -4.21, 3.289, -0.106, -1.247, -0.683, 0.539, 0.579, 0.832, -0.035, -0.764, 7
0, 6, 1, -4.964, 2.78, 0.474, 0.047, 0.417, -0.328, 0.334, 0.474, -1.26, -0.221, 9
0, 6, 1, -2.528, 1.288, -0.144, -0.171, -0.077, 0.26, -0.045, 0.681, -1.399, -0.066, 10
0, 6, 1, -1.926, 2.172, -0.571, 0.257, -0.159, -0.493, 0.27, -0.153, -0.673, -0.005, 3
0, 6, 1, -2.353, 2.897, -0.433, -0.193, -0.715, 0.359, 0.26, 0.273, -1.206, 0.36, 5
0, 6, 1, -4.045, 2.193, 0.2, -0.745, 0.215, 0.387, 0.625, 1.477, -1.207, -0.27, 8
0, 6, 1, -2.922, 2.621, 0.214, 0.122, -1.477, -0.173, 0.045, 1.38, -0.635, -0.757, 6
0, 6, 1, -4.417, 3.765, -1.225, -0.853, 0.041, 0.536, 0.885, 0.533, -0.757, -0.789, 7
0, 6, 1, -3.025, 2.711, -0.147, -0.034, -1.34, 0.049, 0.364, 1.099, -1.02, -0.652, 6
0, 6, 1, -2.907, 1.992, -0.904, 0.205, 0.011, 0.346, -0.031, -0.148, -1.262, 0.487, 10
0, 7, 1, -3.494, 1.207, -0.607, 0.242, -0.43, 0.131, 0.236, 0.545, -0.593, 0.678, 3
0, 7, 1, -4.468, 4.121, -0.42, -1.197, 0.338, 0.6, -0.11, 0.314, -1.248, -0.012, 8
0, 7, 1, -3.961, 1.078, 0.11, 1.232, 0.21, -0.67, -0.536, -0.33, -0.268, 1.098, 2
0, 7, 1, -3.434, 2.26, -1.065, -0.122, -0.795, 0.363, 1.403, -0.507, -0.375, 0.015, 4
0, 7, 1, -4.471, 4.461, -1.887, -0.799, 0.719, 0.938, 0.239, 0.342, -1.036, -0.06, 7
0, 7, 1, -5.04, 5.074, -1.721, -0.264, 0.279, 0.176, 0.003, -0.609, -0.177, 0.422, 9
1, 8, 0, -2.696, 3.129, -0.52, 0.294, -0.989, 0.019, -0.066, 1.106, 0.361, -0.396, 4
1, 8, 0, -4.848, 1.115, 0.932, 1.615, -0.589, 0.592, -0.446, -0.366, -0.447, 1.294, 9
1, 8, 0, -2.982, 0.522, -0.1, 0.362, -0.66, 1.115, -0.305, 0.859, 0.637, 0.344, 10
1, 8, 0, -3.989, 3.049, 0.304, 0.209, -1.26, -0.205, -0.735, 0.862, 0.551, 1.114, 7
1, 8, 0, -3.366, -0.826, -0.405, 1.643, 0.603, 1.226, 0.524, 0.293, -0.858, -0.668, 0
1, 8, 0, -3.312, -0.776, -0.504, 1.39, 0.86, 1.257, 0.222, 0.314, -0.715, -0.765, 0
1, 9, 0, -3.137, 0.077, -1.157, 1.589, 0.204, 1.898, 0.17, 0.676, -1.033, -0.635, 0
1, 9, 0, -2.823, 2.743, -2.012, 0.234, -0.919, 1.103, 0.091, -0.177, -0.143, -0.09, 4
1, 9, 0, -1.926, 0.689, -1.433, 0.716, -0.588, 0.269, -0.044, 0.716, -0.245, -0.285, 2
1, 10, 0, -4.066, 0.398, -0.382, 1.679, 0.121, 1.617, 0.504, -0.315, -0.226, -0.873, 0
1, 10, 0, -3.863, 3.245, -0.996, 0.486, -0.348, 0.19, 0.558, 1.342, 0.176, -0.318, 8
1, 10, 0, -2.464, 2.755, -0.975, -0.651, 0.158, 1.047, -0.145, 0.203, 0.246, -0.745, 5
1, 10, 0, -3.989, 3.582, -1.1, 0.374, -0.12, 0.291, 0.663, 0.96, 0.023, -0.477, 8
1, 10, 0, -4.602, 3.043, -0.959, 0.828, -0.298, 0.315, 0.423, 0.57, 0.387, -0.617, 9
1, 10, 0, -3.707, 1.486, -0.494, 0.402, 0.183, 0.186, 0.234, 1.029, -0.856, -0.408, 10
1, 10, 0, -2.615, 1.185, -1.162, 0.395, 0.459, 0.345, 0.298, 0.456, -0.62, -0.307, 2
1, 10, 0, -3.789, 1.42, -0.372, 0.568, 0.123, 0.185, 0.078, 1.006, -0.722, -0.391, 10
1, 10, 0, -4.083, 2.315, -0.375, 0.52, -0.019, -0.211, -0.172, 1.054, 0.387, 0.168, 8
1, 10, 0, -2.703, 2.066, 0.205, -0.63, -0.345, 1.229, 0.403, -0.032, 0.247, -0.696, 5
1, 11, 0, -2.101, 1.502, -0.322, -0.363, 0.026, 0.116, 0.162, -0.074, -0.106, -0.397, 3
1, 11, 0, -4.052, 3.747, -1.24, -0.299, -0.426, 0.917, 0.517, 0.716, -0.21, -0.125, 7
1, 11, 0, -2.904, 0.458, -0.656, 0.832, 0.61, 0.805, 0.568, 0.041, -0.114, -0.615, 1
1, 11, 0, -2.729, 1.595, -0.15, 0.167, 0.015, 0.377, 0.083, -0.038, 0.166, -0.672, 5
1, 11, 0, -4.142, 3.454, -0.653, 0.271, -0.598, 0.793, 0.563, 0.52, -0.118, -0.33, 8
1, 11, 0, -2.706, 2.07, -0.691, 0.31, -0.745, 0.266, -0.413, 0.602, 0.36, -0.713, 4
1, 12, 1, -3.415, -0.538, 0.241, 2.038, 0.622, 1.027, -0.701, -0.66, -0.418, 0.781, 0
1, 12, 1, -1.899, 2.135, 0.092, -0.11, -0.145, 0.081, -0.067, -0.104, -0.408, -0.099, 3
1, 12, 1, -2.898, 3.393, -0.409, -0.993, -0.587, 1.322, 0.24, 0.231, -1.068, -0.094, 6
1, 12, 1, -4.299, 2.775, 0.244, 0.177, -0.436, 0.261, -0.308, 1.175, -0.227, -1.115, 9
1, 12, 1, -2.708, 2.56, -0.439, 0.324, -0.348, 0.429, 0.091, -0.037, -0.434, 0.344, 5
1, 13, 1, -3.483, 2.628, -0.383, 0.838, 0.2, 0.102, -0.162, -0.547, -0.791, 1.018, 10
1, 13, 1, -4.689, 1.015, 1.312, 1.802, 0.313, -0.405, -0.663, 0.106, -0.325, 0.838, 0
1, 13, 1, -3.029, 1.747, -0.899, 0.674, -1.046, 0.558, 0.204, -0.155, -0.237, 0.655, 3
1, 13, 1, -2.926, 2.673, -1.242, 0.396, -1.029, 1.548, 0.05, -0.592, -0.331, 0.595, 4
1, 13, 1, -2.964, 1.154, -0.373, 1.511, -0.583, 0.152, -0.012, -0.949, -0.054, 1.16, 2
1, 13, 1, -3.492, 3.446, -1.734, 0.705, -0.23, 1.339, 0.092, -0.698, -1.143, -0.05, 6
1, 13, 1, -3.446, 2.44, -0.37, 0.926, 0.194, 0.141, -0.098, -0.557, -0.889, 0.985, 10
1, 13, 1, -3.99, 2.008, 0.503, 0.845, 0.774, -0.114, -0.641, -0.282, -0.734, 0.877, 1
1, 14, 1, -3.674, 1.513, 0.038, 1.604, 0.907, 1.045, -0.166, -0.295, -1.13, 0.594, 1
1, 14, 1, -2.634, 2.076, -1.32, 0.833, -0.547, 0.287, -0.173, -0.203, -0.001, 0.802, 3
1, 14, 1, -3.052, 3.059, -1.668, -0.208, 0.466, 0.724, -0.237, -0.175, -0.315, 0.411, 4
1, 14, 1, -3.584, 1.252, -0.062, 1.646, 0.787, 1.134, 0.096, -0.292, -1.133, 0.472, 1
1, 14, 1, -3.468, 1.81, -0.39, 1.55, -0.084, -0.008, -0.482, -0.231, -0.724, 0.967, 2
1, 14, 1, -3.239, 3.083, -1.427, -0.202, -0.282, 1.421, 0.576, 0.068, -0.914, 0.147, 6
1, 14, 1, -4.264, 2.925, 0.065, 0.794, 0.323, 0.515, -1.282, -0.14, -0.863, -0.39, 9
0, 0, 0, -3.237, 0.436, -0.86, 1.363, -0.251, 1.915, -0.395, 0.751, -0.774, -0.327, 1
0, 0, 0, -2.54, 2.144, -1.024, 0.933, -1.567, 1.024, 0.188, -0.047, 0.309, -0.633, 4
0, 0, 0, -3.687, 1.784, -1.593, 1.603, 0.123, 1.424, -0.225, 0.441, 0.206, -0.714, 9
0, 0, 0, -3.473, 2.178, -0.82, 0.706, -1.71, 0.779, 0.422, 0.351, 0.426, -0.267, 6
0, 0, 0, -4.238, 2.437, 0.036, 1.158, -2.127, 0.554, 0.12, 0.823, 0.565, -0.293, 7
0, 0, 0, -2.666, 1.516, -1.198, 0.741, -1.066, 1.24, -0.574, 0.965, -0.13, -0.711, 10
0, 1, 0, -1.709, 0.486, -0.953, -0.346, 0.02, 0.786, 0.145, 0.564, -0.229, -0.322, 2
0, 1, 0, -4.477, 0.246, 1.087, 1.108, 0.682, 1.057, 0.424, -0.264, -1.195, -0.52, 0
0, 1, 0, -1.978, 1.542, -1.487, -0.096, -0.025, 0.32, -0.063, 0.097, -0.073, -0.381, 3
0, 1, 0, -3.065, 3.139, -0.461, -0.221, -0.759, -0.045, 0.068, 0.274, 0.999, -0.331, 6
0, 1, 0, -3.058, 1.678, -0.351, -0.255, 0.038, 0.692, -0.173, 0.226, 0.202, -0.593, 10
0, 2, 0, -3.972, 2.279, -0.62, 0.954, -1.09, 0.719, 0.717, 0.3, 1.309, 0.171, 9
0, 2, 0, -2.155, 2.027, -0.393, 1.354, -1.045, 0.646, -0.246, 1.279, -0.396, 0.177, 5
0, 2, 0, -0.941, 0.539, -2.02, 0.314, -0.679, 1.897, 0.028, 1.504, -0.632, 0.111, 1
0, 2, 0, -2.624, 1.653, -0.156, 2.023, -1.052, 0.086, -0.752, 1.341, 0.196, 0.71, 6
0, 2, 0, -3.549, 1.905, -0.509, 1.963, -1.2, 0.847, -0.157, 0.842, 0.625, -0.586, 8
0, 2, 0, -1.384, -0.321, -2.266, 0.937, -0.289, 2.29, 0.463, 1.096, -1.436, -0.701, 0
0, 2, 0, -1.28, 0.798, -1.647, 0.968, -0.418, 1.609, -0.031, 1.224, -0.374, 0.044, 2
0, 2, 0, -1.824, 1.682, -0.669, 1.483, -1.036, 0.711, -0.249, 1.193, -0.274, 0.224, 5
0, 2, 0, -3.675, 3.132, -0.241, 1.587, -1.75, -0.222, 0.039, 1.052, 0.545, 0.233, 7
0, 3, 0, -1.764, 0.888, -1.001, 0.197, 0.3, 0.66, 0.159, 0.557, -0.301, -0.65, 2
0, 3, 0, -2.475, 1.498, 0.864, 0.397, -1.17, -0.234, -0.388, 0.825, 0.16, 0.057, 4
0, 3, 0, -2.933, 0.717, 0.829, 1.508, -0.517, 0.069, -1.163, 0.021, 0.866, 1.066, 6
0, 3, 0, -3.145, 0.863, 0.416, 0.699, -1.378, 0.892, 0.02, 0.89, 0.221, 0.834, 8
0, 3, 0, -1.933, 0.728, -1.015, 0.27, 0.199, 0.78, 0.192, 0.706, -0.446, -0.595, 2
0, 4, 1, -3.118, 0.356, 0.377, 1.447, 0.868, 0.407, -0.915, -0.546, -0.637, 0.169, 1
0, 4, 1, -3.128, 0.28, 0.955, 1.264, 0.753, 0.437, -0.841, -0.517, -0.473, 0.0, 1
0, 4, 1, -3.485, -0.86, 0.582, 1.501, 0.578, 1.48, -0.663, -0.602, -0.318, 0.575, 0
0, 4, 1, -2.939, 2.157, -0.451, -0.209, -0.88, 0.697, 0.823, -0.035, -0.744, -0.193, 4
0, 4, 1, -4.087, 2.555, 0.123, -0.151, 0.118, 0.474, 0.365, 0.495, -0.473, -0.886, 8
0, 4, 1, -3.278, 0.324, 1.047, 1.152, 0.725, 0.168, -0.839, -0.381, -0.687, 0.013, 1
0, 4, 1, -1.596, 0.885, -0.199, 0.199, -0.115, -0.474, 0.428, -0.113, -0.61, 0.131, 3
0, 4, 1, -3.003, 1.163, -0.45, 0.328, 0.097, 0.574, 0.427, -0.017, -1.146, -0.06, 5
0, 4, 1, -3.253, 1.025, -0.286, 0.713, -0.036, 0.539, 0.476, -0.116, -0.945, -0.108, 5
0, 5, 1, -4.228, 3.111, -0.38, 1.16, -1.188, -0.362, 0.516, 0.507, 0.669, -0.074, 7

