0.45, 0.4, 0.43, 0.22, 0.5, 0.0, 0.51, 0.48, NUC
0.55, 0.63, 0.54, 0.16, 0.5, 0.0, 0.45, 0.27, CYT
0.33, 0.35, 0.56, 0.19, 0.5, 0.0, 0.5, 0.22, NUC
0.51, 0.51, 0.56, 0.28, 0.5, 0.0, 0.54, 0.27, CYT
0.24, 0.41, 0.47, 0.16, 0.5, 0.0, 0.51, 0.38, NUC
0.51, 0.55, 0.56, 0.18, 0.5, 0.0, 0.5, 0.38, NUC
0.43, 0.48, 0.53, 0.18, 0.5, 0.0, 0.46, 0.22, NUC
0.36, 0.48, 0.5, 0.13, 0.5, 0.0, 0.49, 0.6, NUC
0.32, 0.49, 0.53, 0.28, 0.5, 0.0, 0.5, 0.5, NUC
0.38, 0.4, 0.59, 0.25, 0.5, 0.0, 0.44, 0.22, CYT
0.39, 0.39, 0.59, 0.25, 0.5, 0.0, 0.45, 0.22, CYT
0.34, 0.48, 0.47, 0.19, 0.5, 0.0, 0.5, 0.3, NUC
0.43, 0.22, 0.79, 0.79, 0.5, 0.0, 0.22, 0.0, CYT
0.35, 0.21, 1.0, 0.8, 0.5, 0.0, 0.13, 0.01, CYT
0.42, 0.49, 0.49, 0.36, 0.5, 0.0, 0.57, 0.26, MIT
0.47, 0.56, 0.46, 0.5, 0.5, 0.0, 0.51, 0.22, MIT
0.38, 0.5, 0.52, 0.44, 0.5, 0.0, 0.54, 0.11, CYT
0.53, 0.57, 0.6, 0.36, 0.5, 0.0, 0.5, 0.22, CYT
0.34, 0.25, 0.55, 0.28, 0.5, 0.0, 0.51, 0.49, CYT
0.52, 0.54, 0.47, 0.49, 0.5, 0.0, 0.54, 0.22, MIT
0.49, 0.38, 0.56, 0.09, 0.5, 0.0, 0.46, 0.22, CYT
0.46, 0.47, 0.44, 0.18, 1.0, 0.0, 0.46, 0.22, ME2
0.39, 0.3, 0.63, 0.2, 0.5, 0.0, 0.43, 0.47, CYT
0.52, 0.55, 0.39, 0.09, 1.0, 0.0, 0.55, 0.25, ME3
0.4, 0.49, 0.53, 0.23, 0.5, 0.0, 0.44, 0.26, NUC
0.32, 0.6, 0.48, 0.13, 0.5, 0.0, 0.53, 0.22, NUC
0.37, 0.55, 0.52, 0.13, 0.5, 0.0, 0.42, 0.8, CYT
0.52, 0.65, 0.36, 0.37, 0.5, 0.0, 0.52, 0.34, ME3
0.25, 0.35, 0.22, 0.18, 0.5, 0.0, 0.46, 0.22, ME3
0.51, 0.5, 0.54, 0.11, 0.5, 0.0, 0.6, 0.22, NUC
0.54, 0.6, 0.57, 0.17, 0.5, 0.0, 0.44, 0.22, NUC
0.52, 0.47, 0.58, 0.18, 0.5, 0.0, 0.34, 0.11, CYT
0.5, 0.45, 0.51, 0.19, 0.5, 0.0, 0.53, 0.25, CYT
0.38, 0.58, 0.46, 0.21, 0.5, 0.0, 0.52, 0.22, NUC
0.52, 0.45, 0.45, 0.13, 0.5, 0.0, 0.48, 0.22, NUC
0.37, 0.48, 0.67, 0.37, 0.5, 0.0, 0.56, 0.62, NUC
0.25, 0.33, 0.48, 0.18, 0.5, 0.0, 0.42, 0.33, NUC
0.53, 0.48, 0.51, 0.18, 0.5, 0.0, 0.51, 0.27, CYT
0.44, 0.39, 0.63, 0.11, 0.5, 0.0, 0.49, 0.26, NUC
0.41, 0.42, 0.23, 0.16, 0.5, 0.0, 0.4, 0.22, ME3
0.32, 0.36, 0.28, 0.38, 0.5, 0.0, 0.5, 0.4, ME3
0.4, 0.65, 0.38, 0.17, 0.5, 0.0, 0.57, 0.22, ME3
0.38, 0.34, 0.55, 0.44, 0.5, 0.0, 0.48, 0.26, CYT
0.47, 0.47, 0.5, 0.19, 0.5, 0.0, 0.51, 0.26, NUC
0.63, 0.43, 0.48, 0.11, 0.5, 0.0, 0.51, 0.22, CYT
0.28, 0.27, 0.5, 0.14, 0.5, 0.0, 0.5, 0.28, CYT
0.44, 0.55, 0.51, 0.16, 0.5, 0.0, 0.6, 0.22, CYT
0.39, 0.45, 0.75, 0.17, 0.5, 0.0, 0.51, 0.22, CYT
0.57, 0.36, 0.51, 0.25, 0.5, 0.0, 0.54, 0.25, CYT
0.53, 0.44, 0.54, 0.52, 0.5, 0.0, 0.49, 0.38, NUC
0.36, 0.51, 0.51, 0.17, 0.5, 0.0, 0.52, 0.22, VAC
0.5, 0.55, 0.52, 0.16, 0.5, 0.0, 0.51, 0.31, CYT
0.41, 0.48, 0.51, 0.2, 0.5, 0.0, 0.51, 0.22, CYT
0.56, 0.68, 0.42, 0.36, 0.5, 0.0, 0.49, 0.22, CYT
0.5, 0.4, 0.57, 0.17, 0.5, 0.0, 0.59, 0.22, CYT
0.35, 0.32, 0.31, 0.16, 0.5, 0.0, 0.56, 0.22, ME3
0.69, 0.57, 0.39, 0.19, 0.5, 0.0, 0.48, 0.39, ME2
0.51, 0.38, 0.42, 0.21, 0.5, 0.0, 0.46, 0.34, ME3
0.42, 0.71, 0.45, 0.15, 0.5, 0.0, 0.48, 0.22, ME3
0.85, 0.85, 0.3, 0.31, 0.5, 0.0, 0.55, 0.42, ME1
0.25, 0.4, 0.52, 0.15, 0.5, 0.0, 0.56, 0.28, NUC
0.71, 0.5, 0.5, 0.18, 0.5, 0.0, 0.46, 0.22, CYT
0.59, 0.45, 0.53, 0.19, 0.5, 0.0, 0.59, 0.27, CYT
0.48, 0.42, 0.52, 0.24, 0.5, 0.0, 0.56, 0.22, CYT
0.41, 0.39, 0.44, 0.34, 0.5, 0.0, 0.48, 0.4, NUC
0.62, 0.58, 0.46, 0.13, 0.5, 0.0, 0.53, 0.22, CYT
0.49, 0.37, 0.59, 0.17, 0.5, 0.0, 0.51, 0.22, NUC
0.48, 0.43, 0.45, 0.17, 0.5, 0.0, 0.48, 0.37, ME3
0.33, 0.38, 0.53, 0.26, 0.5, 0.0, 0.52, 0.27, NUC
0.72, 0.56, 0.4, 0.26, 0.5, 0.0, 0.51, 0.26, ME2
0.5, 0.56, 0.49, 0.61, 0.5, 0.0, 0.5, 0.22, MIT
0.42, 0.28, 0.51, 0.23, 0.5, 0.0, 0.53, 0.27, NUC
0.39, 0.44, 0.54, 0.24, 0.5, 0.0, 0.51, 0.49, NUC
0.41, 0.41, 0.43, 0.61, 0.5, 0.0, 0.53, 0.22, MIT
0.38, 0.38, 0.54, 0.24, 0.5, 0.0, 0.54, 0.22, NUC
0.85, 0.66, 0.49, 0.18, 0.5, 0.0, 0.51, 0.22, ME1
0.3, 0.33, 0.55, 0.12, 0.5, 0.0, 0.53, 0.38, CYT
0.33, 0.42, 0.55, 0.23, 0.5, 0.0, 0.52, 0.43, NUC
0.4, 0.43, 0.36, 0.33, 0.5, 0.0, 0.51, 0.22, ME3
0.37, 0.4, 0.38, 0.18, 0.5, 0.0, 0.51, 0.22, ME3
0.54, 0.43, 0.48, 0.27, 0.5, 0.0, 0.44, 0.41, CYT
0.29, 0.26, 0.43, 0.17, 0.5, 0.0, 0.55, 0.3, ME3
0.82, 0.63, 0.47, 0.18, 0.5, 0.0, 0.5, 0.22, POX
0.4, 0.39, 0.6, 0.15, 0.5, 0.0, 0.58, 0.3, CYT
0.51, 0.51, 0.52, 0.51, 0.5, 0.0, 0.54, 0.22, MIT
0.79, 0.57, 0.41, 0.28, 0.5, 0.0, 0.59, 0.22, ME2
0.47, 0.39, 0.59, 0.15, 0.5, 0.0, 0.57, 0.22, CYT
0.46, 0.49, 0.58, 0.23, 0.5, 0.0, 0.44, 0.22, MIT
0.44, 0.52, 0.41, 0.23, 0.5, 0.0, 0.51, 0.22, NUC
0.3, 0.32, 0.57, 0.19, 0.5, 0.0, 0.48, 0.55, NUC
0.59, 0.67, 0.56, 0.41, 0.5, 0.0, 0.47, 0.22, MIT
0.4, 0.38, 0.53, 0.16, 0.5, 0.0, 0.52, 0.27, NUC
0.28, 0.37, 0.61, 0.09, 0.5, 0.0, 0.52, 0.55, NUC
0.66, 0.45, 0.5, 0.23, 0.5, 0.0, 0.49, 0.22, CYT
0.37, 0.42, 0.51, 0.11, 0.5, 0.0, 0.57, 0.22, CYT
0.61, 0.72, 0.31, 0.33, 0.5, 0.0, 0.56, 0.22, MIT
0.72, 0.61, 0.37, 0.3, 0.5, 0.0, 0.57, 0.22, MIT
0.5, 0.4, 0.56, 0.7, 0.5, 0.0, 0.5, 0.22, MIT
0.7, 0.65, 0.54, 0.28, 0.5, 0.0, 0.6, 0.4, VAC
0.45, 0.27, 0.57, 0.36, 0.5, 0.0, 0.52, 0.18, CYT
0.55, 0.46, 0.46, 0.31, 0.5, 0.0, 0.58, 0.48, NUC
0.77, 0.87, 0.47, 0.37, 0.5, 0.0, 0.48, 0.22, EXC
0.35, 0.56, 0.36, 0.3, 0.5, 0.0, 0.53, 0.25, ME3
0.84, 0.66, 0.36, 0.78, 0.5, 0.0, 0.49, 0.5, ME1
0.37, 0.43, 0.62, 0.27, 0.5, 0.0, 0.48, 0.22, NUC
0.59, 0.65, 0.52, 0.3, 0.5, 0.0, 0.46, 0.31, CYT
0.37, 0.33, 0.5, 0.12, 0.5, 0.0, 0.51, 0.54, CYT
0.6, 0.4, 0.59, 0.18, 0.5, 0.0, 0.48, 0.22, CYT
0.52, 0.51, 0.51, 0.12, 0.5, 0.0, 0.51, 0.4, CYT
0.44, 0.42, 0.62, 0.14, 0.5, 0.0, 0.55, 0.37, NUC
0.61, 0.57, 0.45, 0.21, 0.5, 0.0, 0.5, 0.42, NUC
0.61, 0.54, 0.49, 0.16, 0.5, 0.0, 0.54, 0.42, CYT
0.43, 0.45, 0.37, 0.12, 0.5, 0.0, 0.48, 0.22, ME3
0.45, 0.57, 0.3, 0.17, 0.5, 0.0, 0.51, 0.22, ME3
0.52, 0.5, 0.53, 0.1, 0.5, 0.0, 0.48, 0.22, POX
0.51, 0.52, 0.48, 0.5, 0.5, 0.0, 0.51, 0.22, MIT
0.45, 0.59, 0.53, 0.74, 0.5, 0.0, 0.47, 0.25, MIT
0.67, 0.51, 0.53, 0.28, 0.5, 0.0, 0.51, 0.22, MIT
0.45, 0.38, 0.59, 0.18, 0.5, 0.0, 0.44, 0.45, NUC
0.58, 0.55, 0.52, 0.22, 0.5, 0.0, 0.44, 0.22, MIT
0.46, 0.41, 0.5, 0.44, 0.5, 0.0, 0.53, 0.22, MIT
0.85, 0.56, 0.33, 0.38, 1.0, 0.0, 0.55, 0.25, ERL
0.84, 0.63, 0.38, 0.23, 0.5, 0.0, 0.53, 0.22, EXC
0.39, 0.37, 0.56, 0.15, 0.5, 0.0, 0.5, 0.27, CYT
0.39, 0.37, 0.33, 0.23, 0.5, 0.0, 0.52, 0.26, ME3
0.58, 0.49, 0.5, 0.41, 0.5, 0.0, 0.57, 0.22, MIT
0.57, 0.44, 0.42, 0.2, 0.5, 0.0, 0.54, 0.22, CYT
0.74, 0.56, 0.35, 0.36, 0.5, 0.0, 0.51, 0.25, ME2
0.45, 0.38, 0.64, 0.14, 0.5, 0.0, 0.54, 0.22, MIT
0.65, 0.53, 0.55, 0.52, 0.5, 0.0, 0.47, 0.27, MIT
0.61, 0.46, 0.51, 0.37, 0.5, 0.0, 0.51, 0.22, MIT
0.76, 0.76, 0.35, 0.27, 0.5, 0.0, 0.44, 0.22, ME1
0.43, 0.32, 0.5, 0.29, 0.5, 0.0, 0.5, 0.22, MIT
0.52, 0.38, 0.62, 0.12, 0.5, 0.0, 0.41, 0.28, NUC
0.41, 0.59, 0.46, 0.19, 0.5, 0.0, 0.36, 0.22, EXC
0.49, 0.6, 0.55, 0.17, 0.5, 0.0, 0.44, 0.22, CYT
0.37, 0.41, 0.45, 0.14, 0.5, 0.0, 0.47, 0.22, CYT
0.39, 0.34, 0.68, 0.3, 0.5, 0.0, 0.5, 0.29, NUC
0.11, 0.41, 0.67, 0.13, 0.5, 0.0, 0.45, 0.29, NUC
0.4, 0.53, 0.44, 0.18, 0.5, 0.0, 0.54, 0.31, NUC
0.9, 0.54, 0.59, 0.2, 0.5, 0.0, 0.48, 0.22, NUC
0.41, 0.49, 0.58, 0.22, 0.5, 0.0, 0.52, 0.22, MIT
0.64, 0.52, 0.5, 0.26, 0.5, 0.0, 0.51, 0.31, NUC
0.6, 0.54, 0.54, 0.53, 0.5, 0.0, 0.52, 0.27, MIT
0.51, 0.46, 0.49, 0.21, 0.5, 0.0, 0.55, 0.22, VAC
0.5, 0.32, 0.49, 0.49, 0.5, 0.0, 0.48, 0.32, MIT
0.48, 0.52, 0.49, 0.35, 0.5, 0.5, 0.51, 0.22, MIT
0.57, 0.49, 0.5, 0.2, 0.5, 0.0, 0.51, 0.28, CYT
0.41, 0.48, 0.54, 0.24, 0.5, 0.0, 0.37, 0.51, NUC

