0.48, 0.46, 0.58, 0.26, 0.5, 0.0, 0.44, 0.22, NUC
0.74, 0.71, 0.52, 0.3, 0.5, 0.0, 0.27, 0.22, EXC
0.47, 0.61, 0.5, 0.23, 0.5, 0.0, 0.49, 0.22, ME3
0.49, 0.6, 0.3, 0.34, 0.5, 0.0, 0.5, 0.43, ME3
0.68, 0.39, 0.5, 0.15, 0.5, 0.0, 0.48, 0.37, NUC
0.62, 0.41, 0.52, 0.17, 0.5, 0.0, 0.48, 0.22, NUC
0.34, 0.35, 0.58, 0.2, 0.5, 0.0, 0.46, 0.32, NUC
0.46, 0.43, 0.5, 0.24, 0.5, 0.0, 0.48, 0.31, CYT
0.49, 0.45, 0.54, 0.4, 0.5, 0.0, 0.55, 0.22, MIT
0.51, 0.61, 0.5, 0.23, 0.5, 0.0, 0.52, 0.61, NUC
0.4, 0.66, 0.34, 0.21, 0.5, 0.0, 0.52, 0.26, NUC
0.61, 0.38, 0.57, 0.36, 0.5, 0.0, 0.44, 0.21, CYT
0.43, 0.33, 0.54, 0.37, 0.5, 0.0, 0.38, 0.16, CYT
0.72, 0.51, 0.52, 0.08, 0.5, 0.0, 0.54, 0.22, NUC
0.35, 0.41, 0.53, 0.27, 0.5, 0.0, 0.47, 0.29, NUC
0.48, 0.45, 0.63, 0.19, 0.5, 0.0, 0.58, 0.22, NUC
0.37, 0.45, 0.53, 0.14, 0.5, 0.0, 0.49, 0.22, NUC
0.29, 0.4, 0.5, 0.16, 0.5, 0.0, 0.51, 0.34, NUC
0.57, 0.43, 0.52, 0.3, 0.5, 0.0, 0.37, 0.11, CYT
0.57, 0.43, 0.52, 0.3, 0.5, 0.0, 0.37, 0.11, CYT
0.63, 0.64, 0.45, 0.26, 0.5, 0.0, 0.43, 0.22, CYT
0.38, 0.43, 0.53, 0.22, 0.5, 0.0, 0.48, 0.11, CYT
0.34, 0.34, 0.65, 0.4, 0.5, 0.0, 0.32, 0.16, CYT
0.35, 0.39, 0.56, 0.2, 0.5, 0.0, 0.49, 0.41, CYT
0.44, 0.62, 0.53, 0.27, 0.5, 0.0, 0.49, 0.22, NUC
0.56, 0.61, 0.52, 0.19, 0.5, 0.0, 0.52, 0.32, NUC
0.53, 0.51, 0.55, 0.57, 0.5, 0.0, 0.46, 0.22, MIT
0.34, 0.46, 0.52, 0.19, 0.5, 0.0, 0.53, 0.26, CYT
0.58, 0.56, 0.46, 0.14, 0.5, 0.0, 0.51, 0.22, CYT
0.37, 0.42, 0.46, 0.15, 0.5, 0.0, 0.51, 0.31, ME2
0.48, 0.5, 0.47, 0.29, 0.5, 0.0, 0.46, 0.27, NUC
0.42, 0.28, 0.49, 0.22, 0.5, 0.0, 0.55, 0.34, NUC
0.37, 0.47, 0.49, 0.12, 0.5, 0.0, 0.47, 0.31, NUC
0.19, 0.16, 0.68, 0.36, 0.5, 0.0, 0.49, 0.21, NUC
0.4, 0.75, 0.44, 0.12, 0.5, 0.0, 0.49, 0.22, NUC
0.66, 0.43, 0.57, 0.6, 0.5, 0.0, 0.19, 0.33, NUC
0.45, 0.57, 0.38, 0.28, 0.5, 0.0, 0.53, 0.31, ME3
0.32, 0.68, 0.51, 0.16, 0.5, 0.83, 0.55, 0.22, POX
0.3, 0.45, 0.55, 0.19, 0.5, 0.0, 0.53, 0.4, CYT
0.66, 0.65, 0.53, 0.17, 0.5, 0.0, 0.47, 0.66, NUC
0.33, 0.37, 0.49, 0.22, 0.5, 0.0, 0.55, 0.22, CYT
0.51, 0.59, 0.55, 0.21, 0.5, 0.0, 0.52, 0.22, CYT
0.78, 0.73, 0.27, 0.28, 0.5, 0.0, 0.56, 0.22, ME1
0.31, 0.4, 0.31, 0.17, 0.5, 0.0, 0.52, 0.22, ME3
0.5, 0.45, 0.52, 0.18, 0.5, 0.0, 0.52, 0.22, CYT
0.39, 0.47, 0.49, 0.2, 0.5, 0.0, 0.53, 0.26, CYT
0.57, 0.35, 0.5, 0.43, 0.5, 0.0, 0.53, 0.22, CYT
0.61, 0.52, 0.5, 0.44, 0.5, 0.0, 0.53, 0.22, CYT
0.45, 0.4, 0.56, 0.15, 0.5, 0.0, 0.52, 0.22, NUC
0.33, 0.36, 0.62, 0.26, 0.5, 0.0, 0.55, 0.22, CYT
0.57, 0.29, 0.63, 0.22, 0.5, 0.0, 0.49, 0.27, NUC
0.59, 0.64, 0.44, 0.26, 0.5, 0.0, 0.5, 0.22, CYT
0.52, 0.51, 0.48, 0.12, 0.5, 0.0, 0.54, 0.31, CYT
0.42, 0.51, 0.33, 0.16, 0.5, 0.0, 0.54, 0.22, ME3
0.48, 0.58, 0.58, 0.12, 0.5, 0.0, 0.49, 0.22, VAC
0.48, 0.49, 0.49, 0.26, 0.5, 0.0, 0.39, 0.27, VAC
0.49, 0.53, 0.36, 0.15, 0.5, 0.0, 0.52, 0.27, ME3
0.59, 0.56, 0.5, 0.48, 0.5, 0.0, 0.46, 0.22, MIT
0.64, 0.44, 0.56, 0.15, 0.5, 0.0, 0.56, 0.22, CYT
0.8, 0.73, 0.47, 0.19, 0.5, 0.0, 0.49, 0.22, ME1
0.6, 0.68, 0.3, 0.27, 0.5, 0.0, 0.55, 0.22, ME3
0.52, 0.46, 0.34, 0.2, 0.5, 0.0, 0.51, 0.25, ME3
0.36, 0.48, 0.61, 0.26, 0.5, 0.0, 0.5, 0.16, NUC
0.41, 0.25, 0.59, 0.44, 0.5, 0.0, 0.6, 0.69, NUC
0.57, 0.59, 0.49, 0.86, 0.5, 0.0, 0.47, 0.22, NUC
0.32, 0.29, 0.29, 0.08, 0.5, 0.0, 0.52, 0.22, ME3
0.61, 0.48, 0.54, 0.25, 0.5, 0.0, 0.5, 0.22, CYT
0.43, 0.4, 0.6, 0.16, 0.5, 0.0, 0.53, 0.39, NUC
0.38, 0.37, 0.56, 0.21, 0.5, 0.0, 0.49, 0.22, NUC
0.29, 0.43, 0.4, 0.15, 0.5, 0.0, 0.53, 0.22, ME3
0.66, 0.62, 0.52, 0.17, 0.5, 0.0, 0.49, 0.22, CYT
0.52, 0.48, 0.58, 0.55, 0.5, 0.0, 0.48, 0.22, CYT
0.83, 0.53, 0.52, 0.2, 0.5, 0.0, 0.48, 0.25, ME2
0.33, 0.37, 0.54, 0.28, 0.5, 0.0, 0.53, 0.27, NUC
0.53, 0.42, 0.58, 0.29, 0.5, 0.0, 0.5, 0.22, MIT
0.37, 0.51, 0.57, 0.4, 0.5, 0.0, 0.48, 0.27, MIT
0.38, 0.62, 0.52, 0.14, 0.5, 0.0, 0.53, 0.22, CYT
0.42, 0.65, 0.58, 0.34, 0.5, 0.0, 0.5, 0.22, MIT
0.45, 0.45, 0.51, 0.3, 0.5, 0.0, 0.48, 0.44, CYT
0.56, 0.46, 0.51, 0.25, 0.5, 0.0, 0.54, 0.22, CYT
0.4, 0.43, 0.49, 0.17, 0.5, 0.0, 0.51, 0.36, NUC
0.5, 0.34, 0.55, 0.21, 0.5, 0.0, 0.49, 0.22, NUC
0.43, 0.44, 0.48, 0.22, 0.5, 0.0, 0.51, 0.22, CYT
0.63, 0.67, 0.57, 0.24, 0.5, 0.0, 0.49, 0.22, MIT
0.59, 0.53, 0.43, 0.44, 0.5, 0.0, 0.5, 0.22, MIT
0.86, 0.68, 0.39, 0.24, 0.5, 0.0, 0.54, 0.22, ME2
0.41, 0.54, 0.39, 0.2, 0.5, 0.0, 0.51, 0.22, ME3
0.6, 0.5, 0.44, 0.61, 0.5, 0.0, 0.47, 0.22, MIT
0.4, 0.45, 0.56, 0.2, 0.5, 0.0, 0.45, 0.22, CYT
0.38, 0.5, 0.37, 0.26, 0.5, 0.0, 0.43, 0.22, ME3
0.69, 0.7, 0.52, 0.36, 0.5, 0.0, 0.46, 0.22, EXC
0.47, 0.39, 0.55, 0.24, 0.5, 0.0, 0.47, 0.22, CYT
0.35, 0.52, 0.48, 0.22, 0.5, 0.0, 0.26, 0.22, MIT
0.35, 0.58, 0.54, 0.16, 0.5, 0.0, 0.51, 0.22, NUC
0.47, 0.32, 0.64, 0.3, 0.5, 0.0, 0.63, 0.22, NUC
0.67, 0.71, 0.52, 0.65, 0.5, 0.0, 0.53, 0.36, NUC
0.49, 0.47, 0.53, 0.16, 0.5, 0.0, 0.48, 0.27, NUC
0.71, 0.59, 0.48, 0.43, 0.5, 0.0, 0.59, 0.22, MIT
0.21, 0.41, 0.55, 0.11, 0.5, 0.0, 0.5, 0.27, CYT
0.24, 0.34, 0.69, 0.18, 0.5, 0.0, 0.52, 0.22, CYT
0.31, 0.55, 0.52, 0.17, 0.5, 0.0, 0.52, 0.22, CYT
0.32, 0.42, 0.52, 0.24, 0.5, 0.0, 0.6, 0.22, CYT
0.63, 0.56, 0.45, 0.58, 0.5, 0.0, 0.51, 0.22, MIT
0.55, 0.45, 0.45, 0.54, 0.5, 0.0, 0.5, 0.22, MIT
0.52, 0.4, 0.6, 0.12, 0.5, 0.0, 0.55, 0.22, CYT
0.56, 0.41, 0.58, 0.21, 0.5, 0.0, 0.42, 0.22, CYT
0.34, 0.36, 0.54, 0.11, 0.5, 0.0, 0.36, 0.21, NUC
0.42, 0.57, 0.72, 0.22, 0.5, 0.0, 0.57, 0.22, MIT
0.27, 0.39, 0.66, 0.11, 0.5, 0.0, 0.44, 0.22, MIT
0.78, 0.7, 0.32, 0.23, 0.5, 0.0, 0.53, 0.22, ME1
0.52, 0.75, 0.37, 0.14, 0.5, 0.0, 0.46, 0.22, ME3
0.77, 0.8, 0.51, 0.4, 1.0, 0.0, 0.54, 0.22, ERL
0.57, 0.61, 0.45, 0.26, 0.5, 0.0, 0.5, 0.22, CYT
0.46, 0.35, 0.33, 0.17, 0.5, 0.0, 0.55, 0.22, ME3
0.74, 0.72, 0.47, 0.25, 0.5, 0.0, 0.57, 0.22, ME1
0.51, 0.58, 0.54, 0.29, 0.5, 0.0, 0.53, 0.22, CYT
0.35, 0.68, 0.57, 0.4, 0.5, 0.0, 0.53, 0.36, NUC
0.49, 0.42, 0.54, 0.17, 0.5, 0.0, 0.5, 0.36, CYT
0.3, 0.5, 0.47, 0.11, 0.5, 0.0, 0.46, 0.22, CYT
0.47, 0.45, 0.53, 0.62, 0.5, 0.0, 0.46, 0.22, MIT
0.55, 0.53, 0.56, 0.29, 0.5, 0.0, 0.48, 0.22, MIT
0.32, 0.34, 0.61, 0.17, 0.5, 0.0, 0.52, 0.32, NUC
0.41, 0.43, 0.5, 0.28, 0.5, 0.0, 0.5, 0.22, CYT
0.49, 0.4, 0.34, 0.26, 0.5, 0.0, 0.5, 0.22, ME3
0.51, 0.43, 0.63, 0.18, 0.5, 0.0, 0.52, 0.22, CYT
0.55, 0.49, 0.5, 0.46, 0.5, 0.0, 0.52, 0.25, MIT
0.68, 0.5, 0.43, 0.27, 0.5, 0.0, 0.61, 0.22, ME2
0.42, 0.25, 0.6, 0.14, 0.5, 0.0, 0.45, 0.22, CYT
0.42, 0.32, 0.48, 0.16, 0.5, 0.0, 0.55, 0.22, VAC
0.36, 0.34, 0.46, 0.19, 0.5, 0.0, 0.52, 0.22, ME2
0.47, 0.54, 0.54, 0.48, 0.5, 0.0, 0.53, 0.26, MIT
0.53, 0.48, 0.45, 0.44, 0.5, 0.0, 0.49, 0.27, MIT
0.68, 0.68, 0.49, 0.15, 0.5, 0.0, 0.53, 0.22, EXC
0.59, 0.57, 0.43, 0.26, 0.5, 0.0, 0.51, 0.22, MIT
0.39, 0.3, 0.56, 0.12, 0.5, 0.0, 0.53, 0.38, NUC
0.52, 0.5, 0.59, 0.31, 0.5, 0.0, 0.5, 0.22, MIT
0.41, 0.52, 0.53, 0.41, 0.5, 0.0, 0.39, 0.33, MIT
0.51, 0.6, 0.51, 0.26, 0.5, 0.0, 0.54, 0.22, NUC
0.41, 0.47, 0.58, 0.62, 0.5, 0.0, 0.5, 0.22, MIT
0.44, 0.41, 0.29, 0.21, 0.5, 0.0, 0.49, 0.22, ME3
0.42, 0.28, 0.57, 0.18, 0.5, 0.0, 0.42, 0.22, NUC
0.59, 0.58, 0.39, 0.52, 0.5, 0.0, 0.5, 0.31, CYT
0.47, 0.59, 0.37, 0.31, 0.5, 0.0, 0.51, 0.36, NUC
0.88, 0.59, 0.54, 0.39, 0.5, 0.0, 0.41, 0.3, NUC
0.76, 0.67, 0.37, 0.22, 0.5, 0.0, 0.54, 0.22, ME2
0.49, 0.27, 0.57, 0.18, 0.5, 0.83, 0.54, 0.22, POX
0.37, 0.42, 0.6, 0.13, 0.5, 0.0, 0.51, 0.22, NUC
0.45, 0.58, 0.59, 0.44, 0.5, 0.0, 0.56, 0.22, MIT
0.62, 0.43, 0.49, 0.29, 0.5, 0.0, 0.5, 0.27, CYT

