104, 50, 106, 209, 66, 10, 207, 32, 23, 158, 223, 635, 220, 73, 14, 9, 188, 196, saab
97, 43, 73, 173, 65, 6, 153, 42, 19, 143, 176, 361, 172, 66, 13, 1, 200, 204, bus
90, 43, 66, 157, 65, 9, 137, 48, 18, 146, 162, 281, 164, 67, 3, 3, 193, 202, van
99, 53, 105, 219, 66, 11, 204, 32, 23, 165, 221, 623, 224, 68, 0, 6, 191, 201, saab
106, 53, 98, 176, 54, 10, 216, 31, 24, 171, 235, 691, 218, 74, 1, 9, 187, 197, saab
93, 37, 76, 183, 63, 8, 164, 40, 20, 134, 191, 405, 139, 67, 4, 7, 192, 197, saab
94, 36, 66, 151, 61, 8, 133, 50, 18, 135, 154, 265, 119, 62, 9, 3, 201, 208, van
97, 44, 96, 195, 63, 9, 185, 36, 22, 144, 202, 512, 165, 66, 4, 8, 191, 199, saab
81, 43, 68, 125, 57, 8, 149, 46, 19, 146, 169, 323, 172, 83, 6, 18, 179, 184, bus
97, 59, 108, 227, 70, 11, 224, 30, 25, 186, 225, 732, 218, 70, 10, 25, 186, 198, opel
89, 40, 76, 188, 76, 7, 150, 44, 19, 136, 174, 342, 148, 72, 3, 8, 193, 197, bus
84, 45, 66, 154, 65, 6, 145, 46, 19, 144, 168, 312, 177, 73, 2, 3, 184, 188, bus
94, 42, 68, 150, 64, 7, 128, 52, 18, 143, 154, 246, 159, 69, 14, 5, 192, 196, van
92, 38, 60, 130, 62, 5, 114, 58, 17, 132, 135, 194, 137, 72, 14, 5, 190, 194, van
89, 40, 77, 159, 65, 9, 144, 46, 19, 141, 168, 314, 143, 70, 0, 5, 190, 200, van
109, 53, 109, 221, 69, 12, 221, 31, 25, 169, 226, 712, 212, 72, 13, 28, 188, 201, saab
86, 36, 77, 165, 60, 7, 150, 45, 19, 128, 174, 331, 131, 66, 0, 32, 196, 203, saab
98, 39, 68, 121, 49, 7, 134, 51, 18, 142, 164, 261, 134, 75, 4, 1, 186, 186, van
91, 42, 80, 162, 66, 8, 148, 44, 19, 145, 171, 331, 147, 70, 3, 5, 189, 199, van
98, 54, 104, 186, 59, 10, 213, 32, 24, 172, 223, 665, 217, 73, 1, 26, 186, 195, opel
94, 45, 81, 166, 67, 9, 145, 46, 19, 147, 164, 313, 179, 66, 11, 14, 194, 202, van
111, 54, 103, 171, 50, 11, 221, 30, 25, 172, 227, 727, 201, 69, 15, 6, 190, 198, opel
86, 37, 69, 150, 63, 8, 138, 48, 18, 134, 163, 284, 124, 71, 1, 6, 189, 195, van
83, 44, 68, 144, 61, 8, 147, 45, 19, 143, 170, 325, 180, 74, 1, 1, 185, 191, bus
88, 44, 85, 139, 56, 11, 157, 43, 20, 155, 176, 363, 175, 76, 5, 16, 184, 195, van
100, 55, 101, 189, 57, 10, 222, 30, 25, 177, 225, 731, 211, 71, 7, 17, 188, 197, opel
89, 36, 77, 172, 62, 8, 157, 42, 19, 125, 174, 367, 126, 63, 5, 22, 198, 205, opel
85, 42, 59, 132, 58, 7, 149, 46, 19, 144, 166, 320, 172, 83, 8, 4, 179, 182, bus
103, 55, 103, 211, 65, 11, 212, 31, 24, 165, 229, 673, 249, 72, 5, 16, 188, 196, opel
83, 37, 54, 118, 55, 4, 129, 52, 18, 127, 146, 245, 140, 81, 4, 13, 180, 184, saab
86, 46, 73, 125, 57, 6, 151, 45, 19, 147, 170, 334, 188, 82, 9, 11, 180, 184, bus
89, 46, 77, 125, 52, 10, 156, 44, 20, 160, 171, 351, 177, 78, 7, 17, 183, 191, van
89, 45, 81, 246, 102, 43, 155, 44, 20, 160, 200, 347, 177, 90, 9, 17, 183, 192, van
94, 37, 72, 193, 72, 6, 158, 41, 19, 133, 184, 385, 127, 70, 0, 14, 200, 204, bus
86, 45, 73, 152, 63, 6, 149, 44, 19, 145, 170, 335, 176, 71, 6, 1, 189, 196, bus
109, 48, 107, 215, 62, 10, 205, 32, 23, 158, 222, 624, 168, 65, 9, 32, 195, 206, opel
90, 42, 63, 126, 55, 7, 152, 45, 19, 142, 173, 336, 173, 81, 0, 15, 180, 184, bus
87, 43, 65, 127, 56, 8, 149, 46, 19, 143, 169, 322, 171, 85, 6, 3, 180, 182, bus
102, 54, 101, 190, 58, 10, 222, 30, 25, 171, 224, 728, 203, 71, 13, 6, 189, 198, opel
97, 46, 101, 210, 66, 8, 192, 35, 22, 151, 208, 546, 169, 66, 1, 32, 191, 200, opel
95, 47, 81, 176, 59, 7, 168, 39, 20, 152, 196, 425, 185, 67, 4, 4, 191, 198, saab
99, 43, 89, 195, 63, 8, 186, 35, 22, 144, 210, 521, 166, 68, 6, 13, 191, 199, saab
90, 47, 85, 145, 58, 9, 152, 44, 19, 155, 175, 345, 184, 73, 4, 2, 186, 197, van
94, 47, 85, 333, 138, 49, 155, 43, 19, 155, 320, 354, 187, 135, 12, 9, 188, 196, van
97, 37, 76, 169, 60, 8, 161, 41, 20, 131, 189, 391, 136, 72, 0, 0, 188, 192, opel
89, 41, 75, 162, 66, 5, 153, 43, 19, 136, 175, 352, 154, 72, 2, 0, 188, 195, bus
96, 39, 77, 160, 62, 8, 140, 47, 18, 150, 161, 294, 124, 62, 15, 3, 201, 208, van
103, 48, 101, 204, 62, 12, 200, 33, 23, 158, 215, 595, 164, 66, 8, 22, 192, 202, opel
88, 36, 78, 160, 62, 6, 140, 48, 18, 123, 161, 287, 129, 66, 4, 35, 194, 202, opel
98, 48, 101, 195, 61, 11, 207, 31, 23, 152, 227, 650, 193, 71, 5, 7, 189, 196, opel
86, 38, 89, 176, 59, 9, 169, 39, 20, 132, 190, 428, 148, 67, 7, 33, 193, 202, opel
84, 40, 71, 131, 55, 7, 150, 45, 19, 134, 167, 330, 165, 80, 12, 1, 180, 186, opel
89, 46, 74, 135, 59, 9, 157, 44, 20, 158, 170, 356, 177, 79, 12, 3, 184, 191, van
91, 46, 75, 185, 75, 7, 154, 42, 19, 147, 178, 362, 192, 72, 8, 8, 192, 199, bus
94, 45, 89, 213, 71, 5, 186, 35, 22, 145, 204, 533, 182, 71, 4, 13, 195, 198, bus
104, 54, 91, 209, 67, 11, 218, 31, 24, 170, 223, 697, 196, 74, 4, 21, 187, 196, opel
93, 45, 81, 177, 64, 7, 160, 41, 20, 147, 180, 383, 188, 70, 11, 11, 192, 199, saab
97, 45, 76, 175, 60, 9, 157, 42, 20, 149, 180, 370, 169, 63, 16, 12, 198, 206, saab
95, 37, 71, 171, 61, 9, 157, 43, 20, 134, 178, 365, 125, 63, 5, 40, 196, 208, saab
89, 38, 74, 138, 59, 7, 136, 49, 18, 133, 167, 278, 128, 72, 7, 7, 189, 193, van
107, 54, 108, 228, 68, 12, 218, 31, 25, 170, 223, 700, 224, 67, 13, 25, 190, 204, saab
90, 39, 57, 114, 48, 7, 135, 51, 18, 139, 155, 261, 151, 85, 12, 8, 183, 182, van
101, 49, 103, 212, 67, 10, 201, 33, 23, 156, 215, 601, 174, 69, 4, 11, 189, 196, opel
92, 45, 74, 187, 74, 7, 157, 41, 19, 143, 179, 375, 183, 70, 8, 6, 195, 201, bus
88, 43, 70, 177, 74, 19, 152, 44, 19, 143, 180, 342, 168, 76, 1, 9, 186, 189, bus
88, 39, 88, 194, 69, 8, 168, 40, 20, 133, 199, 416, 151, 74, 3, 22, 186, 192, opel
92, 46, 82, 170, 58, 8, 165, 40, 20, 149, 181, 409, 164, 61, 8, 11, 200, 208, opel
108, 53, 104, 181, 56, 11, 220, 31, 25, 167, 226, 712, 214, 72, 15, 18, 189, 199, saab
90, 40, 83, 178, 61, 8, 178, 37, 21, 132, 199, 472, 157, 71, 1, 14, 187, 193, opel
98, 46, 77, 199, 71, 7, 166, 39, 20, 150, 184, 422, 180, 69, 13, 9, 200, 203, bus
93, 39, 78, 164, 66, 8, 139, 48, 18, 140, 157, 290, 126, 64, 4, 7, 201, 208, van
84, 36, 75, 136, 55, 6, 140, 48, 18, 125, 166, 290, 138, 71, 4, 36, 189, 195, saab
95, 43, 83, 198, 69, 6, 177, 36, 21, 139, 189, 484, 163, 68, 6, 4, 196, 198, bus
110, 46, 100, 197, 61, 9, 193, 34, 22, 149, 209, 561, 160, 65, 11, 7, 194, 203, saab
85, 42, 66, 120, 53, 7, 149, 46, 19, 143, 169, 321, 160, 85, 10, 7, 180, 182, bus
83, 42, 71, 152, 64, 7, 149, 45, 19, 142, 172, 331, 158, 74, 2, 2, 184, 190, bus
100, 54, 102, 206, 65, 10, 198, 33, 23, 164, 224, 587, 240, 72, 4, 11, 187, 196, saab
85, 45, 73, 167, 69, 8, 143, 46, 18, 148, 173, 307, 176, 71, 2, 0, 190, 199, van
90, 41, 78, 145, 55, 7, 138, 48, 18, 138, 161, 284, 158, 67, 0, 1, 192, 197, opel
98, 48, 101, 203, 65, 9, 197, 33, 23, 152, 216, 584, 174, 68, 2, 5, 189, 197, saab
103, 53, 106, 172, 55, 10, 212, 32, 24, 168, 220, 660, 223, 73, 16, 24, 187, 197, saab
92, 52, 93, 204, 67, 9, 189, 35, 22, 161, 214, 536, 240, 72, 2, 5, 188, 195, opel
96, 45, 101, 201, 66, 9, 192, 34, 22, 143, 218, 552, 195, 73, 3, 19, 189, 197, saab
81, 45, 68, 154, 69, 22, 151, 45, 19, 147, 186, 335, 186, 88, 1, 10, 180, 185, bus
87, 38, 71, 123, 53, 8, 137, 49, 18, 127, 158, 277, 145, 75, 0, 9, 181, 186, saab

