96, 55, 103, 201, 65, 9, 204, 32, 23, 166, 227, 624, 246, 74, 6, 2, 186, 194, opel
104, 54, 100, 186, 61, 10, 216, 31, 24, 173, 225, 686, 220, 74, 5, 11, 185, 195, saab
83, 36, 54, 119, 57, 6, 128, 53, 18, 125, 143, 238, 139, 82, 6, 3, 179, 183, saab
107, 54, 98, 203, 65, 11, 218, 31, 25, 167, 229, 696, 216, 72, 1, 28, 187, 199, saab
101, 48, 107, 222, 68, 10, 208, 32, 24, 154, 232, 641, 204, 70, 5, 38, 190, 202, opel
90, 48, 86, 306, 126, 49, 153, 44, 19, 156, 272, 346, 200, 118, 0, 15, 185, 194, van
92, 39, 91, 191, 62, 8, 176, 37, 21, 137, 196, 466, 151, 67, 3, 23, 192, 200, opel
104, 52, 94, 208, 66, 5, 208, 31, 24, 161, 227, 666, 218, 76, 11, 4, 193, 191, bus
89, 42, 80, 151, 62, 6, 144, 46, 19, 139, 166, 308, 170, 74, 17, 13, 185, 189, saab
82, 45, 66, 252, 126, 52, 148, 45, 19, 144, 237, 326, 185, 119, 1, 1, 181, 185, bus
85, 39, 77, 151, 59, 8, 150, 45, 19, 134, 176, 331, 133, 73, 0, 16, 184, 193, opel
81, 42, 63, 125, 55, 8, 149, 46, 19, 145, 166, 320, 172, 86, 7, 7, 179, 182, bus
91, 42, 81, 193, 69, 5, 169, 38, 20, 137, 184, 434, 156, 68, 3, 23, 198, 204, bus
86, 43, 66, 130, 56, 7, 152, 44, 19, 142, 177, 340, 173, 81, 6, 14, 181, 185, bus
99, 55, 101, 206, 62, 13, 222, 30, 25, 180, 225, 722, 213, 71, 2, 3, 186, 196, opel
86, 41, 66, 133, 56, 6, 136, 49, 18, 136, 155, 274, 162, 74, 5, 14, 183, 189, saab
90, 48, 78, 134, 56, 11, 160, 43, 20, 167, 169, 366, 185, 76, 1, 14, 182, 192, van
93, 45, 73, 164, 59, 7, 159, 42, 20, 146, 182, 379, 188, 65, 11, 15, 195, 201, opel
91, 39, 83, 176, 59, 7, 169, 39, 20, 132, 190, 426, 142, 67, 0, 24, 192, 199, saab
95, 38, 66, 126, 52, 8, 133, 52, 18, 140, 158, 253, 140, 78, 11, 8, 184, 183, van
93, 47, 85, 161, 65, 12, 155, 43, 19, 157, 179, 354, 178, 76, 2, 9, 184, 196, van
83, 46, 73, 137, 59, 6, 148, 45, 19, 146, 167, 327, 183, 75, 8, 0, 185, 191, bus
116, 53, 110, 231, 67, 12, 217, 31, 24, 165, 231, 692, 222, 67, 16, 28, 192, 206, saab
87, 42, 76, 159, 65, 5, 155, 42, 19, 138, 184, 362, 157, 76, 6, 12, 189, 193, bus
91, 40, 98, 192, 64, 9, 177, 38, 21, 135, 194, 465, 165, 66, 9, 35, 195, 205, saab
98, 40, 77, 171, 61, 6, 172, 37, 21, 139, 197, 457, 141, 72, 4, 17, 199, 201, bus
109, 51, 100, 197, 59, 10, 192, 34, 22, 161, 210, 553, 195, 64, 14, 3, 196, 202, opel
96, 52, 104, 222, 67, 9, 198, 33, 23, 163, 217, 589, 226, 67, 12, 20, 192, 201, opel
89, 38, 80, 169, 59, 7, 161, 41, 20, 131, 186, 389, 137, 68, 5, 15, 192, 197, saab
97, 47, 87, 164, 64, 9, 156, 43, 20, 149, 173, 359, 182, 68, 1, 13, 192, 202, van
87, 36, 53, 117, 58, 4, 118, 57, 17, 125, 138, 205, 138, 85, 9, 15, 180, 183, van
100, 57, 107, 207, 63, 11, 227, 30, 25, 180, 234, 756, 205, 72, 6, 19, 186, 198, opel
86, 47, 75, 165, 68, 6, 154, 43, 19, 146, 176, 356, 190, 74, 7, 3, 188, 194, bus
86, 45, 71, 155, 66, 7, 146, 45, 19, 144, 167, 322, 176, 72, 5, 6, 189, 196, bus
86, 38, 86, 175, 60, 9, 170, 39, 21, 134, 191, 433, 138, 68, 1, 28, 191, 199, saab
93, 34, 72, 144, 56, 6, 133, 50, 18, 123, 158, 263, 125, 63, 5, 20, 200, 206, saab
99, 47, 91, 226, 74, 5, 202, 32, 23, 148, 234, 629, 186, 79, 4, 11, 192, 191, bus
104, 51, 105, 168, 54, 10, 208, 32, 24, 162, 220, 641, 221, 72, 9, 20, 187, 197, saab
101, 51, 98, 194, 60, 10, 195, 34, 22, 161, 219, 572, 219, 67, 0, 10, 192, 201, saab
102, 53, 101, 238, 72, 4, 238, 28, 26, 163, 267, 844, 242, 85, 7, 22, 184, 184, bus
92, 43, 70, 124, 52, 6, 139, 49, 18, 144, 164, 282, 172, 79, 4, 16, 183, 185, van
82, 40, 73, 141, 57, 8, 153, 44, 19, 133, 173, 342, 153, 75, 11, 9, 181, 187, opel
90, 48, 78, 143, 60, 11, 161, 43, 20, 159, 172, 374, 186, 75, 2, 2, 184, 193, van
82, 39, 86, 140, 54, 7, 153, 45, 19, 134, 174, 338, 139, 71, 11, 18, 183, 189, opel
102, 51, 108, 193, 57, 10, 212, 31, 24, 162, 219, 663, 184, 66, 7, 21, 191, 201, opel
108, 54, 109, 189, 57, 11, 220, 31, 25, 174, 229, 709, 214, 70, 12, 23, 189, 201, saab
106, 55, 98, 224, 68, 11, 215, 31, 24, 170, 222, 679, 214, 68, 2, 29, 189, 201, opel
102, 54, 98, 167, 53, 10, 217, 31, 24, 174, 228, 692, 223, 72, 0, 31, 187, 198, opel
91, 39, 72, 133, 55, 7, 146, 46, 19, 132, 170, 314, 149, 77, 9, 18, 184, 189, saab
95, 46, 92, 159, 63, 11, 160, 42, 20, 157, 176, 372, 171, 70, 7, 21, 189, 200, van
86, 43, 61, 119, 53, 8, 150, 46, 19, 144, 169, 326, 172, 85, 8, 8, 179, 182, bus
89, 41, 63, 134, 59, 6, 123, 55, 17, 137, 148, 223, 150, 76, 12, 3, 186, 188, van
89, 42, 75, 140, 55, 6, 145, 46, 19, 139, 170, 312, 166, 71, 15, 26, 191, 198, opel
89, 47, 80, 131, 54, 11, 160, 43, 20, 163, 175, 369, 174, 77, 1, 7, 182, 193, van
104, 54, 101, 197, 64, 11, 213, 31, 24, 172, 218, 669, 222, 74, 14, 4, 187, 196, saab
98, 55, 108, 168, 53, 11, 224, 30, 25, 178, 231, 737, 217, 73, 8, 30, 187, 198, opel
84, 44, 65, 128, 55, 8, 150, 46, 19, 148, 169, 325, 176, 82, 1, 11, 179, 183, bus
97, 53, 105, 225, 71, 12, 221, 30, 25, 167, 226, 713, 202, 70, 3, 20, 186, 200, saab
92, 37, 75, 191, 71, 6, 161, 40, 20, 128, 180, 393, 135, 69, 1, 14, 195, 202, bus
88, 34, 69, 152, 57, 5, 138, 48, 18, 122, 158, 284, 120, 62, 9, 29, 204, 210, opel
92, 42, 69, 153, 58, 8, 140, 48, 18, 138, 165, 290, 151, 64, 10, 21, 199, 206, opel
88, 44, 71, 165, 70, 7, 144, 46, 19, 141, 167, 312, 172, 71, 4, 4, 188, 193, bus
102, 52, 101, 213, 64, 10, 203, 33, 23, 157, 214, 616, 186, 65, 0, 19, 193, 203, opel
97, 49, 76, 203, 73, 7, 178, 36, 21, 157, 194, 487, 186, 72, 0, 7, 197, 200, bus
96, 46, 88, 160, 64, 9, 151, 44, 19, 148, 173, 339, 182, 70, 15, 11, 192, 199, van
100, 47, 88, 190, 60, 10, 171, 38, 21, 155, 186, 440, 169, 59, 15, 18, 201, 210, saab
87, 41, 66, 140, 58, 6, 148, 46, 19, 136, 164, 318, 178, 79, 19, 2, 181, 185, saab
94, 46, 91, 175, 70, 12, 157, 43, 20, 155, 172, 358, 192, 69, 15, 21, 190, 200, van
106, 57, 107, 235, 67, 6, 262, 26, 28, 171, 285, 987, 260, 86, 9, 31, 180, 184, bus
108, 49, 103, 200, 62, 10, 206, 32, 23, 155, 227, 635, 215, 72, 6, 16, 189, 198, saab
82, 43, 70, 250, 105, 55, 139, 48, 18, 145, 231, 289, 172, 99, 4, 9, 190, 199, van
102, 54, 98, 201, 61, 6, 225, 29, 25, 165, 246, 766, 231, 79, 9, 14, 188, 187, bus
97, 41, 88, 184, 59, 9, 175, 38, 21, 140, 192, 459, 147, 63, 1, 5, 196, 205, saab
105, 54, 108, 234, 70, 12, 215, 31, 24, 168, 226, 687, 228, 68, 4, 22, 189, 201, saab
94, 45, 85, 163, 68, 10, 157, 44, 20, 156, 170, 357, 176, 73, 17, 11, 187, 195, van
87, 39, 74, 165, 66, 6, 145, 45, 19, 134, 173, 318, 139, 70, 3, 21, 195, 200, bus
85, 43, 69, 141, 62, 7, 152, 44, 19, 145, 178, 341, 179, 84, 1, 4, 181, 184, bus
94, 37, 72, 146, 60, 9, 133, 50, 18, 135, 161, 262, 128, 69, 2, 7, 192, 195, van
87, 37, 52, 116, 54, 6, 115, 58, 17, 126, 135, 196, 144, 74, 11, 22, 186, 190, van
93, 37, 70, 126, 52, 9, 127, 53, 18, 137, 156, 238, 119, 71, 2, 13, 191, 190, van
83, 40, 53, 114, 53, 6, 132, 53, 18, 140, 142, 247, 157, 86, 8, 7, 176, 183, van
98, 38, 72, 192, 69, 5, 166, 38, 20, 131, 189, 427, 138, 70, 1, 3, 200, 202, bus
106, 55, 96, 196, 60, 12, 221, 30, 25, 173, 225, 717, 214, 72, 9, 13, 186, 196, opel
95, 49, 92, 193, 62, 10, 178, 37, 21, 154, 200, 478, 171, 64, 2, 0, 198, 206, opel
89, 42, 66, 125, 53, 7, 131, 51, 18, 144, 162, 254, 162, 73, 10, 17, 188, 191, van

