0.43, 0.32, 0.56, 0.27, 0.5, 0.0, 0.47, 0.27, NUC
0.89, 0.82, 0.6, 0.49, 0.5, 0.0, 0.55, 0.22, ME2
0.53, 0.44, 0.47, 0.22, 0.5, 0.0, 0.53, 0.22, NUC
0.44, 0.53, 0.43, 0.17, 0.5, 0.0, 0.54, 0.75, NUC
0.46, 0.47, 0.46, 0.16, 0.5, 0.0, 0.51, 0.22, CYT
0.46, 0.32, 0.58, 0.17, 0.5, 0.0, 0.61, 0.25, NUC
0.49, 0.44, 0.45, 0.22, 0.5, 0.0, 0.51, 0.22, CYT
0.34, 0.54, 0.54, 0.13, 0.5, 0.0, 0.52, 0.22, CYT
0.8, 0.81, 0.55, 0.35, 0.5, 0.0, 0.42, 0.22, EXC
0.37, 0.31, 0.53, 0.16, 0.5, 0.0, 0.53, 0.44, NUC
0.48, 0.47, 0.54, 0.55, 0.5, 0.0, 0.51, 0.65, MIT
0.45, 0.73, 0.47, 0.65, 0.5, 0.0, 0.54, 0.43, MIT
0.59, 0.57, 0.43, 0.26, 0.5, 0.0, 0.51, 0.22, MIT
0.51, 0.42, 0.56, 0.38, 0.5, 0.0, 0.46, 0.22, MIT
0.57, 0.61, 0.55, 0.27, 0.5, 0.0, 0.44, 0.21, MIT
0.64, 0.64, 0.56, 0.21, 0.5, 0.0, 0.5, 0.22, MIT
0.43, 0.32, 0.5, 0.29, 0.5, 0.0, 0.5, 0.22, MIT
0.57, 0.4, 0.48, 0.24, 0.5, 0.0, 0.55, 0.22, CYT
0.42, 0.28, 0.57, 0.18, 0.5, 0.0, 0.42, 0.22, NUC
0.48, 0.62, 0.52, 0.3, 0.5, 0.0, 0.51, 0.37, NUC
0.44, 0.34, 0.61, 0.13, 0.5, 0.0, 0.49, 0.26, NUC
0.87, 0.47, 0.6, 0.47, 0.5, 0.0, 0.59, 0.22, NUC
0.69, 0.62, 0.49, 0.0, 1.0, 0.0, 0.47, 0.22, NUC
0.6, 0.54, 0.54, 0.53, 0.5, 0.0, 0.52, 0.27, MIT
0.41, 0.48, 0.38, 0.13, 0.5, 0.0, 0.51, 0.35, ME3
0.5, 0.32, 0.49, 0.49, 0.5, 0.0, 0.48, 0.32, MIT
0.28, 0.36, 0.55, 0.15, 0.5, 0.0, 0.57, 0.22, CYT
0.4, 0.37, 0.54, 0.13, 0.5, 0.0, 0.48, 0.22, NUC
0.47, 0.61, 0.5, 0.23, 0.5, 0.0, 0.49, 0.22, ME3
0.75, 0.69, 0.48, 0.13, 0.5, 0.0, 0.57, 0.4, VAC
0.42, 0.53, 0.57, 0.17, 0.5, 0.0, 0.49, 0.22, CYT
0.28, 0.51, 0.55, 0.19, 0.5, 0.0, 0.57, 0.22, CYT
0.43, 0.41, 0.51, 0.34, 0.5, 0.0, 0.49, 0.28, NUC
0.59, 0.47, 0.51, 0.53, 0.5, 0.0, 0.53, 0.26, CYT
0.54, 0.53, 0.53, 0.17, 0.5, 0.0, 0.51, 0.39, NUC
0.57, 0.55, 0.52, 0.16, 0.5, 0.0, 0.49, 0.39, NUC
0.32, 0.49, 0.53, 0.28, 0.5, 0.0, 0.5, 0.5, NUC
0.57, 0.51, 0.58, 0.22, 0.5, 0.0, 0.51, 0.22, NUC
0.57, 0.37, 0.43, 0.27, 0.5, 0.0, 0.53, 0.28, NUC
0.48, 0.45, 0.63, 0.19, 0.5, 0.0, 0.58, 0.22, NUC
0.54, 0.57, 0.55, 0.18, 0.5, 0.0, 0.5, 0.22, NUC
0.52, 0.46, 0.56, 0.25, 0.5, 0.0, 0.52, 0.22, NUC
0.31, 0.6, 0.65, 0.18, 0.5, 0.0, 0.46, 0.22, NUC
0.72, 0.37, 0.63, 0.38, 0.5, 0.0, 0.4, 0.14, CYT
0.72, 0.37, 0.63, 0.38, 0.5, 0.0, 0.4, 0.14, CYT
0.58, 0.44, 0.5, 0.26, 0.5, 0.0, 0.52, 0.22, CYT
0.35, 0.39, 0.56, 0.2, 0.5, 0.0, 0.49, 0.41, CYT
0.52, 0.43, 0.61, 0.22, 0.5, 0.0, 0.45, 0.22, CYT
0.46, 0.39, 0.54, 0.22, 0.5, 0.0, 0.48, 0.25, CYT
0.41, 0.46, 0.58, 0.08, 0.5, 0.0, 0.51, 0.28, NUC
0.58, 0.56, 0.46, 0.14, 0.5, 0.0, 0.51, 0.22, CYT
0.49, 0.49, 0.52, 0.18, 0.5, 0.0, 0.51, 0.25, NUC
0.85, 0.69, 0.34, 0.31, 0.5, 0.0, 0.57, 0.3, ME1
0.56, 0.59, 0.45, 0.15, 0.5, 0.0, 0.54, 0.22, MIT
0.37, 0.55, 0.52, 0.13, 0.5, 0.0, 0.42, 0.8, CYT
0.46, 0.48, 0.38, 0.22, 0.5, 0.0, 0.39, 0.45, ME3
0.33, 0.46, 0.6, 0.18, 0.5, 0.0, 0.51, 0.26, NUC
0.45, 0.57, 0.38, 0.28, 0.5, 0.0, 0.53, 0.31, ME3
0.52, 0.47, 0.58, 0.18, 0.5, 0.0, 0.34, 0.11, CYT
0.44, 0.43, 0.46, 0.28, 0.5, 0.0, 0.45, 0.29, NUC
0.27, 0.46, 0.52, 0.17, 0.5, 0.0, 0.49, 0.44, NUC
0.48, 0.65, 0.36, 0.24, 0.5, 0.0, 0.54, 0.31, NUC
0.51, 0.48, 0.51, 0.19, 0.5, 0.0, 0.51, 0.27, CYT
0.46, 0.41, 0.43, 0.18, 0.5, 0.0, 0.54, 0.22, ME3
0.49, 0.55, 0.41, 0.19, 0.5, 0.0, 0.48, 0.31, ME3
0.45, 0.57, 0.52, 0.21, 0.5, 0.0, 0.54, 0.38, NUC
0.41, 0.49, 0.55, 0.13, 0.5, 0.0, 0.55, 0.22, CYT
0.44, 0.65, 0.49, 0.16, 0.5, 0.0, 0.48, 0.31, NUC
0.63, 0.43, 0.48, 0.11, 0.5, 0.0, 0.51, 0.22, CYT
0.41, 0.46, 0.57, 0.25, 0.5, 0.0, 0.57, 0.38, CYT
0.79, 0.79, 0.42, 0.26, 0.5, 0.0, 0.6, 0.22, ME1
0.47, 0.46, 0.53, 0.12, 0.5, 0.0, 0.51, 0.25, NUC
0.44, 0.49, 0.49, 0.27, 0.5, 0.0, 0.52, 0.22, CYT
0.42, 0.45, 0.75, 0.21, 0.5, 0.0, 0.48, 0.22, CYT
0.5, 0.5, 0.48, 0.34, 0.5, 0.0, 0.52, 0.27, NUC
0.54, 0.35, 0.55, 0.19, 0.5, 0.0, 0.3, 0.22, CYT
0.36, 0.51, 0.51, 0.17, 0.5, 0.0, 0.52, 0.22, VAC
0.64, 0.56, 0.52, 0.17, 0.5, 0.0, 0.54, 0.47, NUC
0.25, 0.41, 0.47, 0.14, 0.5, 0.0, 0.56, 0.68, NUC
0.57, 0.52, 0.46, 0.2, 0.5, 0.83, 0.52, 0.41, POX
0.71, 0.51, 0.49, 0.23, 0.5, 0.0, 0.3, 0.32, ME2
0.75, 0.73, 0.35, 0.33, 0.5, 0.0, 0.49, 0.28, ME1
0.58, 0.44, 0.45, 0.32, 0.5, 0.0, 0.52, 0.37, NUC
0.38, 0.37, 0.36, 0.14, 0.5, 0.0, 0.54, 0.22, ME3
0.8, 0.73, 0.47, 0.19, 0.5, 0.0, 0.49, 0.22, ME1
0.47, 0.5, 0.6, 0.63, 0.5, 0.0, 0.38, 0.16, CYT
0.52, 0.53, 0.58, 0.69, 0.5, 0.0, 0.5, 0.22, MIT
0.71, 0.5, 0.5, 0.18, 0.5, 0.0, 0.46, 0.22, CYT
0.59, 0.45, 0.53, 0.19, 0.5, 0.0, 0.59, 0.27, CYT
0.49, 0.39, 0.52, 0.29, 0.5, 0.0, 0.48, 0.22, EXC
0.52, 0.56, 0.54, 0.53, 0.5, 0.0, 0.45, 0.22, MIT
0.36, 0.44, 0.51, 0.17, 0.5, 0.0, 0.6, 0.19, NUC
0.33, 0.48, 0.55, 0.16, 0.5, 0.0, 0.53, 0.75, NUC
0.64, 0.31, 0.53, 0.15, 0.5, 0.0, 0.53, 0.31, CYT
0.66, 0.65, 0.54, 0.4, 0.5, 0.0, 0.51, 0.22, EXC
0.25, 0.48, 0.45, 0.32, 0.5, 0.0, 0.4, 0.22, CYT
0.54, 0.43, 0.48, 0.27, 0.5, 0.0, 0.44, 0.41, CYT
0.67, 0.57, 0.36, 0.19, 0.5, 0.0, 0.56, 0.22, ME2
0.43, 0.67, 0.48, 0.27, 0.5, 0.0, 0.53, 0.22, MIT
0.55, 0.5, 0.66, 0.36, 0.5, 0.0, 0.49, 0.22, MIT
0.47, 0.39, 0.5, 0.11, 0.5, 0.0, 0.49, 0.4, CYT
0.51, 0.54, 0.6, 0.57, 0.5, 0.0, 0.58, 0.22, MIT
0.39, 0.44, 0.35, 0.16, 0.5, 0.0, 0.55, 0.22, ME3
0.42, 0.47, 0.52, 0.41, 0.5, 0.0, 0.53, 0.32, CYT
0.49, 0.61, 0.49, 0.25, 0.5, 0.0, 0.5, 0.28, CYT
0.61, 0.72, 0.39, 0.33, 0.5, 0.0, 0.58, 0.22, MIT
0.44, 0.59, 0.36, 0.16, 0.5, 0.0, 0.52, 0.22, ME3
0.3, 0.56, 0.55, 0.18, 0.5, 0.0, 0.5, 0.22, CYT
0.53, 0.51, 0.55, 0.05, 0.5, 0.0, 0.45, 0.25, NUC
0.5, 0.64, 0.57, 0.15, 0.5, 0.0, 0.47, 0.22, CYT
0.39, 0.47, 0.56, 0.16, 0.5, 0.0, 0.47, 0.22, CYT
0.45, 0.43, 0.51, 0.24, 0.5, 0.0, 0.54, 0.33, CYT
0.37, 0.42, 0.51, 0.11, 0.5, 0.0, 0.57, 0.22, CYT
0.44, 0.42, 0.6, 0.21, 0.5, 0.0, 0.57, 0.22, CYT
0.52, 0.51, 0.51, 0.54, 0.5, 0.0, 0.55, 0.27, MIT
0.57, 0.57, 0.44, 0.37, 0.5, 0.0, 0.52, 0.25, MIT
0.59, 0.61, 0.34, 0.22, 0.5, 0.0, 0.51, 0.22, MIT
0.52, 0.77, 0.38, 0.34, 0.5, 0.0, 0.51, 0.22, MIT
0.38, 0.51, 0.75, 0.17, 0.5, 0.0, 0.55, 0.22, CYT
0.27, 0.39, 0.66, 0.11, 0.5, 0.0, 0.44, 0.22, MIT
0.59, 0.58, 0.56, 0.21, 0.5, 0.0, 0.54, 0.33, NUC
0.36, 0.68, 0.38, 0.08, 0.5, 0.0, 0.53, 0.25, VAC
0.56, 0.52, 0.55, 0.19, 0.5, 0.0, 0.54, 0.22, CYT
0.54, 0.65, 0.49, 0.34, 0.5, 0.0, 0.52, 0.22, CYT
0.63, 0.61, 0.41, 0.22, 0.5, 0.0, 0.51, 0.22, ME3
0.58, 0.53, 0.38, 0.18, 0.5, 0.0, 0.52, 0.22, ME3
0.46, 0.35, 0.33, 0.17, 0.5, 0.0, 0.55, 0.22, ME3
0.91, 0.77, 0.34, 0.47, 0.5, 0.0, 0.52, 0.31, ME1
0.51, 0.58, 0.54, 0.29, 0.5, 0.0, 0.53, 0.22, CYT
0.37, 0.43, 0.62, 0.27, 0.5, 0.0, 0.48, 0.22, NUC
0.31, 0.31, 0.54, 0.18, 0.5, 0.0, 0.52, 0.29, NUC
0.49, 0.43, 0.48, 0.15, 0.5, 0.0, 0.55, 0.25, CYT
0.49, 0.47, 0.52, 0.16, 0.5, 0.0, 0.53, 0.28, CYT
0.69, 0.48, 0.38, 0.15, 0.5, 0.0, 0.55, 0.22, ME2
0.46, 0.57, 0.57, 0.15, 0.5, 0.0, 0.52, 0.26, NUC
0.47, 0.45, 0.53, 0.62, 0.5, 0.0, 0.46, 0.22, MIT
0.53, 0.68, 0.34, 0.42, 0.5, 0.0, 0.54, 0.27, ME3
0.32, 0.34, 0.61, 0.17, 0.5, 0.0, 0.52, 0.32, NUC
0.34, 0.34, 0.61, 0.18, 0.5, 0.0, 0.52, 0.32, NUC
0.41, 0.43, 0.5, 0.28, 0.5, 0.0, 0.5, 0.22, CYT
0.49, 0.4, 0.34, 0.26, 0.5, 0.0, 0.5, 0.22, ME3
0.43, 0.45, 0.37, 0.12, 0.5, 0.0, 0.48, 0.22, ME3
0.45, 0.57, 0.3, 0.17, 0.5, 0.0, 0.51, 0.22, ME3
0.52, 0.5, 0.53, 0.1, 0.5, 0.0, 0.48, 0.22, POX
0.53, 0.56, 0.49, 0.46, 0.5, 0.0, 0.52, 0.22, MIT
0.47, 0.63, 0.66, 0.45, 0.5, 0.0, 0.37, 0.11, MIT
0.68, 0.5, 0.43, 0.27, 0.5, 0.0, 0.61, 0.22, ME2
0.84, 0.63, 0.38, 0.23, 0.5, 0.0, 0.53, 0.22, EXC

