0.035, 0.012, 0.019, 0.047, 0.074, 0.118, 0.168, 0.154, 0.147, 0.291, 0.233, 0.224, 0.247, 0.156, 0.349, 0.331, 0.23, 0.22, 0.249, 0.413, 0.316, 0.619, 0.585, 0.34, 0.256, 0.56, 0.814, 0.694, 0.698, 0.866, 0.593, 0.366, 0.675, 0.87, 0.784, 0.755, 0.579, 0.471, 0.125, 0.609, 0.732, 0.598, 0.343, 0.18, 0.238, 0.342, 0.23, 0.069, 0.022, 0.047, 0.043, 0.035, 0.016, 0.015, 0.011, 0.005, 0.01, 0.002, 0.007, 0.007, R
0.012, 0.015, 0.014, 0.008, 0.021, 0.106, 0.102, 0.044, 0.093, 0.073, 0.074, 0.062, 0.106, 0.118, 0.172, 0.258, 0.323, 0.382, 0.424, 0.422, 0.445, 0.408, 0.331, 0.401, 0.447, 0.522, 0.755, 0.95, 1.0, 0.908, 0.828, 0.757, 0.726, 0.615, 0.568, 0.576, 0.532, 0.367, 0.167, 0.087, 0.065, 0.189, 0.268, 0.289, 0.234, 0.167, 0.102, 0.12, 0.07, 0.017, 0.011, 0.009, 0.002, 0.008, 0.006, 0.003, 0.003, 0.004, 0.007, 0.004, R
0.009, 0.005, 0.008, 0.023, 0.059, 0.068, 0.099, 0.072, 0.058, 0.082, 0.132, 0.186, 0.279, 0.258, 0.224, 0.257, 0.293, 0.299, 0.392, 0.469, 0.566, 0.646, 0.677, 0.758, 0.886, 0.942, 1.0, 0.856, 0.679, 0.559, 0.415, 0.295, 0.202, 0.069, 0.117, 0.216, 0.222, 0.278, 0.231, 0.144, 0.151, 0.174, 0.176, 0.142, 0.091, 0.014, 0.047, 0.048, 0.016, 0.004, 0.002, 0.005, 0.004, 0.008, 0.011, 0.005, 0.003, 0.006, 0.006, 0.003, R
0.029, 0.038, 0.026, 0.006, 0.013, 0.061, 0.09, 0.111, 0.097, 0.075, 0.053, 0.121, 0.176, 0.204, 0.273, 0.232, 0.268, 0.293, 0.33, 0.491, 0.54, 0.626, 0.683, 0.753, 0.85, 0.894, 0.993, 0.913, 0.708, 0.632, 0.613, 0.464, 0.28, 0.172, 0.166, 0.256, 0.274, 0.321, 0.272, 0.188, 0.155, 0.252, 0.212, 0.18, 0.147, 0.068, 0.109, 0.092, 0.04, 0.009, 0.008, 0.006, 0.007, 0.011, 0.005, 0.01, 0.004, 0.006, 0.005, 0.009, R
0.009, 0.022, 0.024, 0.044, 0.067, 0.077, 0.05, 0.091, 0.123, 0.118, 0.078, 0.11, 0.104, 0.085, 0.046, 0.13, 0.269, 0.295, 0.367, 0.495, 0.628, 0.816, 0.924, 0.871, 0.805, 0.876, 1.0, 0.986, 0.943, 0.811, 0.699, 0.681, 0.659, 0.695, 0.729, 0.668, 0.592, 0.49, 0.344, 0.237, 0.172, 0.101, 0.077, 0.084, 0.026, 0.033, 0.02, 0.031, 0.01, 0.01, 0.005, 0.007, 0.005, 0.002, 0.002, 0.003, 0.006, 0.005, 0.002, 0.003, R
0.004, 0.008, 0.009, 0.039, 0.053, 0.12, 0.124, 0.103, 0.124, 0.089, 0.094, 0.124, 0.16, 0.154, 0.185, 0.173, 0.148, 0.175, 0.146, 0.158, 0.226, 0.198, 0.337, 0.583, 0.85, 1.0, 0.846, 0.662, 0.556, 0.392, 0.323, 0.205, 0.192, 0.223, 0.315, 0.227, 0.08, 0.075, 0.117, 0.197, 0.262, 0.251, 0.198, 0.095, 0.093, 0.096, 0.038, 0.044, 0.034, 0.006, 0.008, 0.012, 0.006, 0.004, 0.004, 0.0, 0.002, 0.005, 0.002, 0.002, R
0.014, 0.022, 0.009, 0.011, 0.022, 0.014, 0.066, 0.095, 0.079, 0.102, 0.126, 0.083, 0.049, 0.085, 0.151, 0.14, 0.107, 0.192, 0.299, 0.325, 0.38, 0.566, 0.748, 0.876, 0.905, 0.751, 0.686, 0.704, 0.586, 0.377, 0.221, 0.263, 0.267, 0.291, 0.198, 0.229, 0.319, 0.287, 0.292, 0.281, 0.268, 0.211, 0.151, 0.179, 0.185, 0.172, 0.09, 0.066, 0.044, 0.011, 0.002, 0.006, 0.007, 0.011, 0.001, 0.002, 0.002, 0.006, 0.004, 0.005, R
0.086, 0.045, 0.038, 0.02, 0.038, 0.053, 0.214, 0.311, 0.284, 0.275, 0.271, 0.095, 0.102, 0.452, 0.674, 0.67, 0.707, 0.563, 0.378, 0.272, 0.53, 0.77, 0.864, 0.93, 0.937, 0.625, 0.602, 0.681, 0.505, 0.578, 0.475, 0.24, 0.278, 0.2, 0.53, 0.741, 0.778, 0.442, 0.142, 0.351, 0.448, 0.421, 0.305, 0.224, 0.261, 0.28, 0.239, 0.202, 0.133, 0.036, 0.013, 0.017, 0.014, 0.008, 0.004, 0.005, 0.026, 0.01, 0.004, 0.004, R
0.013, 0.052, 0.062, 0.052, 0.107, 0.259, 0.23, 0.207, 0.342, 0.428, 0.302, 0.121, 0.33, 0.571, 0.696, 0.975, 1.0, 0.929, 0.621, 0.459, 0.5, 0.503, 0.708, 0.842, 0.811, 0.769, 0.81, 0.62, 0.236, 0.26, 0.63, 0.676, 0.29, 0.439, 0.853, 0.718, 0.48, 0.586, 0.499, 0.287, 0.06, 0.117, 0.274, 0.281, 0.208, 0.066, 0.049, 0.034, 0.017, 0.029, 0.003, 0.021, 0.005, 0.02, 0.013, 0.002, 0.004, 0.003, 0.011, 0.008, R
0.016, 0.025, 0.026, 0.039, 0.064, 0.047, 0.106, 0.139, 0.06, 0.133, 0.297, 0.475, 0.568, 0.569, 0.642, 0.749, 0.9, 1.0, 0.969, 0.903, 0.768, 0.7, 0.664, 0.596, 0.371, 0.092, 0.048, 0.088, 0.104, 0.171, 0.326, 0.461, 0.394, 0.505, 0.483, 0.351, 0.232, 0.403, 0.368, 0.151, 0.074, 0.14, 0.155, 0.038, 0.064, 0.044, 0.026, 0.022, 0.019, 0.008, 0.014, 0.007, 0.008, 0.023, 0.02, 0.007, 0.004, 0.01, 0.005, 0.002, M
0.039, 0.032, 0.069, 0.09, 0.127, 0.152, 0.213, 0.261, 0.283, 0.272, 0.364, 0.393, 0.384, 0.468, 0.536, 0.482, 0.484, 0.586, 0.758, 0.7, 0.692, 0.863, 0.911, 0.935, 0.788, 0.858, 0.926, 0.708, 0.578, 0.522, 0.45, 0.313, 0.145, 0.105, 0.182, 0.152, 0.102, 0.144, 0.199, 0.204, 0.278, 0.288, 0.133, 0.114, 0.131, 0.143, 0.062, 0.01, 0.01, 0.013, 0.015, 0.026, 0.007, 0.026, 0.008, 0.011, 0.011, 0.007, 0.01, 0.007, M
0.009, 0.061, 0.114, 0.12, 0.04, 0.123, 0.25, 0.457, 0.659, 0.508, 0.335, 0.083, 0.3, 0.396, 0.377, 0.383, 0.125, 0.136, 0.268, 0.919, 0.978, 0.324, 0.194, 0.187, 0.088, 0.344, 0.295, 0.591, 0.456, 0.733, 0.197, 0.279, 0.621, 0.868, 0.862, 0.938, 0.833, 0.948, 0.672, 0.444, 0.516, 0.381, 0.156, 0.145, 0.266, 0.181, 0.17, 0.256, 0.113, 0.02, 0.048, 0.023, 0.018, 0.035, 0.016, 0.033, 0.02, 0.017, 0.024, 0.015, M
0.016, 0.063, 0.074, 0.061, 0.023, 0.105, 0.134, 0.064, 0.152, 0.078, 0.179, 0.268, 0.179, 0.104, 0.198, 0.323, 0.375, 0.259, 0.368, 0.351, 0.561, 0.523, 0.547, 0.695, 0.635, 0.676, 0.85, 0.802, 0.656, 0.859, 0.666, 0.537, 0.312, 0.376, 0.28, 0.088, 0.332, 0.424, 0.18, 0.374, 0.463, 0.161, 0.249, 0.32, 0.226, 0.115, 0.048, 0.094, 0.082, 0.017, 0.024, 0.026, 0.014, 0.023, 0.019, 0.018, 0.011, 0.009, 0.008, 0.011, M
0.071, 0.125, 0.145, 0.164, 0.169, 0.084, 0.072, 0.095, 0.158, 0.125, 0.234, 0.176, 0.228, 0.312, 0.472, 0.554, 0.539, 0.375, 0.458, 0.596, 0.746, 0.764, 0.571, 0.626, 0.67, 0.713, 0.757, 0.808, 0.848, 0.929, 0.951, 0.8, 0.436, 0.405, 0.495, 0.171, 0.365, 0.376, 0.284, 0.043, 0.533, 0.695, 0.429, 0.306, 0.584, 0.569, 0.263, 0.12, 0.098, 0.037, 0.029, 0.016, 0.02, 0.014, 0.013, 0.014, 0.013, 0.013, 0.015, 0.022, M
0.016, 0.02, 0.02, 0.039, 0.075, 0.144, 0.149, 0.148, 0.244, 0.282, 0.369, 0.375, 0.393, 0.331, 0.108, 0.114, 0.345, 0.544, 0.647, 0.728, 0.789, 0.826, 0.87, 0.784, 0.714, 0.57, 0.291, 0.464, 0.641, 0.74, 0.807, 0.842, 1.0, 0.954, 0.676, 0.39, 0.125, 0.363, 0.636, 0.812, 0.766, 0.542, 0.261, 0.172, 0.281, 0.276, 0.198, 0.15, 0.122, 0.049, 0.003, 0.008, 0.003, 0.003, 0.008, 0.002, 0.008, 0.011, 0.008, 0.003, M
0.041, 0.028, 0.06, 0.052, 0.049, 0.038, 0.061, 0.112, 0.124, 0.23, 0.137, 0.134, 0.214, 0.153, 0.078, 0.12, 0.09, 0.069, 0.207, 0.298, 0.284, 0.335, 0.362, 0.32, 0.345, 0.356, 0.389, 0.662, 0.925, 1.0, 0.853, 0.63, 0.525, 0.401, 0.29, 0.201, 0.336, 0.48, 0.615, 0.625, 0.497, 0.349, 0.266, 0.314, 0.428, 0.426, 0.351, 0.246, 0.126, 0.033, 0.018, 0.022, 0.004, 0.002, 0.006, 0.013, 0.011, 0.005, 0.008, 0.004, M
0.013, 0.012, 0.044, 0.062, 0.043, 0.035, 0.038, 0.045, 0.132, 0.138, 0.203, 0.239, 0.211, 0.144, 0.074, 0.153, 0.305, 0.412, 0.547, 0.593, 0.666, 0.733, 0.714, 0.701, 0.776, 0.914, 0.996, 1.0, 0.888, 0.658, 0.271, 0.175, 0.271, 0.485, 0.718, 0.821, 0.754, 0.65, 0.471, 0.348, 0.351, 0.318, 0.352, 0.366, 0.285, 0.171, 0.069, 0.03, 0.029, 0.012, 0.002, 0.008, 0.01, 0.002, 0.004, 0.006, 0.001, 0.001, 0.003, 0.003, M
0.018, 0.014, 0.041, 0.063, 0.06, 0.081, 0.209, 0.346, 0.528, 0.596, 0.625, 0.451, 0.369, 0.286, 0.164, 0.042, 0.178, 0.439, 0.695, 0.81, 0.855, 0.872, 0.86, 0.92, 0.873, 0.808, 0.869, 0.841, 0.579, 0.375, 0.348, 0.464, 0.65, 0.69, 0.567, 0.519, 0.506, 0.388, 0.376, 0.374, 0.26, 0.159, 0.188, 0.227, 0.158, 0.121, 0.088, 0.085, 0.036, 0.022, 0.009, 0.012, 0.006, 0.019, 0.011, 0.013, 0.008, 0.016, 0.016, 0.008, M
0.042, 0.032, 0.071, 0.011, 0.107, 0.097, 0.096, 0.132, 0.246, 0.27, 0.341, 0.429, 0.368, 0.394, 0.296, 0.317, 0.282, 0.305, 0.241, 0.542, 0.68, 0.632, 0.582, 0.68, 0.598, 0.841, 0.991, 0.919, 0.8, 0.671, 0.563, 0.733, 0.604, 0.258, 0.035, 0.18, 0.304, 0.476, 0.576, 0.425, 0.505, 0.718, 0.616, 0.566, 0.575, 0.359, 0.253, 0.23, 0.127, 0.036, 0.037, 0.018, 0.004, 0.009, 0.012, 0.008, 0.006, 0.002, 0.004, 0.002, M
0.032, 0.025, 0.017, 0.048, 0.09, 0.106, 0.102, 0.121, 0.124, 0.153, 0.213, 0.254, 0.269, 0.28, 0.189, 0.148, 0.216, 0.242, 0.299, 0.334, 0.379, 0.396, 0.523, 0.691, 0.787, 0.834, 0.92, 1.0, 0.899, 0.646, 0.597, 0.436, 0.3, 0.229, 0.187, 0.092, 0.183, 0.174, 0.245, 0.241, 0.252, 0.318, 0.168, 0.068, 0.119, 0.183, 0.188, 0.111, 0.031, 0.014, 0.014, 0.011, 0.006, 0.004, 0.007, 0.001, 0.005, 0.004, 0.0, 0.006, M
0.02, 0.012, 0.038, 0.013, 0.054, 0.087, 0.102, 0.085, 0.114, 0.175, 0.22, 0.272, 0.21, 0.173, 0.204, 0.179, 0.132, 0.226, 0.236, 0.311, 0.391, 0.363, 0.481, 0.653, 0.781, 0.84, 0.918, 0.977, 0.894, 0.702, 0.65, 0.507, 0.39, 0.301, 0.156, 0.098, 0.22, 0.224, 0.274, 0.215, 0.244, 0.315, 0.211, 0.099, 0.059, 0.194, 0.194, 0.108, 0.034, 0.018, 0.021, 0.013, 0.009, 0.005, 0.004, 0.004, 0.003, 0.004, 0.001, 0.002, M

