0, 1, 0, -1.672, 0.328, -0.833, -0.577, -0.363, 0.84, 0.18, 0.682, -0.124, -0.109, 2
0, 1, 0, -2.788, 3.194, -1.142, -0.313, -0.58, 0.357, 0.281, 0.082, 0.109, -0.858, 4
0, 1, 0, -4.136, 3.582, -0.407, -0.038, -0.687, 1.031, 0.491, 0.157, 0.305, 0.028, 8
0, 2, 0, -2.607, 2.406, -0.088, 1.586, -1.477, 0.164, -0.527, 1.551, 0.033, 0.522, 6
0, 2, 0, -3.05, 1.6, -0.686, 1.543, -1.149, -0.043, 0.297, 0.727, 0.598, 0.458, 8
0, 2, 0, -2.308, 2.023, -0.203, 1.493, -1.223, 0.379, -0.481, 1.403, -0.045, 0.402, 4
0, 2, 0, -1.123, 0.415, -1.954, 0.563, -0.465, 1.983, 0.027, 1.614, -0.568, 0.007, 1
0, 2, 0, -2.205, 1.804, -0.199, 1.773, -1.089, 0.312, -0.621, 1.247, 0.137, 0.406, 4
0, 2, 0, -2.52, 1.52, -0.959, 1.296, -1.103, 1.149, -0.268, 1.249, 0.092, -0.682, 10
0, 3, 0, -2.03, 1.764, -0.386, -0.249, 0.18, 0.117, 0.096, -0.121, 0.067, -0.552, 3
0, 3, 0, -1.814, 0.923, -0.931, 0.12, 0.425, 0.554, 0.237, 0.426, -0.184, -0.727, 2
0, 3, 0, -3.565, 1.363, 0.958, 1.976, -1.268, 0.091, -1.363, 0.72, 0.738, 1.145, 7
0, 3, 0, -2.531, 1.802, 0.739, 0.236, -1.169, -0.069, -0.349, 0.903, 0.123, -0.119, 4
0, 3, 0, -1.921, 0.719, -0.95, 0.299, 0.222, 0.786, 0.128, 0.588, -0.462, -0.491, 2
0, 3, 0, -2.076, 1.413, -0.584, 0.19, -0.35, 0.518, -0.406, 0.313, 0.027, -0.724, 3
0, 3, 0, -2.834, 0.654, 0.733, 1.434, -0.716, -0.028, -0.841, 0.239, 0.92, 0.885, 6
0, 4, 1, -4.079, 2.663, -0.048, -0.315, 0.234, 0.861, 0.335, 0.435, -0.546, -0.928, 8
0, 4, 1, -2.91, 0.918, -0.138, -0.382, 0.115, 0.29, 0.418, 0.757, -0.898, -0.189, 10
0, 4, 1, -2.923, 0.919, -0.231, -0.307, 0.075, 0.265, 0.403, 0.691, -1.012, -0.157, 10
0, 4, 1, -4.314, 2.322, 0.58, 0.279, 0.702, 0.532, -0.068, 0.814, -0.917, -1.109, 9
0, 4, 1, -3.693, -0.568, 0.727, 1.236, 0.612, 1.502, -0.804, -0.763, -0.346, 0.788, 0
0, 4, 1, -3.293, 0.93, 0.522, 1.48, 0.249, -0.661, -0.643, -0.094, -0.132, 0.198, 2
0, 4, 1, -4.077, 2.542, 0.039, 0.082, 0.218, 0.393, 0.324, 0.399, -0.658, -0.964, 8
0, 5, 1, -2.665, 0.772, -1.009, 1.307, 0.287, 0.855, -0.466, -0.19, -0.721, 0.407, 2
0, 5, 1, -3.618, 0.916, -0.4, 1.771, 0.666, 1.535, -0.389, -0.342, -1.279, -0.109, 1
0, 5, 1, -2.515, 1.34, -0.84, 0.511, -0.492, 0.098, 0.047, -0.68, -0.283, 0.168, 3
0, 5, 1, -4.228, 3.111, -0.38, 1.16, -1.188, -0.362, 0.516, 0.507, 0.669, -0.074, 7
0, 5, 1, -3.846, 1.426, -0.607, 1.434, -0.072, 1.13, -0.535, 1.159, -0.123, -0.385, 8
0, 6, 1, -4.21, 3.289, -0.106, -1.247, -0.683, 0.539, 0.579, 0.832, -0.035, -0.764, 7
0, 6, 1, -3.431, -0.5, -0.362, 1.173, 1.59, 0.956, 0.162, -0.853, -0.364, 0.084, 0
0, 6, 1, -2.353, 2.897, -0.433, -0.193, -0.715, 0.359, 0.26, 0.273, -1.206, 0.36, 5
0, 6, 1, -4.341, 3.514, -0.453, -1.047, -0.469, 0.51, 0.618, 0.801, -0.399, -0.777, 7
0, 6, 1, -2.415, 2.517, -0.285, 0.085, -0.902, 0.283, 0.302, 0.247, -1.207, 0.371, 5
0, 6, 1, -3.152, 0.086, -0.325, 0.868, 1.084, 0.753, -0.522, -0.005, -0.821, 0.483, 1
0, 6, 1, -2.01, 2.164, -0.626, 0.389, -0.24, -0.441, 0.103, -0.27, -0.647, 0.165, 3
0, 6, 1, -2.93, 2.014, -0.7, 0.206, -0.088, 0.153, 0.142, -0.031, -1.437, 0.615, 10
0, 6, 1, -3.096, 0.103, -0.452, 0.879, 1.067, 0.497, -0.296, -0.067, -0.973, 0.711, 1
0, 6, 1, -2.452, 0.279, -0.805, 1.141, 0.239, 0.176, -0.104, -0.752, -0.334, 0.731, 2
0, 6, 1, -2.658, 2.739, -0.382, -0.31, -1.64, 0.081, 0.276, 0.884, -0.535, -0.548, 4
0, 6, 1, -2.982, 2.001, -0.915, 0.188, 0.035, 0.467, -0.13, -0.689, -0.684, 0.664, 5
0, 7, 1, -3.749, 3.018, -0.755, -0.452, -0.666, 0.209, 0.741, 0.9, -1.613, 0.128, 6
0, 7, 1, -4.125, 2.3, -0.167, -0.27, 0.103, 0.32, -0.467, -0.254, -0.415, 0.863, 10
0, 7, 1, -4.474, 4.569, -1.069, -1.409, 0.137, 1.049, 0.071, 0.877, -1.355, -0.167, 7
0, 7, 1, -4.947, 4.637, -0.444, -0.953, -0.119, -0.249, 0.594, 0.27, -0.783, 0.265, 9
0, 7, 1, -4.395, 1.864, 0.503, 1.718, 0.241, -0.817, -0.672, -0.687, -0.449, 1.396, 1
0, 7, 1, -4.475, 4.064, -0.927, -0.678, 0.599, 0.445, 0.224, 0.103, -1.336, -0.192, 8
1, 8, 0, -1.716, 1.186, -0.809, -0.515, -0.35, 0.29, -0.404, 0.678, 0.172, -0.212, 3
1, 8, 0, -2.769, 2.906, -0.194, 0.349, -0.958, 0.089, -0.245, 1.004, 0.6, -0.336, 4
1, 8, 0, -3.776, 1.752, 0.92, 0.722, -1.164, 0.774, -0.01, 0.657, 0.248, 1.055, 8
1, 8, 0, -4.717, 0.829, 0.853, 1.98, -0.546, 0.688, -0.434, -0.424, -0.636, 1.245, 9
1, 8, 0, -3.312, -0.776, -0.504, 1.39, 0.86, 1.257, 0.222, 0.314, -0.715, -0.765, 0
1, 8, 0, -4.756, 0.965, 0.959, 2.287, -0.527, 0.454, -0.41, -0.362, -0.862, 1.088, 9
1, 9, 0, -2.561, 2.191, -0.955, 0.214, -0.841, 0.386, -0.083, 0.74, -0.612, -0.196, 5
1, 9, 0, -4.064, 4.106, -0.545, 0.03, -1.645, 0.904, 0.103, 0.907, 0.05, -0.322, 7
1, 9, 0, -4.884, 3.63, -0.279, 0.496, -0.67, 0.792, -0.005, -0.137, 0.532, -0.184, 9
1, 10, 0, -4.052, 0.35, -0.314, 1.734, 0.127, 1.667, 0.512, -0.377, -0.358, -0.855, 0
1, 10, 0, -2.758, 2.839, -0.282, -0.449, -0.485, 0.788, 0.12, 0.792, 0.023, -0.949, 4
1, 10, 0, -2.615, 1.185, -1.162, 0.395, 0.459, 0.345, 0.298, 0.456, -0.62, -0.307, 2
1, 10, 0, -3.896, 2.768, -0.816, -0.014, -0.125, 0.168, 0.307, 1.203, 0.246, -0.118, 8
1, 10, 0, -3.644, -0.215, -0.579, 2.307, 0.046, 1.945, 0.28, 0.272, -0.539, -1.226, 0
1, 10, 0, -2.505, 2.358, -0.184, -0.792, -0.316, 1.363, 0.302, -0.121, 0.214, -0.622, 5
1, 10, 0, -2.951, 2.64, 0.832, -0.387, -1.502, 0.272, 0.756, 0.538, 0.616, -0.399, 6
1, 10, 0, -3.979, 3.661, 0.169, -0.598, -1.412, 0.569, 0.009, 1.939, 0.094, -0.149, 7
1, 11, 0, -3.008, 2.882, -0.9, 0.214, -0.565, -0.197, 0.449, 0.305, 0.413, -0.3, 6
1, 11, 0, -4.022, 0.941, -0.623, 1.461, 0.02, 1.904, -0.074, 0.464, -0.541, -0.211, 9
1, 11, 0, -2.378, 1.568, -0.243, 0.407, -0.428, 0.229, -0.293, 0.297, 0.372, -0.512, 5
1, 11, 0, -4.028, 0.982, -0.648, 1.478, -0.048, 2.108, -0.146, 0.467, -0.654, -0.193, 9
1, 11, 0, -2.453, -0.32, -1.368, 1.04, 0.174, 1.985, 0.158, 0.59, -1.318, -0.587, 0
1, 11, 0, -2.58, 1.608, -0.311, 0.273, -0.148, 0.262, -0.062, 0.167, 0.337, -0.692, 5
1, 11, 0, -2.147, 1.655, -0.355, -0.082, -0.194, 0.296, 0.146, -0.083, -0.314, -0.308, 3
1, 11, 0, -4.039, 3.689, -1.007, -0.139, -0.542, 0.587, 0.535, 0.465, 0.194, 0.168, 7
1, 12, 1, -3.415, -0.538, 0.241, 2.038, 0.622, 1.027, -0.701, -0.66, -0.418, 0.781, 0
1, 12, 1, -2.247, 3.42, -0.887, -0.823, -0.297, 0.774, 0.185, -0.242, -0.79, 0.046, 4
1, 12, 1, -2.489, 2.379, -0.523, -0.158, -0.178, 0.406, 0.198, 0.059, -0.589, -0.256, 5
1, 12, 1, -4.283, 2.829, 0.296, 0.086, -0.544, 0.501, -0.317, 0.995, -0.34, -1.113, 9
1, 12, 1, -2.364, 3.743, -1.393, -0.361, -0.354, 1.004, 0.208, -0.376, -1.046, 0.722, 4
1, 12, 1, -2.577, 2.449, -0.38, 0.174, -0.41, 0.383, 0.19, 0.097, -0.489, -0.084, 5
1, 12, 1, -3.269, 2.489, -0.76, 0.352, -0.092, 0.432, -0.27, 0.242, -0.523, 0.01, 10
1, 12, 1, -3.498, 1.669, 0.076, 1.53, 0.38, -0.135, -0.814, -0.208, -0.307, 1.053, 1
1, 13, 1, -3.554, 3.386, -1.703, 0.555, -0.072, 1.073, 0.237, -0.625, -1.067, -0.176, 6
1, 14, 1, -3.709, 1.665, 0.138, 1.551, 0.975, 0.923, -0.396, -0.234, -1.154, 0.736, 1
1, 14, 1, -3.369, 1.784, -0.603, 1.303, 0.007, -0.044, -0.459, -0.012, -0.591, 1.047, 2
1, 14, 1, -3.919, 2.575, 0.471, -0.064, -0.042, 0.88, -0.128, 0.612, -0.504, -0.539, 8
1, 14, 1, -3.232, 1.551, -0.832, 1.674, -0.042, 0.296, -0.553, -0.443, -0.413, 0.96, 2
1, 14, 1, -3.546, 1.064, -0.006, 1.455, 0.847, 1.117, 0.073, -0.025, -1.318, 0.557, 1
1, 14, 1, -3.309, 2.256, -0.615, 0.365, 0.251, 0.439, 0.011, 0.119, -1.219, 0.695, 10
0, 0, 0, -3.941, 2.305, 0.124, 1.771, -1.815, 0.593, -0.435, 0.992, 0.575, -0.301, 7
0, 0, 0, -2.312, 1.746, -1.51, 1.019, -0.99, 0.941, -0.488, 0.208, 0.033, -0.847, 3
0, 0, 0, -2.859, 1.627, -1.14, 0.769, -0.948, 1.39, -0.608, 0.956, -0.204, -0.727, 10
0, 0, 0, -3.559, 2.126, -0.445, 1.053, -1.765, 0.349, 0.546, 0.321, 0.443, -0.118, 6
0, 0, 0, -3.593, 0.29, -0.782, 1.707, -0.175, 1.662, -0.137, 0.493, -0.492, -0.926, 0
0, 0, 0, -2.299, 1.848, -1.695, 1.065, -0.861, 1.047, -0.607, 0.313, -0.253, -0.759, 3
0, 0, 0, -3.459, 2.086, -0.595, 0.937, -1.841, 0.6, 0.457, 0.4, 0.473, -0.211, 6
0, 0, 0, -3.684, 1.774, -1.728, 1.611, 0.1, 1.393, -0.193, 0.554, 0.245, -0.919, 9
0, 0, 0, -3.604, 0.235, -0.836, 1.786, -0.153, 1.642, -0.096, 0.488, -0.524, -1.003, 0
0, 1, 0, -3.141, 3.314, -0.996, -0.394, -0.19, -0.312, 0.137, 0.631, 0.547, -0.247, 6
0, 1, 0, -1.952, 1.469, -1.375, 0.105, -0.154, 0.17, -0.047, 0.336, -0.098, -0.41, 3
0, 1, 0, -1.856, 0.063, -1.011, -0.238, -0.152, 1.461, 0.572, 0.775, 0.154, -0.31, 1
0, 1, 0, -2.945, 1.724, -0.312, -0.239, -0.447, 1.36, 0.014, -0.102, 0.021, -0.564, 10

