0, 1, 0, -2.489, 1.773, -0.18, -0.152, -0.353, 0.133, -0.186, 0.207, 0.788, -0.285, 5
0, 2, 0, -1.202, -0.253, -2.487, 0.809, -0.367, 2.169, 0.32, 1.034, -1.385, -0.706, 0
0, 2, 0, -2.432, 2.126, -0.218, 1.422, -1.169, 0.41, -0.393, 1.326, -0.067, 0.225, 4
0, 2, 0, -3.33, 1.529, -0.552, 2.023, -0.845, 0.016, 0.049, 0.512, 0.396, 0.386, 8
0, 2, 0, -2.867, 1.391, -0.817, 1.595, -0.883, 1.143, -0.427, 1.159, 0.17, -0.456, 10
0, 2, 0, -1.57, 1.655, -1.04, 1.16, -0.923, 0.961, -0.231, 0.955, -0.273, 0.065, 3
0, 2, 0, -2.043, 1.95, -0.435, 1.341, -1.049, 0.558, -0.237, 1.237, -0.283, 0.306, 5
0, 2, 0, -1.22, 0.831, -1.674, 0.94, -0.425, 1.463, -0.063, 1.135, -0.422, 0.06, 2
0, 2, 0, -1.28, 0.798, -1.647, 0.968, -0.418, 1.609, -0.031, 1.224, -0.374, 0.044, 2
0, 3, 0, -2.007, 1.814, -0.581, -0.027, 0.127, 0.081, 0.089, -0.016, 0.115, -0.719, 3
0, 3, 0, -2.483, 0.81, 0.185, 0.284, -0.917, 0.73, -0.111, 0.613, 0.373, 0.184, 10
0, 3, 0, -1.45, 0.199, -1.127, -0.281, -0.372, 1.287, 0.369, 0.855, 0.303, -0.385, 1
0, 3, 0, -3.53, 1.268, 0.903, 1.887, -1.279, 0.008, -1.441, 0.657, 0.873, 1.042, 7
0, 3, 0, -2.804, 1.021, 0.254, 0.331, -0.654, 0.854, -0.085, 0.678, 0.259, -0.031, 10
0, 4, 1, -2.681, 0.531, 0.252, 1.239, 0.469, -0.339, -0.652, -0.417, -0.246, 0.412, 2
0, 4, 1, -2.445, 1.503, -0.677, -0.46, -0.14, -0.002, 1.014, 0.061, -0.599, 0.175, 5
0, 4, 1, -4.071, 2.754, -0.232, -0.262, 0.356, 0.694, 0.381, 0.5, -0.721, -0.859, 8
0, 4, 1, -1.611, 0.831, -0.056, -0.048, -0.044, -0.423, 0.289, -0.092, -0.633, 0.221, 3
0, 4, 1, -4.087, 2.555, 0.123, -0.151, 0.118, 0.474, 0.365, 0.495, -0.473, -0.886, 8
0, 4, 1, -3.682, 3.672, 0.041, -0.508, -0.905, 0.028, 0.492, 0.654, -0.722, -0.318, 6
0, 5, 1, -2.905, 2.311, -0.658, 0.022, -1.121, 0.25, 0.467, 0.484, -0.157, -0.676, 4
0, 5, 1, -3.354, 2.85, -0.887, 0.01, -0.551, 0.293, 0.901, 0.32, -0.302, -1.023, 6
0, 5, 1, -3.006, 1.407, -0.875, 0.945, -0.495, 0.721, 0.212, 0.75, -0.037, -1.054, 10
0, 5, 1, -3.781, -0.011, 0.102, 1.115, 1.036, 0.651, 0.615, -1.082, -1.272, 0.05, 0
0, 5, 1, -4.836, 3.871, -0.684, 0.182, 0.349, -0.176, 0.317, 0.059, -0.024, -1.13, 9
0, 5, 1, -3.858, 0.115, 0.05, 1.17, 0.975, 0.703, 0.585, -1.191, -1.172, -0.076, 0
0, 5, 1, -3.404, 0.506, -0.591, 1.627, 0.66, 1.456, 0.068, 0.381, -1.494, -0.453, 1
0, 6, 1, -2.488, 2.822, -0.239, -0.33, -1.355, 0.284, 0.101, 0.934, -0.966, -0.31, 4
0, 6, 1, -1.926, 2.172, -0.571, 0.257, -0.159, -0.493, 0.27, -0.153, -0.673, -0.005, 3
0, 6, 1, -2.776, 2.563, 0.532, 0.277, -1.47, -0.368, -0.278, 1.479, -0.164, -0.797, 6
0, 6, 1, -4.384, 3.721, -0.905, -0.965, -0.16, 0.498, 0.809, 0.66, -0.613, -0.831, 7
0, 6, 1, -3.025, 2.711, -0.147, -0.034, -1.34, 0.049, 0.364, 1.099, -1.02, -0.652, 6
0, 6, 1, -4.415, 3.737, -1.313, -0.815, 0.168, 0.59, 0.975, 0.42, -0.825, -0.748, 7
0, 7, 1, -5.131, 2.192, 1.364, 1.936, -0.591, -0.354, -0.677, 0.15, 0.178, 0.38, 0
0, 7, 1, -3.975, 3.066, -0.506, -0.827, -0.478, 0.434, 0.356, 0.939, -1.309, 0.204, 6
0, 7, 1, -4.151, 2.069, -0.605, 0.111, 0.41, 0.354, -0.284, -0.381, -0.507, 0.737, 10
0, 7, 1, -4.115, 1.856, -0.738, 0.132, 0.658, 0.329, -0.252, -0.123, -0.53, 0.456, 10
0, 7, 1, -3.894, 2.91, -0.968, -0.671, -0.131, 0.519, 0.591, 0.708, -1.515, 0.121, 6
1, 8, 0, -1.149, -0.904, -1.988, 0.739, -0.06, 1.206, 0.864, 1.196, -0.3, -0.467, 0
1, 8, 0, -1.768, 1.769, -1.142, -0.739, -0.086, 0.12, -0.23, 0.217, -0.009, -0.279, 3
1, 8, 0, -2.671, 3.155, -0.514, 0.133, -0.964, 0.234, -0.071, 1.192, 0.254, -0.471, 4
1, 8, 0, -3.915, 2.158, 0.781, 0.643, -1.023, 0.598, -0.718, 0.274, 0.376, 0.77, 8
1, 8, 0, -1.784, -1.074, -1.661, 1.324, 0.289, 1.303, 0.924, 1.307, -0.346, -0.521, 0
1, 8, 0, -3.888, 3.085, 0.436, 0.142, -1.526, -0.052, -0.503, 1.085, 0.511, 0.976, 7
1, 8, 0, -4.813, 1.042, 0.887, 1.661, -0.534, 0.747, -0.513, -0.448, -0.412, 1.214, 9
1, 8, 0, -1.53, 0.029, -0.925, 0.054, -0.565, 1.593, 0.123, 1.117, 0.338, 0.026, 1
1, 9, 0, -3.137, 0.077, -1.157, 1.589, 0.204, 1.898, 0.17, 0.676, -1.033, -0.635, 0
1, 9, 0, -3.262, 0.956, -0.791, 1.528, -0.021, 0.977, -0.121, 0.499, -0.99, -0.621, 1
1, 9, 0, -2.765, 2.817, -2.02, 0.213, -0.772, 0.852, 0.252, -0.193, -0.202, -0.093, 4
1, 9, 0, -4.101, 2.84, -0.802, 0.062, -0.733, 1.304, -0.145, 0.443, 0.049, -0.611, 8
1, 9, 0, -3.339, 1.004, -0.747, 1.505, -0.068, 1.007, -0.017, 0.377, -0.775, -0.899, 1
1, 9, 0, -1.928, 1.578, -0.997, 0.672, -1.287, 0.381, 0.249, 0.006, -0.167, -0.637, 3
1, 10, 0, -2.482, 1.896, -1.289, 0.112, 0.285, 0.096, 0.022, 0.832, -0.333, -0.764, 3
1, 10, 0, -2.303, 1.954, -1.493, 0.305, 0.047, 0.056, 0.026, 0.902, -0.522, -0.645, 3
1, 10, 0, -2.445, 2.678, -0.816, -0.743, 0.076, 1.117, -0.057, 0.018, 0.281, -0.72, 5
1, 10, 0, -3.96, 3.373, -1.235, 0.152, 0.031, 0.664, 0.558, 0.841, -0.133, -0.317, 8
1, 10, 0, -3.789, 1.42, -0.372, 0.568, 0.123, 0.185, 0.078, 1.006, -0.722, -0.391, 10
1, 10, 0, -3.878, 3.816, -0.155, -0.668, -1.207, 0.541, 0.022, 1.972, -0.029, -0.29, 7
1, 10, 0, -3.015, 2.219, 0.996, -0.455, -1.514, 0.047, 0.864, 0.468, 0.657, -0.343, 6
1, 10, 0, -4.893, 3.37, -0.464, 0.538, -0.327, 0.496, 0.27, 0.47, 0.742, -0.141, 9
1, 11, 0, -2.175, 1.631, -0.331, -0.203, -0.159, 0.246, 0.18, -0.093, -0.351, -0.267, 3
1, 11, 0, -2.385, 1.01, -0.754, 0.37, 0.785, 0.471, 0.415, 0.318, -0.797, -0.679, 2
1, 11, 0, -3.285, 1.547, -0.897, 0.917, 0.127, 0.402, -0.011, 0.502, -0.557, -0.715, 10
1, 12, 1, -3.961, 4.144, -0.934, -0.089, -0.612, 0.787, 0.326, 0.182, -0.487, -0.719, 8
1, 12, 1, -3.705, -0.204, 0.274, 1.569, 0.883, 1.366, -0.94, -0.691, -0.162, 0.598, 0
1, 12, 1, -3.387, 3.286, -0.747, -0.699, -0.9, 0.891, 0.875, 0.46, -0.457, -0.636, 7
1, 12, 1, -3.379, 0.95, -0.06, 1.47, 0.538, 0.051, -0.681, -0.098, -0.405, 0.912, 1
1, 12, 1, -2.708, 2.56, -0.439, 0.324, -0.348, 0.429, 0.091, -0.037, -0.434, 0.344, 5
1, 12, 1, -2.46, 3.706, -1.304, -0.339, -0.487, 1.125, 0.187, -0.211, -1.068, 0.944, 4
1, 12, 1, -2.818, 3.685, -1.413, -0.558, 0.025, 0.871, 0.688, -0.144, -0.93, 0.282, 6
1, 13, 1, -4.039, 2.061, -0.727, 0.888, 0.302, 0.413, -0.381, -0.194, -0.614, 0.41, 8
1, 13, 1, -4.08, 2.242, -0.28, 1.876, 0.72, -0.292, -0.537, -0.54, -0.663, 0.238, 9
1, 13, 1, -2.972, 1.151, -0.293, 1.609, -0.724, 0.123, -0.087, -0.801, 0.04, 1.07, 2
1, 13, 1, -2.967, 2.781, -1.277, 0.354, -0.936, 1.505, -0.004, -0.418, -0.56, 0.725, 4
1, 13, 1, -2.959, 1.061, -0.351, 1.745, -0.851, 0.344, -0.373, -0.729, 0.048, 0.815, 2
1, 13, 1, -4.062, 2.358, -0.31, 1.895, 1.095, 0.049, -0.87, -0.524, -0.98, -0.065, 9
1, 14, 1, -3.811, 2.123, 0.278, 1.552, 0.754, 0.492, -0.584, -0.433, -0.988, 0.652, 1
1, 14, 1, -3.074, 3.062, -1.47, -0.379, 0.233, 0.789, -0.099, -0.135, -0.395, 0.572, 4
1, 14, 1, -3.661, 0.3, 0.53, 1.816, 0.333, 0.444, -0.858, -0.732, -0.809, 0.995, 0
1, 14, 1, -3.674, 1.513, 0.038, 1.604, 0.907, 1.045, -0.166, -0.295, -1.13, 0.594, 1
1, 14, 1, -2.918, 2.897, -1.069, -0.077, -0.261, 0.55, 0.317, -0.322, -0.776, 0.79, 5
1, 14, 1, -2.938, 2.782, -1.111, -0.076, 0.0, 0.582, 0.252, -0.4, -0.773, 0.838, 5
1, 14, 1, -4.211, 2.811, 0.016, 0.799, 0.514, 0.496, -1.219, -0.238, -0.798, -0.392, 9
1, 14, 1, -3.753, 3.605, -0.899, -0.747, -0.401, 1.765, 0.62, 0.754, -0.835, -0.301, 7
0, 0, 0, -3.327, 0.496, -0.694, 1.365, -0.265, 1.933, -0.363, 0.51, -0.621, -0.488, 1
0, 0, 0, -2.852, 1.914, -0.755, 0.825, -1.588, 0.855, 0.217, -0.246, 0.238, -0.365, 5
0, 0, 0, -3.032, 1.739, -1.141, 0.737, -0.834, 1.386, -0.575, 0.679, -0.018, -0.823, 10
0, 0, 0, -3.582, 2.374, -0.358, 1.162, -1.953, 0.621, 0.339, 0.355, 0.415, -0.259, 6
0, 0, 0, -3.673, 1.811, -1.405, 1.621, 0.044, 1.572, -0.453, 0.745, -0.066, -0.733, 9
0, 0, 0, -2.105, 1.035, -1.705, 0.231, -0.558, 1.554, -0.649, 0.71, -0.855, -0.151, 2
0, 0, 0, -2.887, 2.131, -0.83, 0.682, -1.557, 0.818, 0.448, -0.382, 0.207, -0.402, 5
0, 0, 0, -2.081, 1.05, -1.778, 0.411, -0.518, 1.46, -0.576, 0.735, -0.866, -0.172, 2
0, 0, 0, -2.911, 1.928, -1.131, 0.899, -0.911, 1.111, -0.208, -0.047, -0.029, -0.539, 4
0, 0, 0, -3.869, 1.86, -1.646, 1.612, 0.044, 1.531, -0.493, 0.862, -0.106, -1.001, 9
0, 1, 0, -1.816, 0.458, -0.947, -0.341, 0.085, 0.75, 0.144, 0.462, -0.24, -0.266, 2
0, 1, 0, -3.902, 3.586, 0.334, -0.669, -1.087, 0.255, 0.461, 0.812, -0.185, 0.535, 7
0, 1, 0, -4.267, 3.01, 0.172, 0.028, -0.827, 0.532, 0.099, 0.326, 0.34, 0.696, 8
0, 1, 0, -3.84, 3.745, 0.121, -0.656, -1.066, 0.329, 0.734, 0.875, -0.295, 0.418, 7
0, 1, 0, -4.759, 2.696, 0.104, 0.697, -0.787, 1.114, 0.205, -0.066, 0.369, 0.306, 9

