0, 2, 0, -2.227, 1.993, -0.156, 1.554, -1.19, 0.332, -0.548, 1.362, -0.013, 0.369, 4
0, 2, 0, -1.417, -0.319, -2.254, 1.072, -0.221, 2.268, 0.43, 0.923, -1.486, -0.698, 0
0, 2, 0, -2.624, 1.653, -0.156, 2.023, -1.052, 0.086, -0.752, 1.341, 0.196, 0.71, 6
0, 2, 0, -3.693, 3.067, -0.273, 1.619, -1.905, 0.045, 0.006, 1.347, 0.346, 0.36, 7
0, 2, 0, -3.545, 1.926, -0.512, 1.732, -1.109, 1.006, 0.021, 0.82, 0.731, -0.639, 8
0, 2, 0, -1.4, 0.316, -1.894, 0.83, -0.242, 2.038, 0.003, 1.667, -0.515, -0.087, 1
0, 3, 0, -1.548, -0.4, -1.659, 0.244, -0.101, 1.562, 0.551, 1.248, 0.129, -0.456, 0
0, 3, 0, -1.425, 0.256, -1.13, -0.284, -0.394, 1.253, 0.306, 0.893, 0.272, -0.378, 1
0, 3, 0, -1.764, 0.888, -1.001, 0.197, 0.3, 0.66, 0.159, 0.557, -0.301, -0.65, 2
0, 3, 0, -3.062, 1.008, 0.935, 1.443, -0.579, 0.068, -1.333, 0.106, 0.958, 0.979, 6
0, 3, 0, -1.495, 0.117, -1.134, -0.249, -0.37, 1.286, 0.348, 0.854, 0.313, -0.376, 1
0, 3, 0, -2.291, 1.146, 0.352, 0.354, -0.714, 0.08, -0.181, 0.787, 0.709, -0.409, 5
0, 3, 0, -2.554, 1.532, 0.812, 0.367, -1.208, -0.352, -0.252, 0.894, 0.05, 0.084, 4
0, 4, 1, -3.118, 0.356, 0.377, 1.447, 0.868, 0.407, -0.915, -0.546, -0.637, 0.169, 1
0, 4, 1, -3.406, 2.403, 1.025, 0.108, -1.1, -0.316, 0.099, 1.541, -0.304, -0.671, 6
0, 4, 1, -3.439, 2.711, 1.067, 0.029, -1.12, -0.212, 0.062, 1.44, -0.353, -0.42, 6
0, 4, 1, -3.02, 1.033, -0.238, -0.286, 0.088, 0.235, 0.372, 0.563, -1.027, -0.151, 10
0, 4, 1, -1.596, 0.885, -0.199, 0.199, -0.115, -0.474, 0.428, -0.113, -0.61, 0.131, 3
0, 5, 1, -3.901, 2.485, -0.95, 0.702, -0.47, 1.146, -0.109, 1.597, 0.146, -1.197, 8
0, 5, 1, -3.0, 1.524, -0.866, 1.015, -0.4, 0.861, 0.174, 0.938, -0.216, -1.01, 10
0, 5, 1, -2.875, 0.868, -0.728, 1.439, 0.355, 0.846, -0.378, -0.233, -1.072, 0.505, 2
0, 5, 1, -2.612, 1.403, -0.87, 0.47, -0.448, 0.172, -0.06, -0.656, -0.334, 0.087, 3
0, 5, 1, -2.497, 1.692, -0.607, 0.02, -0.71, 0.612, 0.093, 0.272, -0.06, -0.507, 5
0, 5, 1, -3.046, 1.462, -0.823, 0.935, -0.44, 0.849, 0.085, 0.865, -0.178, -0.954, 10
0, 5, 1, -3.426, 0.584, -0.469, 1.776, 0.566, 1.686, 0.07, 0.081, -1.483, -0.141, 1
0, 5, 1, -3.124, 2.733, -0.857, -0.334, -0.312, 0.587, 0.849, 0.475, -0.174, -0.899, 6
0, 5, 1, -4.175, 3.32, -0.446, 0.988, -1.48, 0.133, 0.507, 0.605, 0.691, -0.462, 7
0, 5, 1, -2.973, 1.304, -0.849, 0.984, -0.508, 0.59, 0.248, 0.728, 0.073, -1.107, 10
0, 6, 1, -1.885, 2.214, -0.673, 0.147, -0.148, -0.4, 0.252, -0.098, -0.874, 0.245, 3
0, 6, 1, -2.708, 2.396, 0.728, 0.336, -1.437, -0.344, -0.411, 1.469, -0.022, -0.717, 6
0, 6, 1, -5.08, 2.241, 0.971, -0.374, 0.501, 0.226, 0.144, 0.851, -1.319, -0.3, 9
0, 6, 1, -4.247, -0.034, 0.248, 1.372, 1.831, 1.167, 0.087, -0.518, -0.316, 0.347, 0
0, 6, 1, -3.183, 0.154, -0.413, 0.923, 1.091, 0.582, -0.447, -0.085, -0.904, 0.693, 1
0, 6, 1, -4.403, 3.602, -0.945, -0.934, 0.041, 0.409, 1.003, 0.47, -0.477, -0.621, 7
0, 7, 1, -3.133, 1.983, -1.398, 0.254, -0.667, 0.532, 0.389, -0.178, -0.584, 0.844, 5
0, 7, 1, -4.393, 2.137, 0.57, 1.397, 0.293, -0.836, -0.966, -0.461, -0.277, 1.184, 1
0, 7, 1, -3.961, 1.078, 0.11, 1.232, 0.21, -0.67, -0.536, -0.33, -0.268, 1.098, 2
0, 7, 1, -3.949, 2.99, -0.643, -0.986, -0.175, 0.768, 0.249, 0.803, -1.479, 0.168, 6
0, 7, 1, -5.143, 2.051, 1.216, 1.898, -0.555, -0.466, -0.842, 0.011, 0.461, 0.193, 0
0, 7, 1, -4.403, 1.409, 0.551, 1.496, 0.673, -0.616, -0.787, -0.382, -0.696, 1.139, 1
0, 7, 1, -3.622, 1.111, -0.972, 0.399, -0.402, 0.527, 0.271, 0.373, -0.716, 0.943, 3
1, 8, 0, -2.505, 0.632, -0.593, 0.304, 0.496, 0.824, -0.162, 0.181, -0.363, -0.764, 2
1, 8, 0, -3.816, 3.426, 0.224, -0.384, -1.733, 0.434, -0.322, 1.333, 0.653, 0.577, 7
1, 8, 0, -4.982, 1.538, 0.96, 1.253, -0.64, 0.588, -0.484, -0.31, -0.246, 1.18, 9
1, 8, 0, -2.895, 0.682, -0.151, 0.218, -0.689, 1.118, -0.264, 0.922, 0.757, 0.327, 10
1, 8, 0, -1.093, -0.922, -2.091, 0.844, 0.009, 1.247, 0.891, 1.453, -0.089, -0.4, 0
1, 8, 0, -1.707, 1.652, -1.012, -0.622, -0.293, 0.279, -0.276, 0.477, 0.05, -0.2, 3
1, 8, 0, -2.625, 1.551, 0.298, 0.324, -1.05, 0.746, 0.067, 0.603, 0.342, -0.413, 5
1, 8, 0, -1.793, 0.925, -0.739, -0.396, -0.211, 0.329, -0.403, 0.604, 0.197, -0.251, 3
1, 8, 0, -2.92, 2.697, -0.116, 0.451, -0.859, -0.035, -0.307, 0.874, 0.622, -0.301, 4
1, 8, 0, -3.989, 3.049, 0.304, 0.209, -1.26, -0.205, -0.735, 0.862, 0.551, 1.114, 7
1, 8, 0, -1.817, 0.559, -0.801, 0.234, 0.011, 1.215, -0.161, 0.809, 0.018, -0.382, 2
1, 8, 0, -3.958, 4.132, -0.074, -0.19, -1.184, -0.11, -0.679, 1.198, 0.442, 0.563, 7
1, 8, 0, -3.947, 2.102, 0.305, 0.462, -0.765, 1.037, -0.618, 0.741, 0.345, 0.269, 8
1, 9, 0, -4.033, 4.071, -0.586, 0.127, -1.447, 0.62, 0.197, 0.711, 0.48, -0.306, 7
1, 9, 0, -4.718, 3.281, -0.203, 0.651, -0.883, 1.413, -0.663, 0.583, 0.237, -0.307, 9
1, 9, 0, -2.973, 0.036, -1.273, 1.519, 0.195, 1.98, 0.131, 0.832, -1.157, -0.547, 0
1, 9, 0, -4.13, 3.291, -1.424, 0.359, -0.273, 1.297, -0.454, 0.62, -0.527, -0.709, 8
1, 9, 0, -4.139, 3.363, -1.464, 0.459, -0.066, 1.045, -0.146, 0.172, -0.124, -0.864, 8
1, 9, 0, -4.782, 3.325, -0.071, 0.663, -0.913, 1.012, -0.033, -0.103, 0.483, -0.202, 9
1, 9, 0, -2.8, 2.609, -1.726, 0.036, -0.941, 1.039, 0.191, 0.044, -0.165, -0.234, 4
1, 9, 0, -4.174, 3.54, -1.43, 0.417, 0.267, 0.918, -0.118, -0.267, -0.162, -0.71, 8
1, 9, 0, -3.735, 2.096, -0.818, 0.463, -0.221, 1.144, 0.023, 0.224, -0.745, -0.325, 10
1, 10, 0, -4.602, 3.043, -0.959, 0.828, -0.298, 0.315, 0.423, 0.57, 0.387, -0.617, 9
1, 10, 0, -2.6, 1.219, -1.315, 0.589, 0.311, 0.364, 0.451, 0.35, -0.556, -0.314, 2
1, 10, 0, -2.444, 2.529, -0.487, -0.814, -0.151, 1.285, 0.077, -0.064, 0.287, -0.638, 5
1, 10, 0, -2.45, 1.993, -1.08, -0.09, 0.367, 0.324, -0.164, 0.684, -0.181, -1.013, 3
1, 11, 0, -4.019, 3.52, -1.058, -0.2, -0.545, 1.348, 0.351, 0.82, -0.868, -0.434, 8
1, 11, 0, -2.377, -0.266, -1.371, 1.09, 0.24, 1.843, 0.107, 0.702, -1.256, -0.62, 0
1, 11, 0, -2.131, 1.487, -0.302, -0.272, 0.012, 0.067, 0.149, 0.022, -0.133, -0.322, 3
1, 11, 0, -2.458, 1.586, -0.359, 0.376, -0.244, 0.134, -0.163, 0.298, 0.444, -0.711, 5
1, 11, 0, -4.094, 3.586, -0.845, -0.026, -0.538, 0.964, 0.666, 0.647, -0.412, -0.477, 8
1, 11, 0, -2.46, -0.325, -1.404, 0.928, 0.122, 2.049, 0.274, 0.532, -1.113, -0.769, 0
1, 11, 0, -2.318, 1.097, -0.832, 0.26, 0.821, 0.588, 0.402, 0.327, -0.852, -0.773, 2
1, 11, 0, -3.338, 3.033, -1.189, -0.269, -0.364, 0.544, 0.491, 0.148, 0.365, -0.931, 6
1, 11, 0, -4.048, 3.753, -1.15, -0.209, -0.53, 0.871, 0.445, 0.716, -0.131, 0.139, 7
1, 11, 0, -2.706, 2.07, -0.691, 0.31, -0.745, 0.266, -0.413, 0.602, 0.36, -0.713, 4
1, 12, 1, -2.594, 2.584, -0.37, -0.524, -0.177, 0.515, -0.137, 0.095, -0.731, 0.072, 5
1, 12, 1, -4.386, 3.055, 0.075, -0.018, -0.436, 0.566, -0.288, 0.936, -0.577, -1.01, 9
1, 12, 1, -3.155, 0.613, -0.285, 1.287, 0.882, 0.337, -0.624, 0.067, -0.516, 0.891, 1
1, 12, 1, -2.836, 1.561, -0.076, 1.229, -0.291, -0.036, -0.369, -0.393, -0.181, 0.85, 2
1, 12, 1, -3.35, 2.713, -0.472, 0.4, -0.196, 0.248, -0.224, 0.53, -0.358, -0.091, 10
1, 13, 1, -4.001, 2.284, -0.365, 2.106, 1.006, -0.028, -0.825, -0.39, -0.898, 0.099, 9
1, 13, 1, -2.964, 2.811, -1.317, 0.324, -0.781, 1.369, 0.127, -0.368, -0.677, 0.493, 4
1, 13, 1, -2.928, 2.83, -1.361, 0.323, -0.739, 1.431, 0.002, -0.172, -0.939, 0.607, 4
1, 14, 1, -4.008, 2.141, -0.18, 1.041, 0.688, 0.712, -0.879, -0.201, -1.066, -0.549, 9
1, 14, 1, -3.451, 2.257, -0.845, 0.432, 0.486, 0.266, -0.215, 0.006, -1.082, 0.759, 10
1, 14, 1, -3.946, 2.545, 0.447, -0.001, 0.043, 0.788, -0.102, 0.68, -0.637, -0.545, 8
1, 14, 1, -3.018, 3.014, -1.486, -0.105, -0.131, 0.929, 0.226, -0.463, -0.555, 0.598, 4
0, 0, 0, -2.598, 1.938, -0.846, 1.062, -1.633, 0.764, 0.394, -0.15, 0.277, -0.396, 4
0, 0, 0, -3.648, 1.812, -1.378, 1.578, 0.065, 1.577, -0.466, 0.702, 0.06, -0.836, 9
0, 0, 0, -3.951, 2.25, 0.127, 1.772, -1.906, 0.567, -0.432, 1.045, 0.598, -0.293, 7
0, 0, 0, -3.665, 0.337, -0.641, 1.791, -0.194, 1.686, -0.359, 0.57, -0.676, -0.841, 0
0, 0, 0, -3.015, 2.232, -0.899, 0.574, -1.331, 0.546, 0.61, -0.452, 0.035, -0.156, 5
0, 0, 0, -2.69, 1.652, -1.261, 0.674, -0.964, 1.449, -0.593, 1.005, -0.303, -0.541, 10
0, 0, 0, -2.302, 0.85, -1.646, 0.455, -0.488, 1.491, -0.617, 0.819, -0.887, -0.08, 2
0, 1, 0, -1.912, 1.554, -1.455, -0.017, -0.118, 0.27, -0.037, 0.163, -0.027, -0.474, 3
0, 1, 0, -2.385, 1.241, 0.272, -0.04, -0.692, 0.16, -0.061, -0.189, 0.744, 0.088, 5
0, 1, 0, -3.092, 3.014, -0.307, -0.016, -0.956, 0.195, -0.227, 0.367, 0.958, -0.092, 6

