0, 1, 0, -2.051, 1.508, -1.641, -0.058, -0.102, 0.346, -0.021, 0.109, -0.147, -0.298, 3
0, 2, 0, -3.813, 3.705, -0.157, 1.561, -1.503, -0.366, -0.581, 1.412, 0.29, -0.099, 7
0, 2, 0, -3.836, 3.699, -0.225, 1.52, -1.729, -0.184, 0.064, 0.97, 0.5, -0.13, 7
0, 2, 0, -4.333, 2.438, -0.219, 1.372, -0.761, 0.306, 0.594, -0.022, 1.103, 0.19, 9
0, 2, 0, -1.501, 1.611, -1.003, 1.156, -0.883, 0.901, -0.169, 0.862, -0.151, 0.164, 3
0, 2, 0, -1.891, 1.776, -0.518, 1.461, -1.05, 0.567, -0.307, 1.152, -0.239, 0.325, 5
0, 2, 0, -3.549, 1.905, -0.509, 1.963, -1.2, 0.847, -0.157, 0.842, 0.625, -0.586, 8
0, 2, 0, -4.373, 2.463, -0.171, 1.501, -0.639, 0.292, 0.518, -0.114, 1.127, 0.332, 9
0, 2, 0, -2.562, 1.361, -0.94, 1.333, -1.047, 1.208, -0.316, 1.055, 0.354, -0.77, 10
0, 2, 0, -2.447, 1.914, -0.208, 1.641, -1.159, 0.104, -0.539, 1.58, 0.058, 0.786, 6
0, 2, 0, -3.675, 3.132, -0.241, 1.587, -1.75, -0.222, 0.039, 1.052, 0.545, 0.233, 7
0, 3, 0, -3.193, 2.026, 0.83, 0.813, -1.205, 0.036, -0.95, 0.786, 1.045, 0.21, 6
0, 3, 0, -2.434, 0.87, 0.127, 0.224, -0.811, 0.666, -0.233, 0.705, 0.408, 0.136, 10
0, 3, 0, -2.026, 1.75, -0.526, -0.131, 0.266, -0.055, 0.084, 0.063, 0.047, -0.691, 3
0, 3, 0, -3.169, 1.041, 0.509, 0.693, -1.185, 0.673, -0.352, 0.877, 0.434, 1.009, 8
0, 3, 0, -1.79, 0.793, -1.041, 0.214, 0.215, 0.694, 0.121, 0.583, -0.403, -0.487, 2
0, 3, 0, -2.507, 1.528, 0.852, 0.331, -1.231, -0.259, -0.265, 0.856, 0.07, 0.069, 4
0, 3, 0, -3.482, 1.127, 0.899, 1.993, -1.385, -0.05, -1.273, 0.647, 0.844, 1.044, 7
0, 4, 1, -4.188, 2.637, 0.502, 0.552, 0.735, 0.395, -0.026, 0.803, -0.874, -0.913, 9
0, 4, 1, -2.939, 2.157, -0.451, -0.209, -0.88, 0.697, 0.823, -0.035, -0.744, -0.193, 4
0, 4, 1, -4.497, 3.018, 0.609, 0.115, 0.673, 0.709, -0.03, 0.861, -0.704, -1.038, 9
0, 4, 1, -2.846, 1.01, -0.219, -0.083, 0.091, 0.076, 0.442, 0.509, -1.181, -0.021, 10
0, 4, 1, -4.216, 3.638, 0.192, -0.023, -1.231, -0.32, 0.128, 1.03, 0.061, -0.179, 7
0, 5, 1, -3.268, -0.079, -0.693, 0.763, 1.043, 1.194, 0.892, -1.293, -1.033, 0.199, 0
0, 5, 1, -3.347, -0.159, -0.414, 0.922, 0.973, 0.978, 0.929, -1.211, -1.268, 0.278, 0
0, 5, 1, -3.594, -0.137, -0.028, 1.018, 1.069, 0.723, 0.695, -0.982, -1.433, 0.249, 0
0, 5, 1, -2.884, 2.424, -0.764, -0.108, -1.015, 0.361, 0.712, 0.133, -0.017, -0.847, 4
0, 6, 1, -2.21, 0.661, -0.581, 1.139, 0.238, 0.074, -0.625, -0.366, -0.326, 0.557, 2
0, 6, 1, -4.107, 2.17, 0.206, -0.811, 0.334, 0.633, 0.402, 1.097, -1.327, -0.04, 8
0, 6, 1, -3.76, -0.32, -0.24, 1.273, 1.751, 1.125, 0.23, -0.723, -0.501, 0.315, 0
0, 6, 1, -2.521, 2.271, -0.277, 0.27, -0.909, 0.274, 0.348, -0.028, -1.177, 0.432, 5
0, 6, 1, -4.07, 2.254, -0.28, -0.722, 0.696, 0.683, 0.243, 0.689, -1.45, 0.19, 8
0, 6, 1, -2.514, 0.558, -0.777, 1.299, 0.027, 0.247, -0.487, -0.653, -0.028, 0.481, 2
0, 6, 1, -5.158, 2.488, 1.064, -0.343, 0.352, 0.18, -0.05, 0.817, -1.308, -0.249, 9
0, 6, 1, -2.907, 1.992, -0.904, 0.205, 0.011, 0.346, -0.031, -0.148, -1.262, 0.487, 10
0, 6, 1, -2.752, 1.778, -0.718, 0.057, -0.009, 0.402, 0.121, 0.05, -1.435, 0.281, 10
0, 7, 1, -4.468, 4.121, -0.42, -1.197, 0.338, 0.6, -0.11, 0.314, -1.248, -0.012, 8
0, 7, 1, -3.417, 1.984, -1.148, 0.234, -0.778, 0.411, 0.494, 0.13, -0.704, 0.764, 5
0, 7, 1, -3.631, 1.195, -0.719, 0.13, -0.065, 0.348, -0.061, 0.555, -0.594, 0.806, 3
0, 7, 1, -4.513, 4.265, -1.477, -1.09, 0.215, 0.829, 0.342, 0.693, -0.601, -0.056, 7
1, 8, 0, -2.509, 1.326, 0.354, 0.663, -0.724, 0.418, -0.496, 0.713, 0.638, -0.204, 5
1, 8, 0, -3.839, 1.248, 0.83, 0.982, -1.11, 0.617, -0.751, 0.084, 0.309, 1.125, 8
1, 8, 0, -2.499, 0.119, -0.82, 0.346, 0.347, 1.696, 0.245, 0.689, -0.084, -0.596, 1
1, 8, 0, -2.696, 3.129, -0.52, 0.294, -0.989, 0.019, -0.066, 1.106, 0.361, -0.396, 4
1, 8, 0, -2.698, -1.027, -0.94, 1.796, 0.392, 1.33, 0.866, 0.781, -0.838, -0.663, 0
1, 8, 0, -1.969, 0.835, -0.671, -0.27, 0.028, 0.4, -0.444, 0.53, 0.061, -0.343, 3
1, 8, 0, -2.71, 0.809, 0.754, 1.903, -0.764, 0.378, -1.123, 0.162, 0.405, 1.163, 6
1, 9, 0, -2.55, 2.391, -1.137, 0.09, -0.948, 0.217, 0.051, 0.723, -0.558, -0.204, 5
1, 9, 0, -4.693, 3.146, -0.136, 0.587, -0.731, 1.055, -0.104, -0.021, 0.637, -0.192, 9
1, 9, 0, -1.925, 1.517, -0.999, 0.634, -1.27, 0.207, 0.385, 0.004, -0.141, -0.624, 3
1, 9, 0, -2.797, 2.706, -1.936, 0.147, -0.921, 1.24, -0.082, -0.006, -0.214, -0.064, 4
1, 9, 0, -3.731, 1.927, -0.705, 0.453, -0.372, 1.149, 0.046, 0.323, -0.627, -0.331, 10
1, 9, 0, -3.055, 0.088, -1.217, 1.562, 0.186, 2.059, 0.054, 0.639, -1.121, -0.757, 0
1, 9, 0, -1.926, 0.689, -1.433, 0.716, -0.588, 0.269, -0.044, 0.716, -0.245, -0.285, 2
1, 9, 0, -3.19, 3.101, -1.659, -0.182, -0.436, 0.828, 0.272, 0.502, -0.857, -0.516, 6
1, 9, 0, -3.756, 2.204, -0.716, 0.529, -0.284, 1.121, 0.022, 0.127, -0.782, -0.394, 10
1, 10, 0, -2.966, 0.659, -1.057, 1.36, 0.152, 1.435, 0.197, 0.926, -0.45, -0.637, 1
1, 10, 0, -2.382, 1.984, -1.096, -0.103, 0.369, 0.204, -0.125, 0.752, -0.136, -0.959, 3
1, 10, 0, -2.54, 2.925, -0.377, -0.745, -0.562, 0.981, 0.303, 0.539, 0.127, -0.959, 4
1, 10, 0, -3.0, 0.217, -0.855, 0.803, -0.008, 1.795, -0.01, 1.07, -0.061, -1.046, 1
1, 11, 0, -2.913, 0.757, -0.819, 1.245, 0.419, 1.17, 0.051, 0.328, -0.96, -0.614, 1
1, 11, 0, -2.207, 1.09, -0.627, 0.024, 0.912, 0.662, 0.241, 0.348, -0.702, -0.912, 2
1, 11, 0, -3.117, 2.876, -0.746, -0.047, -0.427, -0.053, 0.453, 0.305, 0.541, -0.489, 6
1, 11, 0, -4.138, 1.128, -0.601, 1.553, -0.019, 2.039, -0.176, 0.262, -0.551, -0.362, 9
1, 11, 0, -2.723, 1.975, -0.636, 0.336, -0.677, 0.156, -0.342, 0.479, 0.381, -0.729, 4
1, 11, 0, -2.904, 0.458, -0.656, 0.832, 0.61, 0.805, 0.568, 0.041, -0.114, -0.615, 1
1, 12, 1, -4.471, 3.192, -0.161, 0.117, -0.327, 0.406, -0.201, 0.919, -0.716, -0.933, 9
1, 12, 1, -2.776, 3.557, -0.435, -1.044, -0.572, 1.273, 0.221, 0.295, -0.986, -0.04, 6
1, 12, 1, -3.356, 3.236, -0.653, -0.9, -0.661, 1.43, 0.901, 0.395, -0.139, -0.726, 7
1, 12, 1, -3.189, 2.62, -0.833, 0.45, 0.009, 0.444, -0.348, 0.126, -0.614, 0.081, 10
1, 12, 1, -2.762, 1.51, -0.145, 1.157, -0.256, 0.041, -0.647, -0.324, -0.128, 0.806, 2
1, 13, 1, -4.711, 1.166, 1.244, 1.746, 0.311, -0.305, -0.691, -0.137, -0.288, 1.023, 0
1, 13, 1, -2.931, 1.85, -0.896, 0.685, -1.0, 0.504, 0.212, -0.276, -0.203, 0.595, 3
1, 13, 1, -3.4, 3.441, -1.805, 0.814, -0.162, 1.445, -0.11, -0.499, -1.201, -0.046, 6
1, 13, 1, -3.446, 2.44, -0.37, 0.926, 0.194, 0.141, -0.098, -0.557, -0.889, 0.985, 10
1, 13, 1, -3.371, 2.007, -0.919, 0.843, 0.221, 0.541, -0.317, -0.37, -0.5, 0.652, 5
1, 13, 1, -3.985, 2.192, -0.426, 2.163, 1.114, 0.016, -0.846, -0.468, -0.858, 0.037, 9
1, 13, 1, -3.917, 1.925, 0.267, 1.361, 0.453, -0.19, -0.242, -0.633, -0.62, 1.039, 1
1, 13, 1, -3.57, 3.41, -1.576, 0.563, 0.002, 0.759, 0.285, -0.466, -1.409, 0.586, 6
1, 13, 1, -3.862, 2.109, -0.65, 0.99, 0.724, 0.641, -0.293, -0.519, -1.055, 0.653, 8
1, 14, 1, -3.441, 1.975, -0.395, 1.024, -0.052, -0.167, -0.445, 0.168, -0.684, 1.04, 2
1, 14, 1, -2.871, 3.13, -1.3, 0.008, -0.288, 0.483, 0.258, -0.342, -0.614, 0.83, 5
1, 14, 1, -3.836, 0.508, 0.645, 1.721, 0.28, 0.303, -0.911, -0.592, -0.631, 1.023, 0
1, 14, 1, -3.634, 3.589, -1.075, -0.709, 0.058, 1.051, 0.878, 0.627, -0.111, -0.437, 7
1, 14, 1, -3.32, 1.553, -0.586, 1.688, -0.262, 0.392, -0.478, -0.461, -0.522, 0.929, 2
1, 14, 1, -3.002, 2.944, -1.379, -0.188, -0.131, 0.957, 0.346, -0.392, -0.711, 0.617, 4
0, 0, 0, -3.482, 2.524, -0.433, 1.048, -1.995, 0.902, 0.322, 0.45, 0.377, -0.366, 6
0, 0, 0, -3.86, 2.116, -0.939, 0.688, -0.675, 1.679, -0.512, 0.928, -0.167, -0.434, 8
0, 0, 0, -2.135, 0.954, -1.632, 0.121, -0.704, 1.6, -0.628, 0.713, -0.903, -0.027, 2
0, 0, 0, -3.062, 0.351, -1.071, 1.061, -0.355, 1.99, -0.21, 0.796, -0.358, -0.299, 1
0, 0, 0, -3.171, 0.49, -1.128, 0.911, -0.388, 2.014, -0.212, 0.707, -0.551, -0.187, 1
0, 0, 0, -3.141, 1.873, -1.131, 0.941, -0.759, 1.224, -0.354, 0.016, -0.218, -0.568, 4
0, 0, 0, -3.546, 1.258, -1.227, 0.823, -0.702, 1.734, -0.397, 1.333, -0.277, 0.013, 8
0, 1, 0, -4.102, 0.209, 0.414, 0.423, 0.985, 1.434, 0.663, 0.036, -0.784, -0.668, 0
0, 1, 0, -1.954, 1.595, -1.593, 0.37, -0.136, 0.022, 0.034, 0.321, -0.19, -0.491, 3
0, 1, 0, -2.321, 1.303, 0.32, -0.085, -0.278, 0.001, -0.094, -0.283, 0.852, 0.022, 5
0, 1, 0, -1.657, 0.056, -1.044, -0.32, -0.316, 1.321, 0.638, 0.8, 0.298, -0.159, 1
0, 1, 0, -2.441, 1.415, 0.386, -0.335, -0.187, -0.079, -0.0, -0.175, 0.792, -0.026, 5
0, 1, 0, -3.917, 3.496, 0.409, -0.531, -1.15, 0.017, 0.605, 0.977, -0.328, 0.447, 7

