0, 1, 0, -3.058, 1.678, -0.351, -0.255, 0.038, 0.692, -0.173, 0.226, 0.202, -0.593, 10
0, 2, 0, -1.674, 1.711, -1.04, 1.136, -0.869, 1.036, -0.157, 0.946, -0.361, 0.02, 3
0, 2, 0, -3.834, 3.749, -0.183, 1.518, -1.585, -0.281, -0.334, 1.191, 0.425, -0.104, 7
0, 2, 0, -2.176, 1.952, -0.144, 1.659, -1.128, 0.28, -0.658, 1.346, 0.008, 0.505, 4
0, 2, 0, -1.475, 1.557, -1.009, 1.202, -0.846, 0.883, -0.138, 0.822, -0.165, 0.198, 3
0, 3, 0, -1.614, 0.287, -1.195, -0.252, -0.257, 1.251, 0.281, 0.898, 0.188, -0.423, 1
0, 3, 0, -1.891, 0.988, -1.06, 0.119, 0.59, 0.263, 0.372, 0.39, -0.376, -0.655, 2
0, 3, 0, -2.431, 1.873, 0.208, 0.123, -0.634, 0.178, 0.04, 0.612, 0.446, -0.562, 5
0, 3, 0, -1.823, -0.578, -1.624, 0.52, 0.052, 1.711, 0.535, 1.318, -0.115, -0.505, 0
0, 3, 0, -2.089, 1.695, -0.528, -0.232, 0.385, -0.137, 0.033, 0.071, 0.033, -0.744, 3
0, 3, 0, -2.704, 0.917, 0.267, 0.314, -0.756, 0.818, -0.114, 0.673, 0.261, 0.056, 10
0, 3, 0, -2.058, -0.61, -1.497, 0.696, 0.072, 1.802, 0.626, 1.303, -0.192, -0.538, 0
0, 3, 0, -1.933, 0.728, -1.015, 0.27, 0.199, 0.78, 0.192, 0.706, -0.446, -0.595, 2
0, 3, 0, -3.246, 0.712, 0.39, 0.82, -1.352, 1.074, 0.197, 0.857, -0.056, 0.485, 8
0, 4, 1, -2.497, 1.607, -0.621, -0.446, -0.226, -0.152, 1.16, 0.122, -0.809, 0.495, 5
0, 4, 1, -3.533, 2.319, 1.085, 0.247, -1.053, -0.429, -0.026, 1.305, -0.243, -0.671, 6
0, 4, 1, -3.893, 3.69, 0.079, -0.151, -1.093, -0.518, 0.198, 1.583, -0.257, -0.169, 7
0, 4, 1, -4.16, 2.814, 0.557, 0.604, 0.584, 0.477, -0.272, 0.784, -0.999, -0.781, 9
0, 4, 1, -3.162, -1.137, 0.3, 1.44, 0.688, 1.645, -0.447, -0.518, -0.52, 0.641, 0
0, 4, 1, -2.861, 2.091, -0.411, -0.438, -0.643, 0.317, 0.817, 0.104, -0.481, -0.252, 4
0, 4, 1, -3.049, 0.084, 0.981, 1.193, 0.761, 0.495, -0.714, -0.466, -0.568, -0.149, 1
0, 4, 1, -4.21, 3.869, 0.164, -0.047, -1.251, -0.102, 0.276, 0.919, 0.091, -0.159, 7
0, 4, 1, -3.543, 0.624, 0.674, 1.413, 0.653, -0.445, -0.803, -0.256, -0.65, 0.423, 1
0, 5, 1, -4.744, 3.385, -0.886, 0.571, 0.235, 0.183, 0.357, 0.04, 0.203, -1.68, 9
0, 5, 1, -3.091, 0.935, -0.574, 1.36, 0.416, 0.764, -0.48, -0.144, -1.295, 0.696, 2
0, 5, 1, -2.656, 1.263, -0.527, 0.464, -0.612, 0.668, -0.16, 0.857, -0.416, -0.596, 5
0, 5, 1, -4.885, 3.967, -0.948, 0.373, 0.255, -0.121, 0.43, -0.013, 0.018, -1.518, 9
0, 6, 1, -3.984, 2.29, -0.103, -0.707, 0.297, 0.317, 0.857, 1.403, -1.253, -0.298, 8
0, 6, 1, -4.964, 2.78, 0.474, 0.047, 0.417, -0.328, 0.334, 0.474, -1.26, -0.221, 9
0, 6, 1, -2.103, 0.655, -0.84, 1.195, 0.377, 0.135, -0.504, -0.549, -0.404, 0.602, 2
0, 6, 1, -2.563, 2.829, -0.283, -0.368, -1.593, 0.408, 0.121, 0.933, -0.946, -0.356, 4
0, 6, 1, -5.069, 2.119, 0.826, -0.274, 0.576, 0.145, 0.308, 1.001, -1.412, -0.306, 9
0, 6, 1, -2.812, 1.954, -0.661, 0.109, -0.011, 0.11, 0.187, 0.096, -1.538, 0.592, 10
0, 6, 1, -2.041, 2.119, -0.585, 0.549, -0.43, -0.291, -0.002, -0.234, -0.751, 0.253, 3
0, 7, 1, -3.887, 3.172, -0.739, -0.69, -0.548, 0.33, 0.569, 0.98, -1.609, 0.283, 6
0, 7, 1, -4.58, 4.116, -0.753, -0.849, 0.516, 0.498, 0.117, 0.181, -1.256, -0.119, 8
0, 7, 1, -4.426, 1.167, 0.008, 1.315, 0.189, -0.297, -0.124, -0.244, -0.423, 0.684, 2
1, 8, 0, -2.484, 0.559, 0.624, 1.951, -0.646, 0.381, -1.106, 0.036, 0.24, 1.291, 6
1, 8, 0, -3.366, -0.826, -0.405, 1.643, 0.603, 1.226, 0.524, 0.293, -0.858, -0.668, 0
1, 8, 0, -2.889, 1.418, 0.409, 0.61, -1.018, 0.992, 0.005, 0.518, -0.027, -0.326, 5
1, 9, 0, -3.297, 2.88, -0.859, -0.301, -1.02, 0.798, 0.288, 0.855, -0.528, -0.662, 6
1, 9, 0, -3.73, 1.872, -0.801, 0.555, -0.427, 0.791, 0.196, 0.65, -0.744, -0.372, 10
1, 9, 0, -2.785, 2.792, -1.924, 0.225, -0.985, 1.076, 0.07, -0.071, -0.257, -0.135, 4
1, 9, 0, -4.753, 3.421, -0.189, 0.656, -0.984, 1.443, -0.652, 0.546, 0.123, -0.326, 9
1, 9, 0, -3.711, 1.377, -0.584, 1.428, -0.033, 1.062, -0.127, 0.328, -1.092, -0.565, 1
1, 9, 0, -2.914, 2.541, -1.567, 0.067, -1.051, 1.207, 0.006, 0.289, -0.325, -0.343, 4
1, 10, 0, -4.103, 3.812, 0.255, -0.103, -0.994, 0.097, -0.345, 2.039, 0.02, -0.43, 7
1, 10, 0, -2.464, 2.755, -0.975, -0.651, 0.158, 1.047, -0.145, 0.203, 0.246, -0.745, 5
1, 10, 0, -3.024, 3.26, 0.35, -0.577, -1.183, 0.872, 0.556, 0.762, 0.395, -0.665, 6
1, 10, 0, -3.034, 0.452, -0.946, 0.931, 0.128, 1.514, 0.142, 0.932, -0.104, -0.974, 1
1, 10, 0, -3.664, 1.119, -0.459, 0.482, 0.082, 0.221, 0.185, 0.861, -0.237, -0.413, 10
1, 11, 0, -2.382, -0.294, -1.397, 1.051, 0.211, 1.901, 0.151, 0.654, -1.286, -0.609, 0
1, 11, 0, -3.242, 2.901, -0.632, -0.332, -0.421, 0.226, 0.536, 0.142, 0.623, -0.616, 6
1, 11, 0, -3.242, 1.802, -0.482, 0.699, 0.424, 0.337, 0.115, 0.272, -0.205, -1.074, 10
1, 11, 0, -4.142, 3.454, -0.653, 0.271, -0.598, 0.793, 0.563, 0.52, -0.118, -0.33, 8
1, 11, 0, -2.391, -0.347, -1.474, 0.843, 0.089, 2.021, 0.417, 0.502, -0.86, -0.978, 0
1, 12, 1, -2.027, 2.157, -0.297, -0.211, -0.266, 0.086, -0.176, -0.179, -0.283, 0.292, 3
1, 12, 1, -2.263, 3.344, -1.165, -0.625, -0.159, 0.926, 0.13, -0.33, -0.783, 0.31, 4
1, 12, 1, -3.828, 3.188, -0.388, 0.055, -0.185, -0.029, 0.503, 0.273, 0.326, 0.1, 8
1, 12, 1, -2.021, 2.493, -0.416, -0.116, 0.094, -0.033, -0.4, -0.08, -0.136, 0.069, 3
1, 12, 1, -3.905, 3.147, -1.259, 0.304, -0.216, 1.055, 0.578, 0.353, -0.517, -0.871, 8
1, 13, 1, -4.057, 1.925, 0.521, 1.331, 0.273, -0.167, -0.365, -0.665, -0.512, 0.716, 1
1, 13, 1, -3.097, 1.385, -0.173, 1.392, -0.613, -0.143, -0.014, -0.565, -0.065, 1.129, 2
1, 13, 1, -3.483, 2.628, -0.383, 0.838, 0.2, 0.102, -0.162, -0.547, -0.791, 1.018, 10
1, 13, 1, -2.926, 2.673, -1.242, 0.396, -1.029, 1.548, 0.05, -0.592, -0.331, 0.595, 4
1, 13, 1, -3.075, 1.824, -0.905, 0.727, 0.155, 0.608, -0.075, -0.377, -0.74, 0.852, 5
1, 13, 1, -4.045, 2.377, -0.3, 2.002, 0.826, -0.18, -0.768, -0.408, -0.787, 0.156, 9
1, 13, 1, -3.999, 2.138, 0.295, 1.086, 0.699, -0.127, -0.634, -0.4, -0.505, 0.856, 1
1, 13, 1, -3.847, 4.268, -1.521, -0.465, -0.23, 1.067, -0.02, 0.005, -0.577, -0.509, 7
1, 13, 1, -4.052, 2.335, -0.415, 0.732, 0.234, 0.426, -0.49, -0.218, -0.618, 0.34, 8
1, 13, 1, -4.763, 1.305, 1.231, 1.548, 0.308, -0.152, -0.792, -0.124, -0.107, 0.885, 0
1, 13, 1, -2.965, 1.124, -0.349, 1.581, -0.666, 0.125, -0.025, -0.887, -0.13, 1.11, 2
1, 13, 1, -3.456, 2.027, -0.862, 0.887, 0.281, 0.435, -0.307, -0.387, -0.6, 0.725, 5
1, 13, 1, -2.902, 2.796, -1.199, 0.234, -0.821, 1.257, 0.263, -0.075, -1.103, 0.417, 4
1, 14, 1, -3.66, 3.618, -1.051, -0.748, 0.08, 1.022, 0.914, 0.613, 0.023, -0.448, 7
1, 14, 1, -3.396, 2.257, -0.602, 0.407, 0.204, 0.366, 0.067, 0.044, -1.352, 0.871, 10
1, 14, 1, -3.743, 3.629, -0.874, -0.79, -0.312, 1.759, 0.679, 0.565, -0.521, -0.485, 7
1, 14, 1, -3.5, 0.068, 0.533, 1.876, 0.363, 0.542, -0.982, -0.671, -1.006, 1.101, 0
1, 14, 1, -3.468, 1.81, -0.39, 1.55, -0.084, -0.008, -0.482, -0.231, -0.724, 0.967, 2
1, 14, 1, -2.924, 2.731, -1.138, 0.066, 0.1, 0.683, 0.162, -0.399, -0.882, 0.827, 5
1, 14, 1, -3.239, 3.083, -1.427, -0.202, -0.282, 1.421, 0.576, 0.068, -0.914, 0.147, 6
0, 0, 0, -2.287, 1.809, -1.498, 1.012, -1.053, 1.06, -0.567, 0.235, -0.091, -0.795, 3
0, 0, 0, -3.165, 0.408, -0.971, 1.207, -0.298, 1.921, -0.215, 0.723, -0.492, -0.425, 1
0, 0, 0, -3.635, 2.25, -0.394, 1.012, -1.693, 0.117, 0.665, 0.281, 0.343, -0.003, 6
0, 1, 0, -3.941, 3.353, 0.486, -0.506, -1.12, 0.101, 0.297, 0.711, -0.078, 0.648, 7
0, 1, 0, -1.914, 1.473, -1.342, -0.013, -0.213, 0.253, 0.005, 0.229, -0.009, -0.445, 3
0, 1, 0, -4.323, 2.853, 0.385, 0.209, -1.096, 0.431, 0.119, 0.268, 0.131, 0.654, 8
0, 1, 0, -4.676, 2.537, 0.075, 0.73, -0.933, 1.493, 0.049, 0.076, 0.254, 0.276, 9
0, 1, 0, -1.804, 0.431, -1.0, -0.427, -0.094, 0.848, 0.084, 0.636, -0.275, -0.214, 2
0, 1, 0, -1.978, 1.542, -1.487, -0.096, -0.025, 0.32, -0.063, 0.097, -0.073, -0.381, 3
0, 1, 0, -2.748, 3.217, -0.976, -0.213, -0.792, 0.771, -0.032, 0.223, 0.043, -0.825, 4
0, 1, 0, -2.351, 1.53, 0.086, -0.075, -0.426, 0.125, -0.197, 0.033, 0.848, -0.038, 5
0, 1, 0, -3.105, 2.916, -0.207, 0.031, -0.897, 0.021, -0.229, 0.256, 1.073, -0.065, 6
0, 1, 0, -3.985, 3.614, 0.584, -0.42, -1.105, -0.174, 0.348, 0.885, -0.165, 0.65, 7
0, 1, 0, -4.16, 3.329, 0.275, 0.394, -1.287, 0.693, 0.483, 0.121, 0.286, 0.153, 8
0, 1, 0, -4.88, 3.064, 0.06, 0.434, -0.575, 0.897, 0.25, 0.085, 0.093, 0.445, 9
0, 1, 0, -3.082, 1.633, -0.118, -0.147, -0.484, 1.176, -0.086, -0.072, 0.086, -0.564, 10
0, 1, 0, -4.158, -0.342, 0.9, 1.09, 0.56, 0.955, 0.395, -0.328, -1.52, -0.498, 0
0, 1, 0, -2.441, 0.191, -0.814, 0.255, 0.411, 1.636, 0.395, 0.761, -0.005, -0.564, 1

