0.052, 0.055, 0.084, 0.032, 0.116, 0.092, 0.103, 0.061, 0.146, 0.284, 0.28, 0.309, 0.266, 0.38, 0.563, 0.438, 0.262, 0.12, 0.668, 0.94, 0.783, 0.535, 0.681, 0.917, 0.761, 0.822, 0.887, 0.609, 0.297, 0.11, 0.132, 0.062, 0.099, 0.401, 0.367, 0.105, 0.192, 0.393, 0.429, 0.255, 0.115, 0.22, 0.188, 0.144, 0.215, 0.236, 0.112, 0.025, 0.028, 0.018, 0.005, 0.008, 0.012, 0.004, 0.012, 0.01, 0.008, 0.005, 0.005, 0.005, R
0.026, 0.045, 0.039, 0.024, 0.132, 0.132, 0.161, 0.214, 0.085, 0.056, 0.089, 0.086, 0.153, 0.152, 0.185, 0.287, 0.201, 0.275, 0.502, 0.217, 0.498, 0.526, 0.365, 0.577, 0.516, 0.572, 0.401, 0.365, 0.668, 0.866, 0.805, 0.408, 0.338, 0.509, 0.678, 0.731, 0.606, 0.704, 0.885, 0.898, 0.775, 0.725, 0.773, 0.776, 0.601, 0.451, 0.31, 0.186, 0.096, 0.021, 0.021, 0.01, 0.015, 0.01, 0.013, 0.02, 0.002, 0.02, 0.026, 0.018, R
0.009, 0.005, 0.008, 0.023, 0.059, 0.068, 0.099, 0.072, 0.058, 0.082, 0.132, 0.186, 0.279, 0.258, 0.224, 0.257, 0.293, 0.299, 0.392, 0.469, 0.566, 0.646, 0.677, 0.758, 0.886, 0.942, 1.0, 0.856, 0.679, 0.559, 0.415, 0.295, 0.202, 0.069, 0.117, 0.216, 0.222, 0.278, 0.231, 0.144, 0.151, 0.174, 0.176, 0.142, 0.091, 0.014, 0.047, 0.048, 0.016, 0.004, 0.002, 0.005, 0.004, 0.008, 0.011, 0.005, 0.003, 0.006, 0.006, 0.003, R
0.002, 0.031, 0.017, 0.023, 0.043, 0.122, 0.195, 0.166, 0.137, 0.143, 0.099, 0.225, 0.244, 0.324, 0.304, 0.241, 0.037, 0.167, 0.304, 0.407, 0.361, 0.199, 0.461, 0.685, 0.727, 0.715, 0.71, 0.852, 1.0, 0.769, 0.484, 0.372, 0.61, 0.511, 0.259, 0.092, 0.095, 0.229, 0.348, 0.21, 0.19, 0.294, 0.221, 0.152, 0.075, 0.061, 0.069, 0.045, 0.034, 0.008, 0.011, 0.015, 0.008, 0.004, 0.011, 0.008, 0.01, 0.002, 0.003, 0.001, R
0.043, 0.056, 0.071, 0.062, 0.122, 0.152, 0.154, 0.039, 0.061, 0.011, 0.126, 0.247, 0.301, 0.375, 0.452, 0.539, 0.659, 0.711, 0.76, 0.867, 0.842, 0.797, 0.838, 0.932, 0.856, 0.616, 0.414, 0.327, 0.311, 0.255, 0.337, 0.446, 0.5, 0.511, 0.519, 0.462, 0.423, 0.437, 0.428, 0.443, 0.37, 0.332, 0.256, 0.253, 0.214, 0.179, 0.101, 0.053, 0.045, 0.012, 0.001, 0.014, 0.018, 0.008, 0.006, 0.013, 0.009, 0.008, 0.011, 0.005, M
0.026, 0.027, 0.022, 0.075, 0.136, 0.151, 0.132, 0.165, 0.186, 0.201, 0.289, 0.365, 0.351, 0.35, 0.432, 0.54, 0.624, 0.688, 0.733, 0.811, 0.84, 0.863, 0.875, 0.961, 0.972, 0.912, 0.858, 0.88, 0.772, 0.571, 0.426, 0.286, 0.311, 0.207, 0.116, 0.018, 0.13, 0.248, 0.164, 0.11, 0.214, 0.203, 0.189, 0.137, 0.138, 0.031, 0.037, 0.061, 0.04, 0.017, 0.014, 0.022, 0.018, 0.013, 0.002, 0.012, 0.005, 0.002, 0.003, 0.002, M
0.115, 0.116, 0.087, 0.036, 0.023, 0.127, 0.242, 0.266, 0.435, 0.538, 0.382, 0.099, 0.062, 0.18, 0.391, 0.36, 0.304, 0.243, 0.406, 0.84, 0.978, 0.468, 0.061, 0.214, 0.135, 0.285, 0.162, 0.265, 0.456, 0.65, 0.285, 0.33, 0.537, 0.663, 0.863, 0.855, 0.785, 0.902, 0.883, 0.609, 0.281, 0.091, 0.118, 0.269, 0.521, 0.423, 0.234, 0.193, 0.109, 0.051, 0.023, 0.01, 0.006, 0.008, 0.017, 0.011, 0.019, 0.014, 0.007, 0.009, M
0.034, 0.062, 0.038, 0.026, 0.044, 0.103, 0.129, 0.185, 0.265, 0.412, 0.524, 0.534, 0.555, 0.392, 0.295, 0.308, 0.302, 0.272, 0.544, 0.793, 0.875, 0.867, 0.711, 0.691, 0.729, 0.879, 1.0, 0.982, 0.898, 0.605, 0.493, 0.537, 0.459, 0.291, 0.077, 0.225, 0.16, 0.396, 0.612, 0.52, 0.232, 0.437, 0.38, 0.432, 0.489, 0.19, 0.094, 0.136, 0.091, 0.014, 0.033, 0.014, 0.002, 0.007, 0.01, 0.004, 0.006, 0.005, 0.003, 0.006, M
0.037, 0.028, 0.01, 0.057, 0.076, 0.068, 0.097, 0.147, 0.216, 0.254, 0.294, 0.294, 0.266, 0.319, 0.279, 0.253, 0.198, 0.193, 0.283, 0.324, 0.35, 0.332, 0.422, 0.477, 0.481, 0.632, 0.833, 0.946, 1.0, 0.842, 0.552, 0.48, 0.52, 0.397, 0.194, 0.152, 0.201, 0.174, 0.103, 0.224, 0.372, 0.445, 0.394, 0.203, 0.201, 0.219, 0.184, 0.148, 0.097, 0.022, 0.015, 0.01, 0.002, 0.002, 0.006, 0.009, 0.001, 0.009, 0.011, 0.005, M
0.005, 0.002, 0.027, 0.045, 0.096, 0.083, 0.088, 0.122, 0.198, 0.228, 0.252, 0.348, 0.331, 0.261, 0.178, 0.206, 0.23, 0.354, 0.622, 0.726, 0.835, 0.827, 0.837, 0.941, 0.951, 0.98, 0.997, 1.0, 0.904, 0.641, 0.386, 0.291, 0.204, 0.165, 0.177, 0.114, 0.074, 0.094, 0.062, 0.043, 0.057, 0.107, 0.191, 0.223, 0.22, 0.226, 0.177, 0.11, 0.056, 0.014, 0.028, 0.016, 0.006, 0.001, 0.003, 0.006, 0.002, 0.006, 0.002, 0.003, M
0.052, 0.044, 0.018, 0.029, 0.035, 0.117, 0.126, 0.118, 0.126, 0.253, 0.272, 0.237, 0.188, 0.098, 0.068, 0.15, 0.172, 0.234, 0.196, 0.14, 0.316, 0.589, 0.763, 0.847, 0.942, 0.999, 0.97, 1.0, 0.863, 0.698, 0.772, 0.73, 0.52, 0.179, 0.11, 0.145, 0.107, 0.144, 0.193, 0.032, 0.149, 0.033, 0.054, 0.131, 0.091, 0.076, 0.106, 0.1, 0.054, 0.024, 0.016, 0.016, 0.003, 0.005, 0.006, 0.009, 0.014, 0.014, 0.008, 0.003, M
0.045, 0.052, 0.084, 0.069, 0.118, 0.258, 0.216, 0.348, 0.334, 0.287, 0.492, 0.655, 0.692, 0.78, 0.746, 0.944, 1.0, 0.887, 0.802, 0.782, 0.521, 0.405, 0.396, 0.391, 0.325, 0.32, 0.327, 0.277, 0.442, 0.203, 0.379, 0.295, 0.198, 0.234, 0.131, 0.418, 0.384, 0.106, 0.184, 0.197, 0.167, 0.058, 0.14, 0.163, 0.062, 0.02, 0.053, 0.074, 0.041, 0.006, 0.012, 0.008, 0.009, 0.005, 0.009, 0.019, 0.014, 0.005, 0.005, 0.004, R
0.007, 0.01, 0.002, 0.006, 0.02, 0.062, 0.043, 0.095, 0.084, 0.118, 0.098, 0.091, 0.066, 0.059, 0.083, 0.13, 0.204, 0.381, 0.445, 0.522, 0.591, 0.657, 0.631, 0.6, 0.496, 0.565, 0.691, 0.851, 1.0, 0.917, 0.768, 0.618, 0.547, 0.552, 0.546, 0.552, 0.456, 0.347, 0.338, 0.285, 0.25, 0.164, 0.16, 0.149, 0.133, 0.069, 0.06, 0.056, 0.031, 0.015, 0.003, 0.005, 0.002, 0.002, 0.004, 0.002, 0.003, 0.003, 0.005, 0.003, R
0.022, 0.022, 0.027, 0.014, 0.036, 0.078, 0.091, 0.091, 0.115, 0.097, 0.12, 0.11, 0.119, 0.176, 0.239, 0.214, 0.193, 0.176, 0.075, 0.126, 0.2, 0.157, 0.26, 0.539, 0.844, 1.0, 0.868, 0.674, 0.554, 0.464, 0.361, 0.206, 0.162, 0.209, 0.31, 0.234, 0.106, 0.038, 0.053, 0.129, 0.224, 0.192, 0.159, 0.094, 0.084, 0.067, 0.034, 0.047, 0.036, 0.014, 0.008, 0.014, 0.004, 0.005, 0.007, 0.002, 0.005, 0.002, 0.001, 0.002, R
0.012, 0.031, 0.017, 0.031, 0.036, 0.01, 0.018, 0.058, 0.112, 0.084, 0.055, 0.085, 0.203, 0.256, 0.187, 0.203, 0.146, 0.285, 0.582, 0.773, 0.785, 0.852, 0.531, 0.365, 0.597, 0.828, 1.0, 0.867, 0.63, 0.459, 0.394, 0.258, 0.282, 0.264, 0.276, 0.27, 0.399, 0.458, 0.394, 0.252, 0.178, 0.135, 0.052, 0.034, 0.089, 0.086, 0.087, 0.044, 0.013, 0.022, 0.019, 0.013, 0.026, 0.022, 0.007, 0.012, 0.003, 0.009, 0.001, 0.004, R
0.01, 0.048, 0.03, 0.03, 0.065, 0.108, 0.236, 0.238, 0.008, 0.188, 0.146, 0.189, 0.318, 0.134, 0.217, 0.246, 0.259, 0.279, 0.23, 0.066, 0.144, 0.118, 0.167, 0.178, 0.248, 0.257, 0.104, 0.536, 0.712, 0.629, 0.476, 0.602, 0.721, 0.623, 0.572, 0.752, 0.871, 0.925, 0.971, 0.93, 0.9, 0.791, 0.56, 0.284, 0.441, 0.551, 0.433, 0.29, 0.198, 0.078, 0.04, 0.017, 0.015, 0.012, 0.02, 0.014, 0.003, 0.016, 0.011, 0.013, R
0.019, 0.031, 0.02, 0.062, 0.008, 0.079, 0.144, 0.145, 0.179, 0.252, 0.261, 0.371, 0.391, 0.267, 0.272, 0.418, 0.699, 0.573, 0.223, 0.263, 0.747, 0.726, 0.339, 0.282, 0.605, 0.59, 0.497, 0.862, 0.834, 0.408, 0.227, 0.174, 0.051, 0.159, 0.304, 0.137, 0.16, 0.206, 0.073, 0.02, 0.164, 0.158, 0.183, 0.189, 0.101, 0.066, 0.018, 0.04, 0.011, 0.014, 0.009, 0.004, 0.01, 0.014, 0.019, 0.014, 0.01, 0.009, 0.005, 0.008, R
0.073, 0.125, 0.166, 0.15, 0.144, 0.277, 0.256, 0.171, 0.047, 0.111, 0.174, 0.316, 0.325, 0.216, 0.203, 0.258, 0.18, 0.242, 0.361, 0.181, 0.26, 0.657, 0.973, 0.976, 0.808, 0.652, 0.492, 0.536, 0.765, 0.525, 0.51, 0.422, 0.416, 0.191, 0.022, 0.422, 0.55, 0.248, 0.203, 0.273, 0.284, 0.446, 0.318, 0.081, 0.119, 0.213, 0.324, 0.294, 0.147, 0.021, 0.036, 0.044, 0.023, 0.029, 0.014, 0.016, 0.018, 0.019, 0.021, 0.006, M
0.108, 0.107, 0.026, 0.084, 0.075, 0.112, 0.332, 0.459, 0.553, 0.597, 0.53, 0.225, 0.24, 0.269, 0.665, 0.663, 0.167, 0.084, 0.433, 0.872, 0.799, 0.371, 0.17, 0.161, 0.209, 0.285, 0.221, 0.613, 0.581, 0.692, 0.382, 0.43, 0.779, 0.87, 1.0, 0.921, 0.939, 0.93, 0.731, 0.479, 0.209, 0.202, 0.167, 0.287, 0.437, 0.31, 0.158, 0.055, 0.033, 0.021, 0.017, 0.018, 0.011, 0.023, 0.028, 0.003, 0.008, 0.012, 0.008, 0.014, M
0.013, 0.02, 0.004, 0.022, 0.023, 0.048, 0.074, 0.033, 0.137, 0.208, 0.23, 0.199, 0.118, 0.189, 0.295, 0.534, 0.685, 0.792, 0.822, 0.729, 0.735, 0.792, 0.806, 0.49, 0.193, 0.292, 0.626, 0.855, 0.897, 0.782, 0.517, 0.484, 0.404, 0.341, 0.285, 0.235, 0.27, 0.444, 0.432, 0.331, 0.12, 0.167, 0.37, 0.307, 0.094, 0.154, 0.139, 0.077, 0.062, 0.023, 0.011, 0.017, 0.009, 0.004, 0.006, 0.006, 0.003, 0.007, 0.003, 0.005, M
0.024, 0.022, 0.017, 0.052, 0.075, 0.112, 0.126, 0.172, 0.307, 0.32, 0.295, 0.248, 0.251, 0.181, 0.141, 0.302, 0.364, 0.389, 0.298, 0.222, 0.162, 0.134, 0.205, 0.379, 0.577, 0.754, 0.841, 0.855, 0.904, 1.0, 0.965, 0.791, 0.641, 0.599, 0.684, 0.777, 0.808, 0.743, 0.63, 0.571, 0.443, 0.336, 0.38, 0.495, 0.437, 0.24, 0.113, 0.165, 0.093, 0.022, 0.021, 0.022, 0.015, 0.008, 0.006, 0.002, 0.006, 0.005, 0.003, 0.002, M

