0.029, 0.045, 0.028, 0.017, 0.038, 0.099, 0.12, 0.183, 0.21, 0.304, 0.299, 0.425, 0.634, 0.82, 1.0, 0.999, 0.951, 0.902, 0.723, 0.512, 0.207, 0.398, 0.589, 0.287, 0.204, 0.578, 0.539, 0.375, 0.341, 0.507, 0.558, 0.478, 0.33, 0.22, 0.141, 0.286, 0.381, 0.416, 0.405, 0.33, 0.271, 0.265, 0.072, 0.124, 0.119, 0.109, 0.062, 0.049, 0.026, 0.008, 0.01, 0.004, 0.001, 0.004, 0.001, 0.009, 0.006, 0.003, 0.005, 0.006, R
0.035, 0.012, 0.019, 0.047, 0.074, 0.118, 0.168, 0.154, 0.147, 0.291, 0.233, 0.224, 0.247, 0.156, 0.349, 0.331, 0.23, 0.22, 0.249, 0.413, 0.316, 0.619, 0.585, 0.34, 0.256, 0.56, 0.814, 0.694, 0.698, 0.866, 0.593, 0.366, 0.675, 0.87, 0.784, 0.755, 0.579, 0.471, 0.125, 0.609, 0.732, 0.598, 0.343, 0.18, 0.238, 0.342, 0.23, 0.069, 0.022, 0.047, 0.043, 0.035, 0.016, 0.015, 0.011, 0.005, 0.01, 0.002, 0.007, 0.007, R
0.029, 0.064, 0.039, 0.017, 0.048, 0.082, 0.099, 0.032, 0.074, 0.086, 0.041, 0.047, 0.084, 0.094, 0.147, 0.081, 0.118, 0.218, 0.333, 0.326, 0.211, 0.23, 0.336, 0.426, 0.461, 0.261, 0.087, 0.286, 0.561, 0.834, 0.81, 0.725, 0.805, 0.944, 1.0, 0.896, 0.552, 0.304, 0.234, 0.238, 0.332, 0.382, 0.158, 0.223, 0.158, 0.143, 0.163, 0.113, 0.057, 0.013, 0.017, 0.004, 0.005, 0.008, 0.008, 0.008, 0.01, 0.016, 0.01, 0.001, R
0.009, 0.018, 0.006, 0.006, 0.026, 0.046, 0.047, 0.006, 0.042, 0.064, 0.089, 0.16, 0.154, 0.277, 0.218, 0.28, 0.349, 0.282, 0.248, 0.3, 0.43, 0.468, 0.452, 0.503, 0.622, 0.657, 0.663, 0.732, 0.853, 1.0, 0.845, 0.635, 0.631, 0.621, 0.698, 0.587, 0.489, 0.368, 0.204, 0.147, 0.222, 0.145, 0.149, 0.121, 0.114, 0.079, 0.036, 0.015, 0.008, 0.012, 0.002, 0.007, 0.006, 0.013, 0.011, 0.005, 0.009, 0.005, 0.006, 0.002, R
0.041, 0.065, 0.04, 0.06, 0.05, 0.182, 0.118, 0.102, 0.058, 0.218, 0.246, 0.333, 0.309, 0.261, 0.323, 0.373, 0.42, 0.536, 0.706, 0.82, 0.884, 0.83, 0.761, 0.76, 0.837, 0.89, 0.765, 0.59, 0.304, 0.082, 0.279, 0.724, 0.803, 0.805, 0.768, 0.747, 0.625, 0.173, 0.292, 0.5, 0.522, 0.482, 0.4, 0.388, 0.165, 0.044, 0.066, 0.042, 0.048, 0.024, 0.007, 0.006, 0.013, 0.018, 0.007, 0.02, 0.02, 0.01, 0.007, 0.006, R
0.022, 0.012, 0.017, 0.015, 0.061, 0.103, 0.114, 0.088, 0.116, 0.087, 0.156, 0.078, 0.1, 0.092, 0.066, 0.113, 0.174, 0.257, 0.329, 0.391, 0.544, 0.612, 0.702, 0.761, 0.797, 0.91, 0.881, 0.795, 0.799, 0.718, 0.641, 0.631, 0.593, 0.617, 0.65, 0.676, 0.625, 0.512, 0.389, 0.327, 0.251, 0.153, 0.132, 0.166, 0.122, 0.098, 0.045, 0.027, 0.018, 0.009, 0.002, 0.005, 0.005, 0.01, 0.013, 0.012, 0.005, 0.002, 0.001, 0.002, R
0.007, 0.01, 0.002, 0.006, 0.02, 0.062, 0.043, 0.095, 0.084, 0.118, 0.098, 0.091, 0.066, 0.059, 0.083, 0.13, 0.204, 0.381, 0.445, 0.522, 0.591, 0.657, 0.631, 0.6, 0.496, 0.565, 0.691, 0.851, 1.0, 0.917, 0.768, 0.618, 0.547, 0.552, 0.546, 0.552, 0.456, 0.347, 0.338, 0.285, 0.25, 0.164, 0.16, 0.149, 0.133, 0.069, 0.06, 0.056, 0.031, 0.015, 0.003, 0.005, 0.002, 0.002, 0.004, 0.002, 0.003, 0.003, 0.005, 0.003, R
0.024, 0.019, 0.047, 0.044, 0.066, 0.074, 0.138, 0.11, 0.138, 0.138, 0.094, 0.026, 0.15, 0.285, 0.574, 0.828, 0.867, 0.813, 0.904, 0.905, 1.0, 0.998, 0.987, 0.976, 0.901, 0.972, 0.968, 0.763, 0.443, 0.382, 0.473, 0.401, 0.338, 0.317, 0.222, 0.073, 0.269, 0.189, 0.071, 0.106, 0.069, 0.03, 0.089, 0.146, 0.135, 0.039, 0.055, 0.047, 0.02, 0.01, 0.016, 0.009, 0.015, 0.008, 0.002, 0.008, 0.004, 0.003, 0.004, 0.002, R
0.036, 0.163, 0.164, 0.142, 0.113, 0.131, 0.211, 0.227, 0.299, 0.374, 0.304, 0.039, 0.268, 0.54, 0.62, 0.726, 0.835, 0.689, 0.445, 0.392, 0.56, 0.754, 0.831, 1.0, 0.876, 0.709, 0.701, 0.501, 0.394, 0.446, 0.407, 0.077, 0.142, 0.04, 0.36, 0.685, 0.708, 0.36, 0.061, 0.303, 0.397, 0.387, 0.238, 0.206, 0.229, 0.17, 0.159, 0.179, 0.102, 0.015, 0.022, 0.011, 0.007, 0.02, 0.016, 0.006, 0.008, 0.009, 0.011, 0.007, R
0.026, 0.019, 0.025, 0.006, 0.035, 0.07, 0.126, 0.108, 0.152, 0.163, 0.103, 0.219, 0.154, 0.263, 0.294, 0.298, 0.07, 0.14, 0.299, 0.392, 0.36, 0.24, 0.421, 0.568, 0.609, 0.632, 0.655, 0.767, 1.0, 0.846, 0.551, 0.444, 0.517, 0.427, 0.18, 0.079, 0.054, 0.191, 0.256, 0.215, 0.277, 0.284, 0.173, 0.082, 0.034, 0.093, 0.102, 0.031, 0.021, 0.032, 0.013, 0.012, 0.012, 0.005, 0.007, 0.002, 0.004, 0.001, 0.004, 0.008, R
0.043, 0.056, 0.071, 0.062, 0.122, 0.152, 0.154, 0.039, 0.061, 0.011, 0.126, 0.247, 0.301, 0.375, 0.452, 0.539, 0.659, 0.711, 0.76, 0.867, 0.842, 0.797, 0.838, 0.932, 0.856, 0.616, 0.414, 0.327, 0.311, 0.255, 0.337, 0.446, 0.5, 0.511, 0.519, 0.462, 0.423, 0.437, 0.428, 0.443, 0.37, 0.332, 0.256, 0.253, 0.214, 0.179, 0.101, 0.053, 0.045, 0.012, 0.001, 0.014, 0.018, 0.008, 0.006, 0.013, 0.009, 0.008, 0.011, 0.005, M
0.026, 0.027, 0.022, 0.075, 0.136, 0.151, 0.132, 0.165, 0.186, 0.201, 0.289, 0.365, 0.351, 0.35, 0.432, 0.54, 0.624, 0.688, 0.733, 0.811, 0.84, 0.863, 0.875, 0.961, 0.972, 0.912, 0.858, 0.88, 0.772, 0.571, 0.426, 0.286, 0.311, 0.207, 0.116, 0.018, 0.13, 0.248, 0.164, 0.11, 0.214, 0.203, 0.189, 0.137, 0.138, 0.031, 0.037, 0.061, 0.04, 0.017, 0.014, 0.022, 0.018, 0.013, 0.002, 0.012, 0.005, 0.002, 0.003, 0.002, M
0.115, 0.116, 0.087, 0.036, 0.023, 0.127, 0.242, 0.266, 0.435, 0.538, 0.382, 0.099, 0.062, 0.18, 0.391, 0.36, 0.304, 0.243, 0.406, 0.84, 0.978, 0.468, 0.061, 0.214, 0.135, 0.285, 0.162, 0.265, 0.456, 0.65, 0.285, 0.33, 0.537, 0.663, 0.863, 0.855, 0.785, 0.902, 0.883, 0.609, 0.281, 0.091, 0.118, 0.269, 0.521, 0.423, 0.234, 0.193, 0.109, 0.051, 0.023, 0.01, 0.006, 0.008, 0.017, 0.011, 0.019, 0.014, 0.007, 0.009, M
0.021, 0.028, 0.012, 0.044, 0.043, 0.077, 0.146, 0.143, 0.189, 0.185, 0.175, 0.156, 0.148, 0.138, 0.258, 0.383, 0.478, 0.536, 0.619, 0.791, 0.926, 1.0, 0.908, 0.744, 0.556, 0.317, 0.13, 0.06, 0.272, 0.362, 0.329, 0.486, 0.394, 0.184, 0.034, 0.249, 0.384, 0.351, 0.265, 0.176, 0.16, 0.087, 0.059, 0.081, 0.049, 0.042, 0.05, 0.037, 0.012, 0.012, 0.013, 0.01, 0.001, 0.005, 0.004, 0.003, 0.008, 0.005, 0.002, 0.001, M
0.013, 0.02, 0.004, 0.022, 0.023, 0.048, 0.074, 0.033, 0.137, 0.208, 0.23, 0.199, 0.118, 0.189, 0.295, 0.534, 0.685, 0.792, 0.822, 0.729, 0.735, 0.792, 0.806, 0.49, 0.193, 0.292, 0.626, 0.855, 0.897, 0.782, 0.517, 0.484, 0.404, 0.341, 0.285, 0.235, 0.27, 0.444, 0.432, 0.331, 0.12, 0.167, 0.37, 0.307, 0.094, 0.154, 0.139, 0.077, 0.062, 0.023, 0.011, 0.017, 0.009, 0.004, 0.006, 0.006, 0.003, 0.007, 0.003, 0.005, M
0.024, 0.022, 0.017, 0.052, 0.075, 0.112, 0.126, 0.172, 0.307, 0.32, 0.295, 0.248, 0.251, 0.181, 0.141, 0.302, 0.364, 0.389, 0.298, 0.222, 0.162, 0.134, 0.205, 0.379, 0.577, 0.754, 0.841, 0.855, 0.904, 1.0, 0.965, 0.791, 0.641, 0.599, 0.684, 0.777, 0.808, 0.743, 0.63, 0.571, 0.443, 0.336, 0.38, 0.495, 0.437, 0.24, 0.113, 0.165, 0.093, 0.022, 0.021, 0.022, 0.015, 0.008, 0.006, 0.002, 0.006, 0.005, 0.003, 0.002, M
0.002, 0.019, 0.029, 0.02, 0.052, 0.082, 0.1, 0.012, 0.117, 0.148, 0.212, 0.258, 0.235, 0.133, 0.009, 0.195, 0.368, 0.465, 0.542, 0.626, 0.742, 0.826, 0.861, 0.84, 0.895, 0.994, 1.0, 0.965, 0.875, 0.626, 0.218, 0.294, 0.364, 0.501, 0.784, 0.936, 0.82, 0.621, 0.451, 0.3, 0.267, 0.224, 0.314, 0.369, 0.299, 0.223, 0.085, 0.036, 0.029, 0.012, 0.004, 0.011, 0.008, 0.009, 0.004, 0.003, 0.001, 0.001, 0.003, 0.005, M
0.029, 0.012, 0.012, 0.011, 0.05, 0.1, 0.133, 0.112, 0.298, 0.347, 0.423, 0.504, 0.524, 0.44, 0.324, 0.296, 0.329, 0.323, 0.453, 0.634, 0.704, 0.831, 0.845, 0.851, 0.914, 0.998, 1.0, 0.754, 0.466, 0.392, 0.385, 0.467, 0.424, 0.31, 0.075, 0.288, 0.407, 0.317, 0.286, 0.263, 0.054, 0.187, 0.346, 0.465, 0.437, 0.258, 0.132, 0.05, 0.011, 0.006, 0.004, 0.006, 0.01, 0.008, 0.001, 0.005, 0.002, 0.001, 0.008, 0.004, M
0.021, 0.019, 0.041, 0.032, 0.07, 0.158, 0.144, 0.14, 0.305, 0.391, 0.35, 0.367, 0.394, 0.331, 0.333, 0.3, 0.232, 0.138, 0.345, 0.443, 0.489, 0.368, 0.438, 0.486, 0.621, 0.726, 0.662, 0.769, 0.798, 0.858, 0.927, 0.701, 0.485, 0.341, 0.141, 0.115, 0.143, 0.182, 0.36, 0.553, 0.599, 0.508, 0.551, 0.503, 0.703, 0.59, 0.407, 0.276, 0.158, 0.051, 0.005, 0.008, 0.02, 0.01, 0.004, 0.003, 0.006, 0.009, 0.007, 0.004, M
0.02, 0.012, 0.038, 0.013, 0.054, 0.087, 0.102, 0.085, 0.114, 0.175, 0.22, 0.272, 0.21, 0.173, 0.204, 0.179, 0.132, 0.226, 0.236, 0.311, 0.391, 0.363, 0.481, 0.653, 0.781, 0.84, 0.918, 0.977, 0.894, 0.702, 0.65, 0.507, 0.39, 0.301, 0.156, 0.098, 0.22, 0.224, 0.274, 0.215, 0.244, 0.315, 0.211, 0.099, 0.059, 0.194, 0.194, 0.108, 0.034, 0.018, 0.021, 0.013, 0.009, 0.005, 0.004, 0.004, 0.003, 0.004, 0.001, 0.002, M
0.013, 0.039, 0.033, 0.008, 0.072, 0.134, 0.163, 0.19, 0.261, 0.319, 0.347, 0.374, 0.306, 0.193, 0.138, 0.212, 0.276, 0.458, 0.649, 0.715, 0.801, 0.792, 0.879, 1.0, 0.986, 0.947, 0.947, 0.932, 0.833, 0.621, 0.377, 0.282, 0.204, 0.219, 0.222, 0.133, 0.052, 0.062, 0.142, 0.146, 0.085, 0.106, 0.164, 0.192, 0.208, 0.234, 0.196, 0.13, 0.063, 0.018, 0.014, 0.015, 0.008, 0.003, 0.004, 0.007, 0.004, 0.001, 0.002, 0.008, M

