0.022, 0.038, 0.048, 0.048, 0.065, 0.059, 0.075, 0.01, 0.068, 0.149, 0.116, 0.165, 0.383, 0.36, 0.171, 0.114, 0.035, 0.38, 0.74, 0.992, 0.98, 0.889, 0.671, 0.429, 0.337, 0.737, 0.961, 0.735, 0.486, 0.159, 0.301, 0.41, 0.317, 0.33, 0.341, 0.219, 0.246, 0.273, 0.168, 0.279, 0.256, 0.174, 0.212, 0.11, 0.098, 0.127, 0.146, 0.116, 0.078, 0.044, 0.006, 0.014, 0.013, 0.014, 0.006, 0.005, 0.006, 0.009, 0.006, 0.002, R
0.03, 0.062, 0.065, 0.092, 0.162, 0.229, 0.218, 0.203, 0.146, 0.085, 0.248, 0.364, 0.278, 0.283, 0.324, 0.434, 0.564, 0.456, 0.435, 0.643, 0.393, 0.199, 0.354, 0.916, 0.937, 0.462, 0.277, 0.661, 0.803, 0.42, 0.519, 0.696, 0.579, 0.889, 0.786, 0.713, 0.762, 0.44, 0.301, 0.316, 0.281, 0.29, 0.053, 0.187, 0.155, 0.163, 0.125, 0.075, 0.045, 0.006, 0.015, 0.003, 0.015, 0.007, 0.021, 0.008, 0.015, 0.005, 0.02, 0.007, R
0.01, 0.028, 0.019, 0.037, 0.042, 0.02, 0.031, 0.065, 0.19, 0.267, 0.338, 0.328, 0.243, 0.127, 0.128, 0.444, 0.68, 0.705, 0.797, 0.94, 0.986, 0.819, 0.579, 0.639, 0.704, 0.688, 0.408, 0.181, 0.206, 0.392, 0.379, 0.204, 0.223, 0.334, 0.398, 0.508, 0.553, 0.335, 0.272, 0.228, 0.204, 0.199, 0.084, 0.091, 0.138, 0.195, 0.121, 0.084, 0.059, 0.025, 0.012, 0.009, 0.01, 0.004, 0.009, 0.005, 0.012, 0.002, 0.009, 0.006, R
0.02, 0.021, 0.006, 0.019, 0.032, 0.057, 0.1, 0.067, 0.069, 0.024, 0.073, 0.064, 0.3, 0.385, 0.477, 0.46, 0.318, 0.416, 0.643, 1.0, 0.863, 0.521, 0.316, 0.595, 0.773, 0.604, 0.438, 0.549, 0.472, 0.624, 0.385, 0.159, 0.389, 0.529, 0.35, 0.448, 0.404, 0.503, 0.648, 0.549, 0.355, 0.203, 0.188, 0.084, 0.132, 0.159, 0.056, 0.062, 0.034, 0.037, 0.026, 0.016, 0.007, 0.027, 0.02, 0.009, 0.01, 0.01, 0.002, 0.005, R
0.044, 0.048, 0.005, 0.058, 0.028, 0.068, 0.166, 0.149, 0.097, 0.127, 0.111, 0.238, 0.201, 0.214, 0.111, 0.204, 0.247, 0.668, 0.834, 0.825, 0.802, 0.898, 0.966, 0.852, 0.663, 0.324, 0.205, 0.567, 0.573, 0.488, 0.753, 0.76, 0.518, 0.412, 0.556, 0.557, 0.134, 0.383, 0.461, 0.433, 0.256, 0.147, 0.349, 0.266, 0.094, 0.137, 0.134, 0.042, 0.072, 0.064, 0.021, 0.02, 0.022, 0.014, 0.006, 0.007, 0.008, 0.01, 0.006, 0.01, R
0.01, 0.019, 0.016, 0.049, 0.084, 0.101, 0.163, 0.207, 0.27, 0.299, 0.324, 0.356, 0.395, 0.52, 0.695, 0.847, 1.0, 0.928, 0.851, 0.801, 0.814, 0.882, 0.73, 0.611, 0.716, 0.846, 0.632, 0.481, 0.629, 0.715, 0.6, 0.424, 0.411, 0.399, 0.173, 0.198, 0.237, 0.134, 0.158, 0.315, 0.197, 0.205, 0.127, 0.113, 0.195, 0.22, 0.193, 0.15, 0.077, 0.02, 0.012, 0.013, 0.007, 0.008, 0.008, 0.006, 0.008, 0.002, 0.005, 0.002, R
0.086, 0.045, 0.038, 0.02, 0.038, 0.053, 0.214, 0.311, 0.284, 0.275, 0.271, 0.095, 0.102, 0.452, 0.674, 0.67, 0.707, 0.563, 0.378, 0.272, 0.53, 0.77, 0.864, 0.93, 0.937, 0.625, 0.602, 0.681, 0.505, 0.578, 0.475, 0.24, 0.278, 0.2, 0.53, 0.741, 0.778, 0.442, 0.142, 0.351, 0.448, 0.421, 0.305, 0.224, 0.261, 0.28, 0.239, 0.202, 0.133, 0.036, 0.013, 0.017, 0.014, 0.008, 0.004, 0.005, 0.026, 0.01, 0.004, 0.004, R
0.024, 0.029, 0.075, 0.052, 0.023, 0.083, 0.068, 0.2, 0.288, 0.367, 0.297, 0.084, 0.191, 0.504, 0.635, 0.68, 0.75, 0.66, 0.451, 0.296, 0.402, 0.679, 0.83, 1.0, 0.824, 0.712, 0.773, 0.612, 0.494, 0.565, 0.491, 0.182, 0.181, 0.111, 0.46, 0.665, 0.642, 0.217, 0.195, 0.495, 0.492, 0.404, 0.24, 0.139, 0.178, 0.195, 0.172, 0.152, 0.093, 0.018, 0.024, 0.008, 0.004, 0.01, 0.01, 0.003, 0.013, 0.007, 0.011, 0.009, R
0.002, 0.031, 0.017, 0.023, 0.043, 0.122, 0.195, 0.166, 0.137, 0.143, 0.099, 0.225, 0.244, 0.324, 0.304, 0.241, 0.037, 0.167, 0.304, 0.407, 0.361, 0.199, 0.461, 0.685, 0.727, 0.715, 0.71, 0.852, 1.0, 0.769, 0.484, 0.372, 0.61, 0.511, 0.259, 0.092, 0.095, 0.229, 0.348, 0.21, 0.19, 0.294, 0.221, 0.152, 0.075, 0.061, 0.069, 0.045, 0.034, 0.008, 0.011, 0.015, 0.008, 0.004, 0.011, 0.008, 0.01, 0.002, 0.003, 0.001, R
0.031, 0.052, 0.065, 0.052, 0.061, 0.058, 0.066, 0.066, 0.146, 0.279, 0.388, 0.499, 0.498, 0.497, 0.561, 0.734, 0.823, 0.917, 0.998, 0.991, 0.824, 0.65, 0.598, 0.486, 0.315, 0.154, 0.099, 0.028, 0.101, 0.264, 0.269, 0.293, 0.292, 0.4, 0.366, 0.317, 0.461, 0.437, 0.182, 0.338, 0.62, 0.445, 0.186, 0.142, 0.059, 0.058, 0.067, 0.027, 0.024, 0.019, 0.006, 0.032, 0.019, 0.014, 0.028, 0.015, 0.005, 0.012, 0.012, 0.006, M
0.045, 0.047, 0.07, 0.102, 0.14, 0.149, 0.149, 0.077, 0.117, 0.168, 0.28, 0.332, 0.401, 0.43, 0.535, 0.541, 0.687, 0.804, 0.919, 0.917, 1.0, 0.997, 0.909, 0.792, 0.67, 0.532, 0.357, 0.248, 0.316, 0.378, 0.314, 0.171, 0.294, 0.523, 0.593, 0.544, 0.452, 0.338, 0.322, 0.218, 0.167, 0.263, 0.298, 0.204, 0.116, 0.092, 0.088, 0.023, 0.038, 0.014, 0.014, 0.012, 0.004, 0.024, 0.013, 0.008, 0.022, 0.032, 0.015, 0.005, M
0.023, 0.011, 0.013, 0.084, 0.112, 0.151, 0.178, 0.1, 0.143, 0.223, 0.262, 0.311, 0.286, 0.332, 0.376, 0.45, 0.476, 0.625, 0.73, 0.87, 0.935, 0.961, 0.913, 0.944, 1.0, 0.946, 0.882, 0.752, 0.707, 0.599, 0.386, 0.251, 0.216, 0.097, 0.132, 0.134, 0.225, 0.324, 0.394, 0.381, 0.326, 0.365, 0.298, 0.178, 0.154, 0.12, 0.096, 0.076, 0.065, 0.031, 0.018, 0.01, 0.018, 0.008, 0.007, 0.01, 0.006, 0.004, 0.006, 0.004, M
0.016, 0.004, 0.024, 0.044, 0.063, 0.092, 0.137, 0.108, 0.155, 0.178, 0.216, 0.257, 0.309, 0.383, 0.439, 0.534, 0.6, 0.673, 0.731, 0.809, 0.894, 0.967, 1.0, 0.989, 0.938, 0.899, 0.918, 0.913, 0.781, 0.602, 0.376, 0.33, 0.228, 0.021, 0.112, 0.179, 0.237, 0.284, 0.224, 0.272, 0.336, 0.255, 0.187, 0.216, 0.128, 0.077, 0.107, 0.095, 0.064, 0.023, 0.013, 0.017, 0.014, 0.011, 0.006, 0.016, 0.009, 0.004, 0.005, 0.003, M
0.007, 0.003, 0.009, 0.006, 0.042, 0.086, 0.118, 0.1, 0.198, 0.232, 0.247, 0.288, 0.213, 0.071, 0.119, 0.281, 0.422, 0.528, 0.586, 0.615, 0.675, 0.787, 0.897, 0.983, 1.0, 0.846, 0.606, 0.304, 0.014, 0.253, 0.434, 0.492, 0.541, 0.596, 0.525, 0.378, 0.237, 0.172, 0.188, 0.325, 0.258, 0.242, 0.271, 0.232, 0.172, 0.146, 0.118, 0.087, 0.039, 0.013, 0.009, 0.008, 0.007, 0.008, 0.003, 0.006, 0.004, 0.004, 0.001, 0.004, M
0.02, 0.039, 0.038, 0.008, 0.025, 0.063, 0.075, 0.058, 0.136, 0.17, 0.173, 0.247, 0.314, 0.33, 0.276, 0.206, 0.116, 0.188, 0.339, 0.393, 0.428, 0.542, 0.645, 0.722, 0.785, 0.798, 0.885, 0.958, 0.899, 0.683, 0.611, 0.548, 0.506, 0.448, 0.24, 0.14, 0.177, 0.174, 0.333, 0.402, 0.301, 0.208, 0.121, 0.026, 0.03, 0.069, 0.078, 0.078, 0.037, 0.006, 0.009, 0.013, 0.01, 0.004, 0.006, 0.007, 0.004, 0.004, 0.005, 0.005, M
0.037, 0.028, 0.01, 0.057, 0.076, 0.068, 0.097, 0.147, 0.216, 0.254, 0.294, 0.294, 0.266, 0.319, 0.279, 0.253, 0.198, 0.193, 0.283, 0.324, 0.35, 0.332, 0.422, 0.477, 0.481, 0.632, 0.833, 0.946, 1.0, 0.842, 0.552, 0.48, 0.52, 0.397, 0.194, 0.152, 0.201, 0.174, 0.103, 0.224, 0.372, 0.445, 0.394, 0.203, 0.201, 0.219, 0.184, 0.148, 0.097, 0.022, 0.015, 0.01, 0.002, 0.002, 0.006, 0.009, 0.001, 0.009, 0.011, 0.005, M
0.016, 0.021, 0.028, 0.06, 0.046, 0.078, 0.136, 0.078, 0.104, 0.157, 0.248, 0.278, 0.29, 0.296, 0.319, 0.189, 0.173, 0.223, 0.243, 0.315, 0.41, 0.381, 0.49, 0.629, 0.752, 0.798, 0.883, 0.992, 0.922, 0.698, 0.617, 0.507, 0.392, 0.352, 0.218, 0.124, 0.159, 0.163, 0.236, 0.248, 0.244, 0.272, 0.118, 0.116, 0.145, 0.188, 0.195, 0.149, 0.051, 0.016, 0.019, 0.015, 0.006, 0.008, 0.009, 0.004, 0.006, 0.006, 0.005, 0.002, M
0.032, 0.025, 0.017, 0.048, 0.09, 0.106, 0.102, 0.121, 0.124, 0.153, 0.213, 0.254, 0.269, 0.28, 0.189, 0.148, 0.216, 0.242, 0.299, 0.334, 0.379, 0.396, 0.523, 0.691, 0.787, 0.834, 0.92, 1.0, 0.899, 0.646, 0.597, 0.436, 0.3, 0.229, 0.187, 0.092, 0.183, 0.174, 0.245, 0.241, 0.252, 0.318, 0.168, 0.068, 0.119, 0.183, 0.188, 0.111, 0.031, 0.014, 0.014, 0.011, 0.006, 0.004, 0.007, 0.001, 0.005, 0.004, 0.0, 0.006, M
0.012, 0.074, 0.037, 0.022, 0.008, 0.054, 0.111, 0.107, 0.171, 0.227, 0.317, 0.288, 0.266, 0.231, 0.189, 0.179, 0.23, 0.372, 0.622, 0.726, 0.793, 0.804, 0.807, 0.917, 0.933, 0.956, 1.0, 0.982, 0.868, 0.638, 0.4, 0.324, 0.284, 0.241, 0.232, 0.126, 0.069, 0.07, 0.144, 0.148, 0.044, 0.047, 0.148, 0.174, 0.156, 0.165, 0.118, 0.072, 0.032, 0.006, 0.02, 0.014, 0.01, 0.01, 0.003, 0.003, 0.004, 0.004, 0.006, 0.004, M
0.032, 0.01, 0.03, 0.056, 0.076, 0.096, 0.099, 0.102, 0.103, 0.215, 0.308, 0.342, 0.299, 0.14, 0.124, 0.153, 0.19, 0.243, 0.212, 0.24, 0.327, 0.595, 0.83, 0.904, 0.989, 0.991, 0.945, 1.0, 0.909, 0.741, 0.769, 0.712, 0.53, 0.213, 0.093, 0.13, 0.116, 0.123, 0.177, 0.034, 0.156, 0.082, 0.115, 0.169, 0.095, 0.008, 0.079, 0.126, 0.065, 0.018, 0.005, 0.006, 0.009, 0.014, 0.006, 0.006, 0.003, 0.003, 0.006, 0.007, M

