0.047, 0.051, 0.082, 0.125, 0.178, 0.307, 0.301, 0.236, 0.383, 0.376, 0.302, 0.291, 0.23, 0.141, 0.158, 0.243, 0.447, 0.596, 0.674, 0.797, 0.832, 0.781, 0.863, 0.737, 0.412, 0.26, 0.339, 0.379, 0.449, 0.628, 0.745, 0.733, 0.77, 0.787, 0.605, 0.586, 0.638, 0.728, 0.629, 0.532, 0.407, 0.179, 0.162, 0.253, 0.19, 0.164, 0.06, 0.021, 0.044, 0.018, 0.011, 0.019, 0.012, 0.006, 0.004, 0.005, 0.005, 0.008, 0.003, 0.003, R
0.066, 0.058, 0.084, 0.037, 0.046, 0.077, 0.077, 0.113, 0.235, 0.184, 0.287, 0.413, 0.365, 0.198, 0.284, 0.404, 0.584, 0.679, 0.609, 0.486, 0.325, 0.201, 0.208, 0.169, 0.248, 0.274, 0.298, 0.466, 0.699, 0.747, 0.796, 0.798, 0.672, 0.694, 0.744, 0.817, 0.891, 1.0, 0.875, 0.706, 0.68, 0.59, 0.462, 0.364, 0.149, 0.122, 0.131, 0.12, 0.058, 0.024, 0.014, 0.014, 0.019, 0.004, 0.004, 0.003, 0.002, 0.016, 0.011, 0.008, R
0.01, 0.048, 0.03, 0.03, 0.065, 0.108, 0.236, 0.238, 0.008, 0.188, 0.146, 0.189, 0.318, 0.134, 0.217, 0.246, 0.259, 0.279, 0.23, 0.066, 0.144, 0.118, 0.167, 0.178, 0.248, 0.257, 0.104, 0.536, 0.712, 0.629, 0.476, 0.602, 0.721, 0.623, 0.572, 0.752, 0.871, 0.925, 0.971, 0.93, 0.9, 0.791, 0.56, 0.284, 0.441, 0.551, 0.433, 0.29, 0.198, 0.078, 0.04, 0.017, 0.015, 0.012, 0.02, 0.014, 0.003, 0.016, 0.011, 0.013, R
0.02, 0.003, 0.014, 0.006, 0.013, 0.015, 0.054, 0.021, 0.05, 0.11, 0.084, 0.094, 0.12, 0.042, 0.003, 0.016, 0.062, 0.213, 0.344, 0.381, 0.382, 0.476, 0.631, 0.752, 0.868, 0.879, 0.79, 0.836, 0.963, 0.962, 0.924, 0.89, 0.971, 0.965, 0.789, 0.531, 0.272, 0.195, 0.137, 0.31, 0.379, 0.41, 0.336, 0.3, 0.275, 0.202, 0.104, 0.045, 0.034, 0.012, 0.007, 0.011, 0.007, 0.006, 0.003, 0.001, 0.001, 0.002, 0.006, 0.004, R
0.009, 0.017, 0.04, 0.036, 0.068, 0.071, 0.102, 0.089, 0.038, 0.133, 0.13, 0.027, 0.064, 0.071, 0.12, 0.072, 0.122, 0.235, 0.368, 0.392, 0.492, 0.879, 0.961, 0.879, 0.69, 0.694, 0.567, 0.654, 0.78, 0.758, 0.584, 0.632, 0.811, 0.904, 0.865, 0.67, 0.403, 0.237, 0.268, 0.366, 0.327, 0.22, 0.3, 0.22, 0.116, 0.064, 0.046, 0.042, 0.017, 0.017, 0.013, 0.014, 0.019, 0.014, 0.006, 0.013, 0.022, 0.009, 0.008, 0.012, R
0.009, 0.021, 0.021, 0.05, 0.066, 0.08, 0.097, 0.087, 0.074, 0.084, 0.158, 0.09, 0.031, 0.186, 0.297, 0.203, 0.126, 0.166, 0.166, 0.209, 0.231, 0.446, 0.663, 0.693, 0.766, 0.821, 0.705, 0.756, 0.747, 0.639, 0.485, 0.333, 0.536, 0.874, 0.857, 0.672, 0.345, 0.315, 0.27, 0.26, 0.274, 0.359, 0.438, 0.246, 0.076, 0.019, 0.08, 0.075, 0.037, 0.016, 0.03, 0.011, 0.011, 0.01, 0.003, 0.01, 0.01, 0.004, 0.007, 0.011, R
0.007, 0.023, 0.051, 0.044, 0.025, 0.064, 0.042, 0.113, 0.191, 0.248, 0.161, 0.092, 0.24, 0.322, 0.43, 0.265, 0.067, 0.144, 0.237, 0.26, 0.249, 0.39, 0.638, 0.804, 0.703, 0.687, 0.7, 0.856, 1.0, 0.962, 0.9, 0.758, 0.69, 0.569, 0.44, 0.455, 0.296, 0.159, 0.168, 0.084, 0.117, 0.175, 0.273, 0.17, 0.019, 0.021, 0.035, 0.042, 0.009, 0.02, 0.02, 0.017, 0.016, 0.006, 0.004, 0.007, 0.004, 0.005, 0.019, 0.01, R
0.029, 0.038, 0.026, 0.006, 0.013, 0.061, 0.09, 0.111, 0.097, 0.075, 0.053, 0.121, 0.176, 0.204, 0.273, 0.232, 0.268, 0.293, 0.33, 0.491, 0.54, 0.626, 0.683, 0.753, 0.85, 0.894, 0.993, 0.913, 0.708, 0.632, 0.613, 0.464, 0.28, 0.172, 0.166, 0.256, 0.274, 0.321, 0.272, 0.188, 0.155, 0.252, 0.212, 0.18, 0.147, 0.068, 0.109, 0.092, 0.04, 0.009, 0.008, 0.006, 0.007, 0.011, 0.005, 0.01, 0.004, 0.006, 0.005, 0.009, R
0.018, 0.017, 0.05, 0.028, 0.026, 0.035, 0.036, 0.054, 0.026, 0.047, 0.053, 0.185, 0.104, 0.095, 0.091, 0.169, 0.157, 0.038, 0.132, 0.209, 0.198, 0.095, 0.196, 0.124, 0.062, 0.214, 0.464, 0.647, 0.634, 0.611, 0.705, 0.538, 0.593, 0.844, 0.948, 0.97, 0.777, 0.631, 0.576, 0.615, 0.545, 0.481, 0.341, 0.192, 0.113, 0.064, 0.091, 0.098, 0.056, 0.019, 0.009, 0.004, 0.018, 0.017, 0.008, 0.005, 0.011, 0.018, 0.029, 0.006, R
0.018, 0.015, 0.003, 0.014, 0.042, 0.047, 0.036, 0.074, 0.14, 0.104, 0.09, 0.067, 0.1, 0.106, 0.035, 0.123, 0.163, 0.365, 0.326, 0.3, 0.211, 0.21, 0.208, 0.228, 0.075, 0.197, 0.409, 0.638, 0.797, 0.751, 0.552, 0.221, 0.467, 0.448, 0.23, 0.324, 0.448, 0.558, 0.652, 0.535, 0.248, 0.227, 0.179, 0.09, 0.054, 0.037, 0.099, 0.096, 0.032, 0.014, 0.008, 0.022, 0.026, 0.014, 0.023, 0.004, 0.002, 0.005, 0.009, 0.008, R
0.034, 0.013, 0.07, 0.118, 0.035, 0.118, 0.195, 0.161, 0.304, 0.437, 0.553, 0.577, 0.702, 0.707, 0.737, 0.739, 0.862, 0.946, 0.878, 0.791, 0.576, 0.306, 0.056, 0.024, 0.255, 0.486, 0.503, 0.44, 0.285, 0.18, 0.356, 0.352, 0.332, 0.311, 0.364, 0.075, 0.183, 0.182, 0.182, 0.159, 0.058, 0.095, 0.109, 0.081, 0.078, 0.049, 0.044, 0.059, 0.037, 0.018, 0.03, 0.024, 0.023, 0.009, 0.016, 0.019, 0.003, 0.038, 0.013, 0.016, M
0.06, 0.047, 0.05, 0.039, 0.103, 0.077, 0.085, 0.045, 0.109, 0.035, 0.158, 0.202, 0.227, 0.283, 0.382, 0.466, 0.669, 0.865, 0.936, 0.937, 0.914, 0.916, 0.931, 0.86, 0.733, 0.576, 0.416, 0.411, 0.415, 0.315, 0.294, 0.317, 0.315, 0.413, 0.399, 0.42, 0.453, 0.442, 0.474, 0.343, 0.319, 0.337, 0.249, 0.265, 0.175, 0.093, 0.053, 0.008, 0.034, 0.014, 0.003, 0.001, 0.0, 0.023, 0.021, 0.008, 0.012, 0.011, 0.011, 0.01, M
0.035, 0.051, 0.008, 0.024, 0.043, 0.074, 0.094, 0.113, 0.123, 0.151, 0.181, 0.239, 0.295, 0.287, 0.401, 0.532, 0.549, 0.582, 0.604, 0.675, 0.708, 0.789, 0.928, 0.978, 0.974, 1.0, 0.97, 0.996, 0.824, 0.602, 0.534, 0.487, 0.353, 0.157, 0.095, 0.161, 0.282, 0.339, 0.302, 0.294, 0.298, 0.268, 0.206, 0.207, 0.162, 0.122, 0.101, 0.074, 0.039, 0.005, 0.015, 0.004, 0.012, 0.011, 0.011, 0.01, 0.005, 0.002, 0.008, 0.003, M
0.044, 0.045, 0.024, 0.101, 0.225, 0.261, 0.206, 0.167, 0.18, 0.308, 0.379, 0.536, 0.617, 0.784, 0.839, 0.902, 1.0, 0.891, 0.875, 0.789, 0.716, 0.758, 0.637, 0.321, 0.208, 0.228, 0.331, 0.285, 0.195, 0.167, 0.102, 0.136, 0.221, 0.112, 0.168, 0.104, 0.256, 0.262, 0.224, 0.118, 0.11, 0.283, 0.238, 0.026, 0.197, 0.148, 0.043, 0.063, 0.051, 0.047, 0.025, 0.027, 0.02, 0.014, 0.018, 0.006, 0.004, 0.012, 0.015, 0.01, M
0.109, 0.128, 0.093, 0.123, 0.128, 0.173, 0.195, 0.426, 0.683, 0.576, 0.473, 0.236, 0.102, 0.29, 0.471, 0.466, 0.142, 0.085, 0.326, 0.901, 0.931, 0.486, 0.135, 0.16, 0.274, 0.561, 0.365, 0.614, 0.547, 0.847, 0.564, 0.544, 0.509, 0.625, 0.85, 0.841, 0.842, 0.914, 0.771, 0.488, 0.372, 0.447, 0.459, 0.449, 0.562, 0.43, 0.094, 0.079, 0.027, 0.015, 0.014, 0.046, 0.021, 0.008, 0.012, 0.017, 0.01, 0.02, 0.018, 0.019, M
0.021, 0.054, 0.033, 0.082, 0.074, 0.032, 0.092, 0.107, 0.155, 0.123, 0.18, 0.179, 0.125, 0.258, 0.337, 0.399, 0.165, 0.227, 0.322, 0.536, 0.816, 1.0, 0.87, 0.689, 0.63, 0.574, 0.571, 0.598, 0.43, 0.206, 0.1, 0.225, 0.231, 0.398, 0.332, 0.173, 0.143, 0.217, 0.197, 0.214, 0.367, 0.202, 0.078, 0.092, 0.239, 0.34, 0.259, 0.11, 0.091, 0.046, 0.017, 0.003, 0.005, 0.019, 0.01, 0.012, 0.004, 0.009, 0.007, 0.01, M
0.023, 0.032, 0.017, 0.023, 0.041, 0.012, 0.022, 0.08, 0.236, 0.246, 0.224, 0.152, 0.173, 0.31, 0.438, 0.56, 0.682, 0.616, 0.68, 0.844, 0.992, 1.0, 0.798, 0.543, 0.395, 0.518, 0.565, 0.304, 0.188, 0.396, 0.229, 0.354, 0.419, 0.24, 0.185, 0.376, 0.433, 0.363, 0.252, 0.187, 0.105, 0.234, 0.199, 0.11, 0.068, 0.03, 0.067, 0.078, 0.046, 0.025, 0.015, 0.012, 0.004, 0.012, 0.004, 0.011, 0.005, 0.009, 0.001, 0.009, M
0.01, 0.04, 0.068, 0.069, 0.089, 0.093, 0.096, 0.214, 0.255, 0.295, 0.402, 0.515, 0.49, 0.413, 0.358, 0.345, 0.307, 0.294, 0.435, 0.726, 0.815, 0.81, 0.666, 0.696, 0.775, 0.869, 1.0, 0.994, 0.879, 0.648, 0.588, 0.641, 0.497, 0.276, 0.03, 0.336, 0.317, 0.413, 0.628, 0.498, 0.261, 0.47, 0.481, 0.492, 0.529, 0.222, 0.14, 0.189, 0.095, 0.013, 0.031, 0.024, 0.008, 0.014, 0.017, 0.001, 0.011, 0.004, 0.004, 0.002, M
0.027, 0.038, 0.05, 0.071, 0.131, 0.21, 0.226, 0.252, 0.36, 0.592, 0.668, 0.568, 0.518, 0.333, 0.2, 0.286, 0.294, 0.342, 0.595, 0.753, 0.896, 0.815, 0.711, 0.738, 0.72, 0.825, 0.892, 0.982, 0.818, 0.485, 0.32, 0.278, 0.238, 0.291, 0.168, 0.316, 0.187, 0.339, 0.599, 0.412, 0.118, 0.365, 0.466, 0.478, 0.352, 0.092, 0.123, 0.178, 0.108, 0.03, 0.035, 0.017, 0.02, 0.014, 0.008, 0.004, 0.004, 0.003, 0.006, 0.006, M
0.034, 0.062, 0.038, 0.026, 0.044, 0.103, 0.129, 0.185, 0.265, 0.412, 0.524, 0.534, 0.555, 0.392, 0.295, 0.308, 0.302, 0.272, 0.544, 0.793, 0.875, 0.867, 0.711, 0.691, 0.729, 0.879, 1.0, 0.982, 0.898, 0.605, 0.493, 0.537, 0.459, 0.291, 0.077, 0.225, 0.16, 0.396, 0.612, 0.52, 0.232, 0.437, 0.38, 0.432, 0.489, 0.19, 0.094, 0.136, 0.091, 0.014, 0.033, 0.014, 0.002, 0.007, 0.01, 0.004, 0.006, 0.005, 0.003, 0.006, M
0.019, 0.035, 0.017, 0.018, 0.039, 0.163, 0.203, 0.169, 0.233, 0.268, 0.311, 0.293, 0.228, 0.099, 0.18, 0.22, 0.273, 0.286, 0.203, 0.174, 0.413, 0.688, 0.812, 0.845, 0.892, 0.93, 0.999, 1.0, 0.81, 0.62, 0.604, 0.555, 0.416, 0.147, 0.085, 0.061, 0.097, 0.141, 0.168, 0.12, 0.12, 0.104, 0.198, 0.134, 0.09, 0.108, 0.152, 0.136, 0.086, 0.029, 0.02, 0.012, 0.01, 0.02, 0.003, 0.01, 0.006, 0.012, 0.019, 0.016, M

