0.012, 0.031, 0.017, 0.031, 0.036, 0.01, 0.018, 0.058, 0.112, 0.084, 0.055, 0.085, 0.203, 0.256, 0.187, 0.203, 0.146, 0.285, 0.582, 0.773, 0.785, 0.852, 0.531, 0.365, 0.597, 0.828, 1.0, 0.867, 0.63, 0.459, 0.394, 0.258, 0.282, 0.264, 0.276, 0.27, 0.399, 0.458, 0.394, 0.252, 0.178, 0.135, 0.052, 0.034, 0.089, 0.086, 0.087, 0.044, 0.013, 0.022, 0.019, 0.013, 0.026, 0.022, 0.007, 0.012, 0.003, 0.009, 0.001, 0.004, R
0.027, 0.009, 0.014, 0.028, 0.041, 0.076, 0.103, 0.114, 0.079, 0.152, 0.168, 0.137, 0.136, 0.134, 0.214, 0.535, 0.683, 0.56, 0.309, 0.323, 0.443, 0.557, 0.578, 0.617, 0.813, 0.982, 0.982, 0.917, 0.742, 0.774, 0.847, 0.735, 0.667, 0.608, 0.624, 0.597, 0.572, 0.524, 0.292, 0.154, 0.2, 0.203, 0.221, 0.178, 0.135, 0.137, 0.075, 0.047, 0.032, 0.018, 0.004, 0.008, 0.001, 0.002, 0.007, 0.004, 0.012, 0.013, 0.007, 0.009, R
0.021, 0.013, 0.053, 0.057, 0.065, 0.143, 0.134, 0.204, 0.157, 0.157, 0.233, 0.178, 0.151, 0.192, 0.206, 0.231, 0.236, 0.13, 0.381, 0.586, 0.45, 0.488, 1.0, 0.868, 0.472, 0.534, 0.62, 0.714, 0.56, 0.373, 0.248, 0.192, 0.139, 0.332, 0.288, 0.323, 0.261, 0.204, 0.24, 0.132, 0.068, 0.033, 0.072, 0.098, 0.079, 0.052, 0.05, 0.023, 0.022, 0.014, 0.031, 0.039, 0.015, 0.002, 0.01, 0.01, 0.008, 0.018, 0.011, 0.007, R
0.009, 0.027, 0.022, 0.034, 0.03, 0.117, 0.145, 0.064, 0.074, 0.136, 0.213, 0.374, 0.374, 0.267, 0.233, 0.537, 0.731, 0.766, 0.627, 0.44, 0.433, 0.433, 0.554, 0.736, 0.859, 0.899, 0.942, 0.94, 0.938, 0.858, 0.728, 0.67, 0.755, 0.877, 0.992, 0.992, 0.942, 0.839, 0.66, 0.482, 0.292, 0.177, 0.114, 0.07, 0.158, 0.194, 0.111, 0.069, 0.018, 0.02, 0.031, 0.021, 0.009, 0.006, 0.009, 0.009, 0.007, 0.012, 0.006, 0.011, R
0.014, 0.004, 0.005, 0.029, 0.056, 0.093, 0.103, 0.088, 0.16, 0.191, 0.158, 0.111, 0.12, 0.117, 0.142, 0.222, 0.266, 0.271, 0.386, 0.572, 0.68, 0.875, 1.0, 0.895, 0.842, 0.917, 0.931, 0.905, 0.823, 0.699, 0.583, 0.492, 0.456, 0.516, 0.567, 0.528, 0.514, 0.374, 0.228, 0.119, 0.109, 0.043, 0.107, 0.058, 0.005, 0.047, 0.041, 0.029, 0.019, 0.009, 0.002, 0.004, 0.008, 0.01, 0.01, 0.002, 0.004, 0.003, 0.003, 0.003, R
0.02, 0.014, 0.018, 0.041, 0.039, 0.025, 0.089, 0.097, 0.084, 0.119, 0.152, 0.132, 0.143, 0.124, 0.065, 0.089, 0.123, 0.185, 0.388, 0.366, 0.23, 0.261, 0.419, 0.585, 0.564, 0.545, 0.477, 0.69, 0.98, 1.0, 0.955, 0.884, 0.766, 0.655, 0.545, 0.459, 0.468, 0.199, 0.07, 0.149, 0.171, 0.165, 0.26, 0.385, 0.375, 0.241, 0.108, 0.022, 0.016, 0.019, 0.012, 0.003, 0.007, 0.012, 0.001, 0.002, 0.006, 0.004, 0.007, 0.001, R
0.004, 0.008, 0.009, 0.039, 0.053, 0.12, 0.124, 0.103, 0.124, 0.089, 0.094, 0.124, 0.16, 0.154, 0.185, 0.173, 0.148, 0.175, 0.146, 0.158, 0.226, 0.198, 0.337, 0.583, 0.85, 1.0, 0.846, 0.662, 0.556, 0.392, 0.323, 0.205, 0.192, 0.223, 0.315, 0.227, 0.08, 0.075, 0.117, 0.197, 0.262, 0.251, 0.198, 0.095, 0.093, 0.096, 0.038, 0.044, 0.034, 0.006, 0.008, 0.012, 0.006, 0.004, 0.004, 0.0, 0.002, 0.005, 0.002, 0.002, R
0.034, 0.029, 0.048, 0.054, 0.079, 0.08, 0.114, 0.123, 0.124, 0.084, 0.036, 0.069, 0.17, 0.326, 0.46, 0.622, 0.733, 0.784, 0.799, 0.826, 1.0, 0.981, 0.962, 0.96, 0.912, 0.909, 0.793, 0.588, 0.347, 0.424, 0.463, 0.341, 0.285, 0.285, 0.174, 0.055, 0.119, 0.115, 0.086, 0.181, 0.126, 0.08, 0.038, 0.127, 0.112, 0.05, 0.095, 0.068, 0.026, 0.017, 0.003, 0.015, 0.011, 0.003, 0.004, 0.017, 0.014, 0.002, 0.007, 0.005, R
0.038, 0.032, 0.042, 0.035, 0.179, 0.164, 0.089, 0.082, 0.178, 0.205, 0.314, 0.312, 0.369, 0.388, 0.585, 0.787, 0.974, 1.0, 0.984, 0.861, 0.844, 0.906, 0.585, 0.403, 0.595, 0.679, 0.639, 0.5, 0.558, 0.483, 0.473, 0.332, 0.397, 0.389, 0.231, 0.104, 0.131, 0.086, 0.257, 0.318, 0.265, 0.271, 0.171, 0.058, 0.123, 0.22, 0.22, 0.107, 0.042, 0.016, 0.009, 0.005, 0.004, 0.008, 0.01, 0.006, 0.006, 0.006, 0.004, 0.005, R
0.046, 0.044, 0.035, 0.046, 0.007, 0.089, 0.18, 0.174, 0.16, 0.141, 0.269, 0.326, 0.454, 0.578, 0.447, 0.223, 0.216, 0.32, 0.292, 0.424, 0.446, 0.238, 0.642, 0.897, 0.892, 0.753, 0.684, 0.839, 1.0, 0.836, 0.543, 0.458, 0.807, 0.697, 0.392, 0.156, 0.16, 0.216, 0.518, 0.478, 0.234, 0.36, 0.278, 0.181, 0.035, 0.047, 0.032, 0.041, 0.016, 0.009, 0.012, 0.007, 0.003, 0.011, 0.016, 0.015, 0.007, 0.008, 0.012, 0.006, R
0.026, 0.007, 0.034, 0.079, 0.104, 0.078, 0.142, 0.118, 0.045, 0.094, 0.113, 0.084, 0.072, 0.197, 0.263, 0.419, 0.505, 0.671, 0.792, 0.838, 0.876, 0.942, 1.0, 0.993, 0.958, 0.865, 0.722, 0.58, 0.496, 0.489, 0.408, 0.244, 0.177, 0.247, 0.352, 0.376, 0.291, 0.231, 0.317, 0.355, 0.374, 0.444, 0.326, 0.196, 0.086, 0.169, 0.199, 0.122, 0.063, 0.032, 0.025, 0.021, 0.026, 0.018, 0.004, 0.007, 0.012, 0.008, 0.008, 0.007, M
0.023, 0.085, 0.1, 0.043, 0.112, 0.165, 0.16, 0.212, 0.33, 0.352, 0.333, 0.364, 0.402, 0.473, 0.52, 0.657, 0.843, 0.848, 0.834, 0.845, 0.8, 0.854, 0.964, 1.0, 0.936, 0.941, 0.907, 0.71, 0.632, 0.567, 0.35, 0.245, 0.17, 0.329, 0.367, 0.233, 0.241, 0.256, 0.189, 0.194, 0.307, 0.278, 0.031, 0.124, 0.185, 0.175, 0.108, 0.073, 0.024, 0.019, 0.016, 0.017, 0.019, 0.026, 0.014, 0.012, 0.012, 0.009, 0.001, 0.004, M
0.037, 0.059, 0.063, 0.053, 0.026, 0.142, 0.207, 0.273, 0.307, 0.26, 0.348, 0.4, 0.457, 0.595, 0.792, 0.827, 0.809, 0.898, 0.983, 0.898, 0.889, 0.937, 0.912, 0.794, 0.672, 0.632, 0.486, 0.339, 0.483, 0.382, 0.308, 0.127, 0.074, 0.151, 0.191, 0.182, 0.171, 0.095, 0.283, 0.301, 0.16, 0.148, 0.288, 0.205, 0.106, 0.14, 0.106, 0.053, 0.04, 0.018, 0.035, 0.012, 0.006, 0.024, 0.003, 0.009, 0.012, 0.011, 0.01, 0.013, M
0.097, 0.082, 0.063, 0.061, 0.062, 0.121, 0.094, 0.422, 0.574, 0.502, 0.349, 0.17, 0.208, 0.309, 0.422, 0.531, 0.244, 0.188, 0.191, 0.832, 1.0, 0.408, 0.096, 0.193, 0.242, 0.379, 0.289, 0.345, 0.378, 0.521, 0.232, 0.334, 0.478, 0.612, 0.67, 0.738, 0.736, 0.779, 0.679, 0.526, 0.276, 0.154, 0.202, 0.223, 0.422, 0.307, 0.133, 0.135, 0.106, 0.05, 0.021, 0.007, 0.008, 0.03, 0.019, 0.021, 0.013, 0.02, 0.021, 0.004, M
0.073, 0.125, 0.166, 0.15, 0.144, 0.277, 0.256, 0.171, 0.047, 0.111, 0.174, 0.316, 0.325, 0.216, 0.203, 0.258, 0.18, 0.242, 0.361, 0.181, 0.26, 0.657, 0.973, 0.976, 0.808, 0.652, 0.492, 0.536, 0.765, 0.525, 0.51, 0.422, 0.416, 0.191, 0.022, 0.422, 0.55, 0.248, 0.203, 0.273, 0.284, 0.446, 0.318, 0.081, 0.119, 0.213, 0.324, 0.294, 0.147, 0.021, 0.036, 0.044, 0.023, 0.029, 0.014, 0.016, 0.018, 0.019, 0.021, 0.006, M
0.072, 0.157, 0.111, 0.108, 0.067, 0.18, 0.111, 0.279, 0.141, 0.08, 0.253, 0.392, 0.338, 0.161, 0.189, 0.331, 0.228, 0.218, 0.185, 0.517, 0.534, 0.63, 0.844, 0.676, 0.582, 0.614, 0.881, 0.838, 0.387, 0.505, 0.546, 0.424, 0.153, 0.495, 0.698, 0.711, 0.565, 0.487, 0.552, 0.443, 0.525, 0.608, 0.525, 0.136, 0.427, 0.444, 0.219, 0.09, 0.12, 0.063, 0.023, 0.031, 0.013, 0.008, 0.028, 0.012, 0.009, 0.015, 0.016, 0.013, M
0.021, 0.013, 0.002, 0.045, 0.071, 0.156, 0.152, 0.121, 0.167, 0.134, 0.078, 0.037, 0.123, 0.261, 0.428, 0.612, 0.744, 0.813, 0.901, 0.96, 0.916, 0.914, 0.785, 0.513, 0.344, 0.329, 0.257, 0.368, 0.576, 0.619, 0.461, 0.362, 0.443, 0.386, 0.309, 0.214, 0.111, 0.139, 0.152, 0.1, 0.164, 0.19, 0.131, 0.178, 0.2, 0.076, 0.073, 0.075, 0.045, 0.013, 0.017, 0.012, 0.002, 0.005, 0.005, 0.003, 0.002, 0.004, 0.005, 0.002, M
0.018, 0.044, 0.048, 0.07, 0.162, 0.089, 0.06, 0.107, 0.318, 0.292, 0.327, 0.304, 0.303, 0.259, 0.168, 0.131, 0.28, 0.452, 0.664, 0.768, 0.696, 0.439, 0.243, 0.289, 0.497, 0.817, 1.0, 0.924, 0.852, 0.772, 0.577, 0.519, 0.682, 0.622, 0.505, 0.358, 0.381, 0.381, 0.336, 0.277, 0.365, 0.383, 0.345, 0.21, 0.103, 0.08, 0.07, 0.053, 0.024, 0.012, 0.012, 0.012, 0.011, 0.01, 0.003, 0.002, 0.003, 0.005, 0.007, 0.002, M
0.006, 0.027, 0.022, 0.056, 0.094, 0.115, 0.071, 0.1, 0.167, 0.186, 0.248, 0.271, 0.293, 0.264, 0.188, 0.14, 0.203, 0.261, 0.278, 0.335, 0.383, 0.4, 0.511, 0.686, 0.749, 0.784, 0.902, 1.0, 0.889, 0.651, 0.608, 0.446, 0.295, 0.173, 0.149, 0.08, 0.177, 0.138, 0.24, 0.205, 0.197, 0.278, 0.138, 0.068, 0.066, 0.166, 0.181, 0.124, 0.052, 0.004, 0.018, 0.007, 0.006, 0.007, 0.007, 0.008, 0.004, 0.002, 0.003, 0.001, M
0.024, 0.032, 0.042, 0.04, 0.079, 0.077, 0.088, 0.114, 0.159, 0.205, 0.265, 0.31, 0.238, 0.192, 0.143, 0.174, 0.178, 0.285, 0.504, 0.617, 0.762, 0.812, 0.779, 0.879, 0.881, 0.947, 1.0, 0.974, 0.845, 0.615, 0.43, 0.316, 0.287, 0.202, 0.121, 0.027, 0.058, 0.126, 0.107, 0.108, 0.036, 0.12, 0.206, 0.205, 0.188, 0.205, 0.172, 0.107, 0.048, 0.017, 0.019, 0.01, 0.007, 0.008, 0.004, 0.003, 0.003, 0.001, 0.004, 0.006, M
0.03, 0.035, 0.049, 0.061, 0.017, 0.135, 0.146, 0.112, 0.194, 0.235, 0.29, 0.281, 0.158, 0.027, 0.067, 0.144, 0.207, 0.264, 0.283, 0.429, 0.568, 0.699, 0.725, 0.762, 0.924, 1.0, 0.998, 0.83, 0.703, 0.714, 0.689, 0.496, 0.258, 0.097, 0.078, 0.036, 0.157, 0.182, 0.135, 0.085, 0.049, 0.137, 0.155, 0.155, 0.132, 0.098, 0.126, 0.095, 0.049, 0.024, 0.004, 0.009, 0.005, 0.013, 0.004, 0.004, 0.003, 0.008, 0.004, 0.005, M

