81, 43, 68, 148, 64, 7, 150, 45, 19, 144, 175, 330, 171, 80, 1, 2, 182, 185, bus
81, 45, 68, 154, 69, 22, 151, 45, 19, 147, 186, 335, 186, 88, 1, 10, 180, 185, bus
90, 48, 85, 157, 64, 11, 161, 43, 20, 167, 175, 375, 186, 74, 3, 16, 185, 195, van
95, 43, 96, 202, 65, 10, 189, 35, 22, 143, 217, 534, 166, 71, 6, 27, 190, 197, opel
105, 54, 105, 213, 67, 10, 200, 33, 23, 163, 214, 597, 214, 68, 10, 20, 190, 198, opel
111, 58, 105, 183, 51, 6, 265, 26, 29, 174, 285, 1018, 255, 85, 4, 8, 181, 183, bus
85, 36, 66, 123, 55, 5, 120, 56, 17, 128, 140, 212, 131, 73, 1, 18, 186, 190, van
96, 55, 103, 201, 65, 9, 204, 32, 23, 166, 227, 624, 246, 74, 6, 2, 186, 194, opel
94, 43, 64, 173, 69, 7, 150, 43, 19, 142, 169, 344, 177, 68, 9, 1, 199, 206, bus
93, 35, 66, 154, 59, 6, 142, 46, 18, 128, 162, 304, 120, 64, 5, 13, 197, 202, opel
81, 45, 68, 169, 73, 6, 151, 44, 19, 146, 173, 336, 186, 75, 7, 0, 183, 189, bus
91, 43, 70, 133, 55, 8, 130, 51, 18, 146, 159, 253, 156, 70, 1, 8, 190, 194, van
89, 47, 81, 147, 64, 11, 156, 44, 20, 163, 170, 352, 188, 76, 6, 13, 184, 193, van
107, 53, 103, 221, 66, 11, 209, 32, 24, 163, 222, 653, 212, 66, 0, 1, 191, 201, opel
77, 38, 63, 135, 59, 5, 130, 52, 18, 130, 145, 247, 139, 79, 13, 21, 183, 187, opel
89, 44, 68, 113, 50, 7, 150, 45, 19, 147, 171, 328, 189, 88, 6, 5, 179, 182, bus
89, 40, 76, 188, 76, 7, 150, 44, 19, 136, 174, 342, 148, 72, 3, 8, 193, 197, bus
82, 45, 66, 252, 126, 52, 148, 45, 19, 144, 237, 326, 185, 119, 1, 1, 181, 185, bus
108, 53, 103, 202, 64, 10, 220, 30, 25, 168, 224, 711, 214, 73, 11, 10, 188, 199, saab
85, 39, 77, 151, 59, 8, 150, 45, 19, 134, 176, 331, 133, 73, 0, 16, 184, 193, opel
95, 47, 88, 162, 64, 11, 159, 43, 20, 157, 176, 371, 185, 71, 12, 13, 189, 198, van
85, 45, 71, 150, 63, 8, 143, 46, 19, 147, 171, 307, 179, 72, 2, 3, 187, 196, van
81, 42, 63, 125, 55, 8, 149, 46, 19, 145, 166, 320, 172, 86, 7, 7, 179, 182, bus
106, 49, 106, 211, 64, 9, 208, 32, 24, 158, 224, 645, 184, 68, 1, 24, 190, 202, saab
98, 54, 104, 186, 59, 10, 213, 32, 24, 172, 223, 665, 217, 73, 1, 26, 186, 195, opel
89, 44, 70, 137, 58, 6, 136, 49, 18, 146, 168, 273, 166, 78, 10, 3, 186, 187, van
93, 43, 76, 149, 57, 7, 149, 44, 19, 143, 172, 335, 176, 69, 14, 0, 189, 194, saab
82, 44, 72, 136, 61, 7, 147, 46, 19, 143, 173, 317, 183, 81, 6, 17, 181, 185, bus
111, 54, 103, 171, 50, 11, 221, 30, 25, 172, 227, 727, 201, 69, 15, 6, 190, 198, opel
101, 56, 100, 168, 55, 11, 214, 31, 24, 175, 219, 681, 224, 74, 2, 3, 185, 192, opel
89, 36, 72, 141, 56, 7, 138, 48, 18, 126, 163, 286, 130, 72, 1, 1, 187, 192, opel
100, 52, 104, 189, 59, 10, 208, 32, 24, 163, 220, 642, 197, 70, 1, 22, 187, 198, saab
90, 48, 78, 134, 56, 11, 160, 43, 20, 167, 169, 366, 185, 76, 1, 14, 182, 192, van
85, 47, 75, 121, 53, 9, 157, 44, 20, 165, 168, 358, 176, 77, 1, 7, 182, 191, van
95, 36, 73, 191, 73, 6, 156, 41, 19, 126, 184, 374, 124, 71, 2, 19, 199, 204, bus
86, 39, 60, 140, 60, 7, 119, 55, 17, 134, 140, 212, 141, 61, 7, 8, 200, 207, van
83, 37, 62, 113, 53, 6, 122, 55, 17, 129, 143, 218, 135, 79, 0, 7, 181, 185, van
82, 43, 73, 154, 65, 7, 151, 44, 19, 143, 178, 341, 160, 76, 5, 11, 185, 189, bus
89, 48, 85, 189, 64, 8, 169, 39, 20, 153, 188, 427, 190, 64, 16, 5, 195, 201, saab
88, 43, 84, 136, 55, 11, 154, 44, 19, 150, 174, 350, 164, 73, 6, 2, 185, 196, van
98, 52, 86, 207, 69, 5, 192, 33, 22, 161, 212, 570, 221, 75, 4, 6, 194, 195, bus
93, 45, 83, 142, 56, 10, 157, 43, 20, 155, 180, 364, 188, 75, 1, 21, 184, 197, van
98, 51, 96, 203, 66, 10, 188, 35, 22, 157, 207, 533, 231, 68, 10, 1, 191, 199, saab
83, 37, 54, 131, 61, 4, 135, 50, 18, 127, 152, 271, 141, 85, 3, 6, 180, 183, saab
117, 52, 110, 228, 65, 12, 212, 31, 24, 163, 228, 668, 220, 66, 21, 25, 194, 205, saab
88, 44, 77, 167, 59, 6, 151, 44, 19, 145, 175, 343, 177, 64, 9, 12, 202, 208, opel
88, 38, 58, 137, 60, 5, 148, 46, 19, 131, 163, 319, 157, 86, 12, 0, 180, 183, saab
90, 47, 85, 149, 60, 10, 155, 43, 19, 155, 179, 355, 186, 75, 1, 5, 185, 196, van
87, 36, 53, 117, 58, 4, 118, 57, 17, 125, 138, 205, 138, 85, 9, 15, 180, 183, van
109, 52, 95, 189, 58, 4, 227, 29, 25, 158, 262, 776, 217, 82, 0, 19, 187, 186, bus
94, 47, 85, 333, 138, 49, 155, 43, 19, 155, 320, 354, 187, 135, 12, 9, 188, 196, van
84, 38, 83, 141, 54, 7, 149, 45, 19, 132, 177, 327, 149, 74, 6, 29, 185, 191, saab
91, 36, 60, 126, 56, 6, 119, 56, 17, 130, 139, 211, 118, 67, 6, 14, 192, 198, van
100, 49, 80, 206, 70, 6, 183, 35, 21, 156, 206, 517, 198, 73, 3, 13, 198, 199, bus
104, 55, 109, 230, 67, 12, 218, 30, 24, 174, 230, 706, 226, 67, 8, 22, 191, 202, opel
83, 46, 71, 156, 70, 6, 151, 44, 19, 147, 174, 338, 198, 80, 3, 11, 181, 186, bus
106, 54, 105, 164, 48, 5, 247, 27, 27, 165, 269, 891, 243, 84, 12, 1, 181, 182, bus
106, 55, 98, 224, 68, 11, 215, 31, 24, 170, 222, 679, 214, 68, 2, 29, 189, 201, opel
92, 42, 75, 172, 60, 8, 147, 45, 19, 142, 174, 322, 160, 62, 22, 10, 206, 211, opel
89, 40, 89, 174, 58, 8, 177, 37, 21, 133, 202, 471, 155, 70, 7, 18, 189, 196, saab
89, 36, 69, 162, 63, 6, 140, 48, 18, 131, 164, 291, 126, 66, 1, 38, 193, 204, saab
88, 48, 90, 178, 60, 8, 175, 38, 21, 152, 200, 460, 198, 68, 13, 16, 192, 199, saab
102, 55, 101, 213, 67, 12, 222, 30, 25, 177, 226, 719, 213, 71, 2, 21, 187, 199, saab
93, 39, 86, 180, 59, 9, 167, 39, 20, 134, 186, 418, 129, 63, 6, 17, 197, 204, saab
107, 51, 103, 182, 56, 11, 213, 31, 24, 162, 226, 673, 217, 72, 2, 4, 188, 198, saab
85, 43, 66, 121, 54, 7, 150, 46, 19, 147, 169, 324, 175, 87, 0, 5, 179, 182, bus
91, 40, 83, 166, 60, 8, 160, 41, 20, 133, 189, 383, 155, 72, 5, 7, 186, 191, saab
100, 51, 89, 199, 65, 6, 201, 32, 23, 159, 219, 622, 205, 74, 6, 7, 193, 193, bus
103, 56, 105, 183, 59, 10, 210, 32, 24, 173, 217, 648, 218, 72, 13, 22, 188, 196, opel
80, 34, 42, 110, 57, 3, 114, 59, 17, 119, 131, 191, 121, 87, 4, 7, 179, 183, opel
92, 37, 75, 191, 71, 6, 161, 40, 20, 128, 180, 393, 135, 69, 1, 14, 195, 202, bus
92, 42, 69, 153, 58, 8, 140, 48, 18, 138, 165, 290, 151, 64, 10, 21, 199, 206, opel
97, 49, 76, 203, 73, 7, 178, 36, 21, 157, 194, 487, 186, 72, 0, 7, 197, 200, bus
89, 38, 77, 161, 62, 7, 149, 45, 19, 129, 174, 327, 153, 71, 6, 21, 188, 193, saab
85, 40, 66, 136, 58, 6, 142, 48, 19, 137, 164, 295, 164, 77, 2, 22, 182, 186, saab
97, 37, 78, 181, 62, 8, 161, 41, 20, 131, 182, 389, 117, 62, 2, 28, 203, 211, opel
89, 45, 85, 149, 59, 11, 158, 43, 20, 158, 177, 362, 173, 75, 12, 16, 183, 193, van
90, 46, 73, 137, 58, 11, 161, 43, 20, 158, 170, 373, 186, 76, 0, 9, 182, 193, van
106, 53, 98, 192, 58, 11, 217, 31, 24, 166, 228, 693, 191, 71, 11, 24, 188, 198, opel
93, 43, 78, 162, 64, 8, 137, 48, 18, 145, 156, 281, 159, 63, 17, 12, 203, 210, van
105, 54, 108, 234, 70, 12, 215, 31, 24, 168, 226, 687, 228, 68, 4, 22, 189, 201, saab
90, 41, 78, 145, 55, 7, 138, 48, 18, 138, 161, 284, 158, 67, 0, 1, 192, 197, opel
87, 44, 98, 211, 70, 10, 189, 35, 22, 141, 214, 535, 178, 71, 2, 21, 187, 194, opel
115, 52, 100, 203, 62, 10, 217, 31, 24, 165, 229, 697, 214, 72, 14, 4, 188, 197, saab
90, 39, 85, 160, 59, 7, 163, 41, 20, 131, 189, 396, 158, 71, 7, 13, 186, 192, saab

