0, 6, 1, -2.907, 1.992, -0.904, 0.205, 0.011, 0.346, -0.031, -0.148, -1.262, 0.487, 10
0, 7, 1, -3.494, 1.207, -0.607, 0.242, -0.43, 0.131, 0.236, 0.545, -0.593, 0.678, 3
0, 7, 1, -4.373, 4.643, -0.792, -1.332, -0.202, 0.597, 0.192, 1.133, -1.131, -0.28, 7
0, 7, 1, -3.434, 2.26, -1.065, -0.122, -0.795, 0.363, 1.403, -0.507, -0.375, 0.015, 4
0, 7, 1, -3.581, 1.188, -0.958, 0.189, -0.077, 0.451, 0.049, 0.449, -0.676, 0.919, 3
0, 7, 1, -4.544, 1.672, 0.643, 1.281, 0.504, -0.803, -0.709, -0.229, -0.546, 1.058, 1
0, 7, 1, -4.426, 1.167, 0.008, 1.315, 0.189, -0.297, -0.124, -0.244, -0.423, 0.684, 2
1, 8, 0, -2.509, 1.326, 0.354, 0.663, -0.724, 0.418, -0.496, 0.713, 0.638, -0.204, 5
1, 8, 0, -1.784, -1.074, -1.661, 1.324, 0.289, 1.303, 0.924, 1.307, -0.346, -0.521, 0
1, 8, 0, -1.716, 1.186, -0.809, -0.515, -0.35, 0.29, -0.404, 0.678, 0.172, -0.212, 3
1, 8, 0, -3.108, 0.926, -0.389, 0.249, -0.461, 0.816, -0.226, 0.818, 0.387, 0.303, 10
1, 8, 0, -3.366, -0.826, -0.405, 1.643, 0.603, 1.226, 0.524, 0.293, -0.858, -0.668, 0
1, 8, 0, -1.817, 0.559, -0.801, 0.234, 0.011, 1.215, -0.161, 0.809, 0.018, -0.382, 2
1, 8, 0, -3.81, 1.91, 0.527, 0.478, -0.972, 0.945, -0.28, 0.719, 0.482, 0.829, 8
1, 8, 0, -2.784, 1.43, 0.145, 0.309, -0.931, 1.342, 0.017, 0.589, -0.044, -0.273, 5
1, 8, 0, -3.073, 1.532, 0.949, 1.541, -1.058, 0.272, -0.961, 0.449, 0.619, 0.969, 6
1, 8, 0, -3.958, 4.132, -0.074, -0.19, -1.184, -0.11, -0.679, 1.198, 0.442, 0.563, 7
1, 8, 0, -4.756, 0.965, 0.959, 2.287, -0.527, 0.454, -0.41, -0.362, -0.862, 1.088, 9
1, 9, 0, -3.137, 0.077, -1.157, 1.589, 0.204, 1.898, 0.17, 0.676, -1.033, -0.635, 0
1, 9, 0, -2.765, 2.817, -2.02, 0.213, -0.772, 0.852, 0.252, -0.193, -0.202, -0.093, 4
1, 9, 0, -3.485, 1.092, -0.674, 1.395, -0.027, 1.039, -0.047, 0.384, -0.761, -0.934, 1
1, 9, 0, -4.064, 4.106, -0.545, 0.03, -1.645, 0.904, 0.103, 0.907, 0.05, -0.322, 7
1, 9, 0, -3.711, 1.377, -0.584, 1.428, -0.033, 1.062, -0.127, 0.328, -1.092, -0.565, 1
1, 10, 0, -4.602, 3.043, -0.959, 0.828, -0.298, 0.315, 0.423, 0.57, 0.387, -0.617, 9
1, 10, 0, -2.6, 1.219, -1.315, 0.589, 0.311, 0.364, 0.451, 0.35, -0.556, -0.314, 2
1, 10, 0, -2.444, 2.529, -0.487, -0.814, -0.151, 1.285, 0.077, -0.064, 0.287, -0.638, 5
1, 10, 0, -4.805, 3.228, -0.501, 0.602, -0.532, 0.745, 0.09, 0.445, 0.756, -0.42, 9
1, 10, 0, -4.047, 2.626, -0.597, 0.823, -0.266, 0.048, 0.049, 0.882, 0.359, -0.203, 8
1, 10, 0, -4.893, 3.37, -0.464, 0.538, -0.327, 0.496, 0.27, 0.47, 0.742, -0.141, 9
1, 11, 0, -2.012, 1.134, -1.029, 0.205, 0.661, 0.359, 0.456, 0.372, -0.939, -0.613, 2
1, 11, 0, -2.596, 1.867, -0.208, 0.208, -0.574, 0.146, -0.214, 0.116, 0.395, -0.541, 4
1, 11, 0, -4.028, 0.982, -0.648, 1.478, -0.048, 2.108, -0.146, 0.467, -0.654, -0.193, 9
1, 11, 0, -3.265, 1.933, -0.316, 0.602, 0.438, 0.336, 0.048, 0.134, -0.16, -0.991, 10
1, 11, 0, -2.175, 1.631, -0.331, -0.203, -0.159, 0.246, 0.18, -0.093, -0.351, -0.267, 3
1, 12, 1, -2.702, 3.596, -0.57, -1.041, -0.709, 1.009, 0.403, 0.426, -1.013, -0.009, 6
1, 12, 1, -3.828, 3.188, -0.388, 0.055, -0.185, -0.029, 0.503, 0.273, 0.326, 0.1, 8
1, 12, 1, -2.836, 1.561, -0.076, 1.229, -0.291, -0.036, -0.369, -0.393, -0.181, 0.85, 2
1, 13, 1, -3.492, 3.446, -1.734, 0.705, -0.23, 1.339, 0.092, -0.698, -1.143, -0.05, 6
1, 13, 1, -4.763, 1.305, 1.231, 1.548, 0.308, -0.152, -0.792, -0.124, -0.107, 0.885, 0
1, 13, 1, -3.371, 2.007, -0.919, 0.843, 0.221, 0.541, -0.317, -0.37, -0.5, 0.652, 5
1, 13, 1, -3.57, 3.41, -1.576, 0.563, 0.002, 0.759, 0.285, -0.466, -1.409, 0.586, 6
1, 13, 1, -3.636, 2.719, -0.178, 0.665, 0.099, -0.084, -0.333, -0.362, -1.049, 0.978, 10
1, 14, 1, -3.119, 3.135, -1.466, -0.352, -0.023, 0.752, 0.143, -0.231, -0.376, 0.721, 4
1, 14, 1, -4.049, 2.223, -0.076, 0.928, 0.692, 0.731, -0.931, -0.141, -1.087, -0.584, 9
1, 14, 1, -3.584, 1.252, -0.062, 1.646, 0.787, 1.134, 0.096, -0.292, -1.133, 0.472, 1
1, 14, 1, -3.018, 3.014, -1.486, -0.105, -0.131, 0.929, 0.226, -0.463, -0.555, 0.598, 4
1, 14, 1, -3.753, 3.605, -0.899, -0.747, -0.401, 1.765, 0.62, 0.754, -0.835, -0.301, 7
0, 0, 0, -2.852, 1.914, -0.755, 0.825, -1.588, 0.855, 0.217, -0.246, 0.238, -0.365, 5
0, 0, 0, -3.582, 2.374, -0.358, 1.162, -1.953, 0.621, 0.339, 0.355, 0.415, -0.259, 6
0, 0, 0, -3.062, 0.351, -1.071, 1.061, -0.355, 1.99, -0.21, 0.796, -0.358, -0.299, 1
0, 0, 0, -2.596, 1.56, -1.249, 0.656, -1.095, 1.292, -0.55, 1.006, -0.15, -0.553, 10
0, 1, 0, -4.275, 0.162, 0.728, 0.662, 0.94, 1.269, 0.711, 0.073, -0.827, -0.655, 0
0, 1, 0, -3.146, 3.076, -0.683, -0.032, -0.693, -0.06, -0.267, 0.476, 0.982, -0.352, 6
0, 1, 0, -3.03, 1.185, 0.314, -0.121, -0.591, 0.965, 0.353, -0.137, -0.221, 0.075, 10
0, 1, 0, -4.232, 3.035, 0.428, 0.497, -1.374, 0.549, 0.133, 0.232, 0.129, 0.487, 8
0, 1, 0, -4.314, -0.106, 1.044, 1.192, 0.687, 0.763, 0.158, -0.193, -1.342, -0.447, 0
0, 1, 0, -2.051, 1.508, -1.641, -0.058, -0.102, 0.346, -0.021, 0.109, -0.147, -0.298, 3
0, 1, 0, -2.788, 3.194, -1.142, -0.313, -0.58, 0.357, 0.281, 0.082, 0.109, -0.858, 4
0, 2, 0, -3.33, 1.529, -0.552, 2.023, -0.845, 0.016, 0.049, 0.512, 0.396, 0.386, 8
0, 2, 0, -1.501, 1.611, -1.003, 1.156, -0.883, 0.901, -0.169, 0.862, -0.151, 0.164, 3
0, 2, 0, -3.545, 1.926, -0.512, 1.732, -1.109, 1.006, 0.021, 0.82, 0.731, -0.639, 8
0, 2, 0, -1.4, 0.316, -1.894, 0.83, -0.242, 2.038, 0.003, 1.667, -0.515, -0.087, 1
0, 2, 0, -1.494, 0.663, -1.58, 1.191, -0.252, 1.777, -0.072, 1.189, -0.409, 0.09, 2
0, 2, 0, -2.52, 1.52, -0.959, 1.296, -1.103, 1.149, -0.268, 1.249, 0.092, -0.682, 10
0, 3, 0, -2.55, 2.629, 0.084, -0.159, -0.882, 0.093, -0.19, 0.961, 0.032, -0.589, 4
0, 3, 0, -2.464, 1.968, 0.026, 0.078, -0.542, 0.074, 0.051, 0.596, 0.26, -0.437, 5
0, 3, 0, -3.601, 0.742, -0.238, 0.332, -0.561, 1.275, -0.014, 0.844, 0.558, 0.659, 9
0, 3, 0, -1.425, 0.256, -1.13, -0.284, -0.394, 1.253, 0.306, 0.893, 0.272, -0.378, 1
0, 3, 0, -3.565, 1.363, 0.958, 1.976, -1.268, 0.091, -1.363, 0.72, 0.738, 1.145, 7
0, 3, 0, -3.198, 1.373, 0.392, 0.423, -1.203, 0.656, -0.428, 0.994, 0.576, 0.865, 8
0, 3, 0, -1.656, -0.496, -1.719, 0.363, -0.002, 1.637, 0.535, 1.319, -0.012, -0.49, 0
0, 3, 0, -1.764, 0.888, -1.001, 0.197, 0.3, 0.66, 0.159, 0.557, -0.301, -0.65, 2
0, 3, 0, -2.314, 1.494, 0.294, 0.245, -0.769, 0.05, -0.068, 0.819, 0.618, -0.572, 5
0, 3, 0, -2.507, 1.528, 0.852, 0.331, -1.231, -0.259, -0.265, 0.856, 0.07, 0.069, 4
0, 4, 1, -3.958, 3.922, 0.15, -0.265, -1.201, -0.249, 0.202, 1.163, -0.049, -0.039, 7
0, 4, 1, -2.923, 0.919, -0.231, -0.307, 0.075, 0.265, 0.403, 0.691, -1.012, -0.157, 10
0, 4, 1, -4.222, 3.886, 0.016, -0.144, -1.132, -0.053, 0.519, 1.024, 0.075, -0.226, 7
0, 4, 1, -3.689, -0.599, 0.692, 1.307, 0.605, 1.514, -0.752, -0.697, -0.355, 0.702, 0
0, 4, 1, -3.249, 1.042, 0.589, 1.408, 0.023, -0.821, -0.581, 0.031, 0.068, 0.325, 2
0, 4, 1, -3.003, 1.163, -0.45, 0.328, 0.097, 0.574, 0.427, -0.017, -1.146, -0.06, 5
0, 4, 1, -3.682, 3.672, 0.041, -0.508, -0.905, 0.028, 0.492, 0.654, -0.722, -0.318, 6
0, 4, 1, -1.708, 0.944, -0.14, 0.151, -0.092, -0.481, 0.22, 0.034, -0.692, 0.19, 3
0, 5, 1, -3.618, 0.916, -0.4, 1.771, 0.666, 1.535, -0.389, -0.342, -1.279, -0.109, 1
0, 5, 1, -3.354, 2.85, -0.887, 0.01, -0.551, 0.293, 0.901, 0.32, -0.302, -1.023, 6
0, 5, 1, -4.076, 3.336, -0.688, 0.677, -1.472, 0.461, 0.682, 0.724, 0.717, -0.409, 7
0, 6, 1, -1.926, 2.172, -0.571, 0.257, -0.159, -0.493, 0.27, -0.153, -0.673, -0.005, 3
0, 6, 1, -4.045, 2.193, 0.2, -0.745, 0.215, 0.387, 0.625, 1.477, -1.207, -0.27, 8
0, 6, 1, -5.02, 2.551, 0.562, -0.136, 0.531, -0.064, 0.373, 0.631, -1.407, -0.267, 9
0, 6, 1, -2.558, 0.755, -0.66, 1.366, 0.038, -0.011, -0.443, -0.531, -0.062, 0.418, 2
0, 6, 1, -2.01, 2.164, -0.626, 0.389, -0.24, -0.441, 0.103, -0.27, -0.647, 0.165, 3
0, 6, 1, -2.601, 2.735, -0.322, -0.255, -1.67, 0.229, 0.202, 1.01, -0.871, -0.461, 4
0, 6, 1, -2.521, 2.271, -0.277, 0.27, -0.909, 0.274, 0.348, -0.028, -1.177, 0.432, 5
0, 6, 1, -2.922, 2.621, 0.214, 0.122, -1.477, -0.173, 0.045, 1.38, -0.635, -0.757, 6
0, 6, 1, -4.417, 3.765, -1.225, -0.853, 0.041, 0.536, 0.885, 0.533, -0.757, -0.789, 7
0, 6, 1, -4.07, 2.254, -0.28, -0.722, 0.696, 0.683, 0.243, 0.689, -1.45, 0.19, 8
0, 6, 1, -5.08, 2.241, 0.971, -0.374, 0.501, 0.226, 0.144, 0.851, -1.319, -0.3, 9
0, 6, 1, -2.93, 2.014, -0.7, 0.206, -0.088, 0.153, 0.142, -0.031, -1.437, 0.615, 10
0, 6, 1, -4.247, -0.034, 0.248, 1.372, 1.831, 1.167, 0.087, -0.518, -0.316, 0.347, 0
0, 6, 1, -3.183, 0.154, -0.413, 0.923, 1.091, 0.582, -0.447, -0.085, -0.904, 0.693, 1

