0, 7, 1, -3.753, 0.828, -0.042, 1.406, 0.209, -0.53, -0.52, -0.4, -0.386, 1.07, 2
0, 7, 1, -3.133, 1.983, -1.398, 0.254, -0.667, 0.532, 0.389, -0.178, -0.584, 0.844, 5
0, 7, 1, -3.749, 3.018, -0.755, -0.452, -0.666, 0.209, 0.741, 0.9, -1.613, 0.128, 6
0, 7, 1, -5.124, 2.319, 1.413, 1.804, -0.277, -0.33, -0.746, 0.221, 0.06, 0.46, 0
0, 7, 1, -4.173, 2.299, -0.298, -0.13, 0.122, 0.319, -0.388, -0.328, -0.48, 0.99, 10
0, 7, 1, -4.497, 4.5, -1.446, -1.127, 0.443, 0.986, 0.136, 0.597, -1.087, -0.073, 7
0, 7, 1, -4.316, 1.272, -0.087, 1.285, 0.126, -0.128, -0.286, -0.463, -0.294, 0.691, 2
0, 7, 1, -4.513, 4.265, -1.477, -1.09, 0.215, 0.829, 0.342, 0.693, -0.601, -0.056, 7
1, 8, 0, -2.671, 3.155, -0.514, 0.133, -0.964, 0.234, -0.071, 1.192, 0.254, -0.471, 4
1, 8, 0, -1.093, -0.922, -2.091, 0.844, 0.009, 1.247, 0.891, 1.453, -0.089, -0.4, 0
1, 8, 0, -2.592, 1.617, 0.267, 0.38, -0.777, 0.487, -0.206, 0.733, 0.592, -0.403, 5
1, 8, 0, -2.971, 0.463, -0.195, 0.323, -0.625, 0.941, -0.327, 0.78, 0.552, 0.436, 10
1, 8, 0, -4.717, 0.829, 0.853, 1.98, -0.546, 0.688, -0.434, -0.424, -0.636, 1.245, 9
1, 8, 0, -1.222, 0.491, -0.716, 0.004, -0.323, 1.108, -0.148, 0.773, 0.387, -0.073, 2
1, 8, 0, -2.295, 0.883, -0.619, -0.041, 0.143, 0.378, -0.602, 0.335, -0.114, -0.391, 3
1, 9, 0, -3.339, 1.004, -0.747, 1.505, -0.068, 1.007, -0.017, 0.377, -0.775, -0.899, 1
1, 9, 0, -2.561, 2.191, -0.955, 0.214, -0.841, 0.386, -0.083, 0.74, -0.612, -0.196, 5
1, 9, 0, -4.139, 3.363, -1.464, 0.459, -0.066, 1.045, -0.146, 0.172, -0.124, -0.864, 8
1, 9, 0, -2.691, 2.111, -1.067, 0.174, -0.649, 0.431, -0.017, 0.655, -0.498, -0.292, 5
1, 9, 0, -3.117, 0.146, -1.228, 1.635, 0.223, 2.026, 0.036, 0.569, -1.15, -0.767, 0
1, 10, 0, -2.303, 1.954, -1.493, 0.305, 0.047, 0.056, 0.026, 0.902, -0.522, -0.645, 3
1, 10, 0, -3.96, 3.373, -1.235, 0.152, 0.031, 0.664, 0.558, 0.841, -0.133, -0.317, 8
1, 10, 0, -2.316, 2.007, -1.365, 0.181, 0.206, 0.071, 0.037, 0.814, -0.332, -0.753, 3
1, 10, 0, -3.878, 3.816, -0.155, -0.668, -1.207, 0.541, 0.022, 1.972, -0.029, -0.29, 7
1, 10, 0, -2.817, 1.268, -1.127, 0.707, 0.399, 0.406, 0.289, 0.319, -0.691, -0.379, 2
1, 11, 0, -4.019, 3.52, -1.058, -0.2, -0.545, 1.348, 0.351, 0.82, -0.868, -0.434, 8
1, 11, 0, -2.961, 0.766, -0.8, 0.962, 0.658, 1.012, 0.347, -0.015, -0.425, -0.746, 1
1, 11, 0, -2.306, 1.086, -0.59, 0.106, 0.931, 0.733, 0.213, 0.274, -0.684, -0.911, 2
1, 11, 0, -3.242, 2.901, -0.632, -0.332, -0.421, 0.226, 0.536, 0.142, 0.623, -0.616, 6
1, 11, 0, -2.147, 1.655, -0.355, -0.082, -0.194, 0.296, 0.146, -0.083, -0.314, -0.308, 3
1, 12, 1, -2.263, 3.344, -1.165, -0.625, -0.159, 0.926, 0.13, -0.33, -0.783, 0.31, 4
1, 12, 1, -2.247, 3.42, -0.887, -0.823, -0.297, 0.774, 0.185, -0.242, -0.79, 0.046, 4
1, 12, 1, -4.283, 2.829, 0.296, 0.086, -0.544, 0.501, -0.317, 0.995, -0.34, -1.113, 9
1, 12, 1, -2.577, 2.449, -0.38, 0.174, -0.41, 0.383, 0.19, 0.097, -0.489, -0.084, 5
1, 12, 1, -3.269, 2.489, -0.76, 0.352, -0.092, 0.432, -0.27, 0.242, -0.523, 0.01, 10
1, 12, 1, -2.708, 2.56, -0.439, 0.324, -0.348, 0.429, 0.091, -0.037, -0.434, 0.344, 5
1, 12, 1, -2.883, 3.576, -1.198, -0.562, -0.162, 0.974, 0.764, -0.03, -1.023, 0.346, 6
1, 12, 1, -3.498, 1.669, 0.076, 1.53, 0.38, -0.135, -0.814, -0.208, -0.307, 1.053, 1
1, 13, 1, -3.483, 2.628, -0.383, 0.838, 0.2, 0.102, -0.162, -0.547, -0.791, 1.018, 10
1, 13, 1, -3.963, 2.272, -0.534, 0.977, 0.329, 0.514, -0.363, -0.425, -0.712, 0.41, 8
1, 13, 1, -3.51, 2.535, -0.26, 0.946, -0.072, 0.159, -0.112, -0.657, -0.789, 0.914, 10
1, 13, 1, -2.928, 2.83, -1.361, 0.323, -0.739, 1.431, 0.002, -0.172, -0.939, 0.607, 4
1, 13, 1, -3.004, 1.09, -0.328, 1.652, -0.679, 0.287, -0.297, -0.695, -0.145, 0.71, 2
1, 14, 1, -2.584, 2.091, -1.451, 0.889, -0.464, 0.285, -0.213, -0.245, -0.138, 1.206, 3
1, 14, 1, -3.027, 2.903, -0.799, -0.452, -0.503, 1.044, 0.679, 0.483, -0.776, -0.062, 6
1, 14, 1, -3.048, 2.817, -0.703, -0.396, -0.639, 0.92, 0.674, 0.686, -0.611, -0.053, 6
1, 14, 1, -3.291, 2.324, -0.679, 0.285, 0.441, 0.557, -0.227, 0.115, -1.046, 0.697, 10
0, 0, 0, -3.653, 0.373, -0.6, 1.705, -0.222, 1.765, -0.353, 0.537, -0.797, -0.813, 0
0, 0, 0, -3.673, 1.811, -1.405, 1.621, 0.044, 1.572, -0.453, 0.745, -0.066, -0.733, 9
0, 0, 0, -3.635, 2.25, -0.394, 1.012, -1.693, 0.117, 0.665, 0.281, 0.343, -0.003, 6
0, 0, 0, -3.74, 1.832, -1.384, 1.587, 0.049, 1.642, -0.516, 0.707, -0.169, -0.522, 9
0, 0, 0, -3.618, 1.576, -1.14, 0.699, -0.741, 1.633, -0.387, 1.086, 0.235, -0.388, 8
0, 0, 0, -2.69, 1.652, -1.261, 0.674, -0.964, 1.449, -0.593, 1.005, -0.303, -0.541, 10
0, 0, 0, -3.604, 0.235, -0.836, 1.786, -0.153, 1.642, -0.096, 0.488, -0.524, -1.003, 0
0, 0, 0, -2.666, 1.516, -1.198, 0.741, -1.066, 1.24, -0.574, 0.965, -0.13, -0.711, 10
0, 1, 0, -1.856, 0.063, -1.011, -0.238, -0.152, 1.461, 0.572, 0.775, 0.154, -0.31, 1
0, 1, 0, -4.323, 2.853, 0.385, 0.209, -1.096, 0.431, 0.119, 0.268, 0.131, 0.654, 8
0, 1, 0, -2.385, 1.241, 0.272, -0.04, -0.692, 0.16, -0.061, -0.189, 0.744, 0.088, 5
0, 1, 0, -2.05, 0.065, -0.938, -0.037, 0.082, 1.561, 0.393, 0.835, -0.029, -0.394, 1
0, 1, 0, -2.351, 1.53, 0.086, -0.075, -0.426, 0.125, -0.197, 0.033, 0.848, -0.038, 5
0, 1, 0, -4.88, 3.064, 0.06, 0.434, -0.575, 0.897, 0.25, 0.085, 0.093, 0.445, 9
0, 1, 0, -3.065, 3.139, -0.461, -0.221, -0.759, -0.045, 0.068, 0.274, 0.999, -0.331, 6
0, 2, 0, -1.077, 0.511, -2.006, 0.305, -0.584, 1.962, 0.089, 1.406, -0.669, -0.027, 1
0, 2, 0, -1.501, 0.847, -1.619, 0.92, -0.488, 1.616, -0.161, 1.127, -0.613, -0.051, 2
0, 2, 0, -2.308, 2.023, -0.203, 1.493, -1.223, 0.379, -0.481, 1.403, -0.045, 0.402, 4
0, 2, 0, -3.834, 3.749, -0.183, 1.518, -1.585, -0.281, -0.334, 1.191, 0.425, -0.104, 7
0, 2, 0, -4.333, 2.438, -0.219, 1.372, -0.761, 0.306, 0.594, -0.022, 1.103, 0.19, 9
0, 2, 0, -2.176, 1.952, -0.144, 1.659, -1.128, 0.28, -0.658, 1.346, 0.008, 0.505, 4
0, 3, 0, -2.03, 1.764, -0.386, -0.249, 0.18, 0.117, 0.096, -0.121, 0.067, -0.552, 3
0, 3, 0, -3.566, 1.504, 0.94, 1.829, -1.224, 0.178, -1.454, 0.92, 0.767, 1.059, 7
0, 3, 0, -3.24, 1.749, 0.959, 1.071, -1.188, 0.018, -1.024, 0.664, 1.007, 0.443, 6
0, 3, 0, -3.169, 1.041, 0.509, 0.693, -1.185, 0.673, -0.352, 0.877, 0.434, 1.009, 8
0, 3, 0, -2.483, 0.81, 0.185, 0.284, -0.917, 0.73, -0.111, 0.613, 0.373, 0.184, 10
0, 3, 0, -2.089, 1.695, -0.528, -0.232, 0.385, -0.137, 0.033, 0.071, 0.033, -0.744, 3
0, 3, 0, -3.062, 1.008, 0.935, 1.443, -0.579, 0.068, -1.333, 0.106, 0.958, 0.979, 6
0, 3, 0, -1.921, 0.719, -0.95, 0.299, 0.222, 0.786, 0.128, 0.588, -0.462, -0.491, 2
0, 3, 0, -2.291, 1.146, 0.352, 0.354, -0.714, 0.08, -0.181, 0.787, 0.709, -0.409, 5
0, 3, 0, -3.482, 1.127, 0.899, 1.993, -1.385, -0.05, -1.273, 0.647, 0.844, 1.044, 7
0, 4, 1, -4.188, 2.637, 0.502, 0.552, 0.735, 0.395, -0.026, 0.803, -0.874, -0.913, 9
0, 4, 1, -3.39, -0.956, 0.476, 1.547, 0.658, 1.504, -0.65, -0.604, -0.295, 0.616, 0
0, 4, 1, -4.067, 3.908, -0.065, -0.378, -1.163, 0.065, 0.508, 1.003, 0.03, -0.187, 7
0, 4, 1, -4.314, 2.322, 0.58, 0.279, 0.702, 0.532, -0.068, 0.814, -0.917, -1.109, 9
0, 4, 1, -3.485, -0.86, 0.582, 1.501, 0.578, 1.48, -0.663, -0.602, -0.318, 0.575, 0
0, 4, 1, -1.611, 0.831, -0.056, -0.048, -0.044, -0.423, 0.289, -0.092, -0.633, 0.221, 3
0, 4, 1, -4.087, 2.555, 0.123, -0.151, 0.118, 0.474, 0.365, 0.495, -0.473, -0.886, 8
0, 4, 1, -3.278, 0.324, 1.047, 1.152, 0.725, 0.168, -0.839, -0.381, -0.687, 0.013, 1
0, 5, 1, -3.347, -0.159, -0.414, 0.922, 0.973, 0.978, 0.929, -1.211, -1.268, 0.278, 0
0, 5, 1, -4.188, 3.229, -0.456, 1.077, -1.385, -0.104, 0.459, 0.558, 0.701, -0.32, 7
0, 5, 1, -3.775, 2.188, -1.017, 0.687, -0.464, 1.189, -0.157, 1.673, -0.024, -1.144, 8
0, 5, 1, -3.086, 1.01, -0.627, 1.508, 0.338, 0.747, -0.479, -0.323, -1.087, 0.645, 2
0, 5, 1, -4.175, 3.32, -0.446, 0.988, -1.48, 0.133, 0.507, 0.605, 0.691, -0.462, 7
0, 5, 1, -2.85, 1.446, -0.792, 0.482, -0.365, 0.046, -0.029, -0.761, -0.251, 0.113, 3
0, 5, 1, -3.404, 0.506, -0.591, 1.627, 0.66, 1.456, 0.068, 0.381, -1.494, -0.453, 1
0, 5, 1, -4.885, 3.967, -0.948, 0.373, 0.255, -0.121, 0.43, -0.013, 0.018, -1.518, 9
0, 6, 1, -2.488, 2.822, -0.239, -0.33, -1.355, 0.284, 0.101, 0.934, -0.966, -0.31, 4
0, 6, 1, -2.512, 2.826, -0.171, -0.385, -1.495, 0.381, 0.067, 0.899, -0.902, -0.412, 4
0, 6, 1, -3.586, -0.38, -0.359, 1.307, 1.587, 0.99, 0.18, -0.831, -0.471, 0.198, 0
0, 6, 1, -2.889, -0.039, -0.494, 0.719, 1.104, 1.003, -0.415, 0.097, -0.855, 0.356, 1
0, 6, 1, -2.563, 2.829, -0.283, -0.368, -1.593, 0.408, 0.121, 0.933, -0.946, -0.356, 4

