0, 6, 1, -2.452, 0.279, -0.805, 1.141, 0.239, 0.176, -0.104, -0.752, -0.334, 0.731, 2
0, 6, 1, -5.211, 2.544, 0.82, -0.333, 0.447, 0.226, 0.127, 0.89, -1.389, -0.304, 9
0, 7, 1, -4.902, 4.49, -0.564, -0.536, -0.164, -0.298, 0.842, -0.158, -0.906, 0.358, 9
0, 7, 1, -4.393, 2.137, 0.57, 1.397, 0.293, -0.836, -0.966, -0.461, -0.277, 1.184, 1
0, 7, 1, -4.471, 4.096, -0.809, -0.881, 0.646, 0.539, 0.04, 0.142, -1.555, -0.023, 8
0, 7, 1, -4.395, 1.864, 0.503, 1.718, 0.241, -0.817, -0.672, -0.687, -0.449, 1.396, 1
0, 7, 1, -5.125, 2.077, 1.283, 2.003, -0.734, -0.513, -0.557, 0.055, 0.295, 0.269, 0
0, 7, 1, -3.82, 1.705, -1.13, 0.45, -0.471, 0.665, 0.298, -0.175, -0.473, 0.848, 5
0, 7, 1, -4.115, 1.856, -0.738, 0.132, 0.658, 0.329, -0.252, -0.123, -0.53, 0.456, 10
0, 7, 1, -4.661, 4.235, -0.497, -1.021, 0.295, 0.457, -0.019, 0.345, -1.355, 0.062, 8
0, 7, 1, -4.122, 1.735, -1.34, 0.615, 0.03, 0.353, 0.345, -0.104, -0.54, 0.988, 5
1, 8, 0, -1.149, -0.904, -1.988, 0.739, -0.06, 1.206, 0.864, 1.196, -0.3, -0.467, 0
1, 8, 0, -3.839, 1.248, 0.83, 0.982, -1.11, 0.617, -0.751, 0.084, 0.309, 1.125, 8
1, 8, 0, -4.982, 1.538, 0.96, 1.253, -0.64, 0.588, -0.484, -0.31, -0.246, 1.18, 9
1, 8, 0, -3.835, 3.339, 0.29, -0.126, -1.68, 0.195, -0.368, 1.328, 0.523, 0.861, 7
1, 8, 0, -4.848, 1.115, 0.932, 1.615, -0.589, 0.592, -0.446, -0.366, -0.447, 1.294, 9
1, 8, 0, -3.888, 3.085, 0.436, 0.142, -1.526, -0.052, -0.503, 1.085, 0.511, 0.976, 7
1, 8, 0, -4.813, 1.042, 0.887, 1.661, -0.534, 0.747, -0.513, -0.448, -0.412, 1.214, 9
1, 8, 0, -1.793, 0.925, -0.739, -0.396, -0.211, 0.329, -0.403, 0.604, 0.197, -0.251, 3
1, 8, 0, -3.312, -0.776, -0.504, 1.39, 0.86, 1.257, 0.222, 0.314, -0.715, -0.765, 0
1, 9, 0, -3.019, 0.058, -1.265, 1.497, 0.171, 1.997, 0.178, 0.847, -1.16, -0.548, 0
1, 9, 0, -1.929, 0.777, -1.415, 0.598, -0.579, 0.215, -0.061, 0.733, -0.333, -0.235, 2
1, 9, 0, -1.895, 0.755, -1.388, 0.638, -0.614, 0.246, -0.033, 0.693, -0.27, -0.346, 2
1, 9, 0, -2.797, 2.706, -1.936, 0.147, -0.921, 1.24, -0.082, -0.006, -0.214, -0.064, 4
1, 9, 0, -1.948, 1.536, -1.012, 0.537, -1.229, 0.183, 0.46, -0.002, -0.178, -0.576, 3
1, 9, 0, -2.8, 2.609, -1.726, 0.036, -0.941, 1.039, 0.191, 0.044, -0.165, -0.234, 4
1, 9, 0, -3.19, 3.101, -1.659, -0.182, -0.436, 0.828, 0.272, 0.502, -0.857, -0.516, 6
1, 9, 0, -3.871, 1.694, -0.606, 1.428, 0.044, 0.844, -0.013, 0.126, -1.218, -0.553, 1
1, 10, 0, -2.434, 2.903, -1.341, -0.411, 0.372, 0.843, -0.022, 0.336, 0.123, -0.747, 5
1, 10, 0, -3.034, 0.694, -1.007, 1.453, 0.155, 1.48, 0.179, 1.005, -0.54, -0.563, 1
1, 10, 0, -2.615, 1.185, -1.162, 0.395, 0.459, 0.345, 0.298, 0.456, -0.62, -0.307, 2
1, 10, 0, -2.445, 2.678, -0.816, -0.743, 0.076, 1.117, -0.057, 0.018, 0.281, -0.72, 5
1, 10, 0, -2.969, 3.128, 0.504, -0.487, -1.371, 0.704, 0.66, 0.676, 0.469, -0.525, 6
1, 10, 0, -3.979, 3.661, 0.169, -0.598, -1.412, 0.569, 0.009, 1.939, 0.094, -0.149, 7
1, 11, 0, -2.565, 1.871, -0.269, 0.187, -0.656, 0.267, -0.328, 0.184, 0.348, -0.511, 4
1, 11, 0, -2.377, -0.266, -1.371, 1.09, 0.24, 1.843, 0.107, 0.702, -1.256, -0.62, 0
1, 11, 0, -2.207, 1.09, -0.627, 0.024, 0.912, 0.662, 0.241, 0.348, -0.702, -0.912, 2
1, 11, 0, -4.457, 1.512, -0.514, 1.764, 0.063, 1.86, -0.332, 0.189, -0.521, -0.415, 9
1, 11, 0, -2.706, 2.07, -0.691, 0.31, -0.745, 0.266, -0.413, 0.602, 0.36, -0.713, 4
1, 12, 1, -2.027, 2.157, -0.297, -0.211, -0.266, 0.086, -0.176, -0.179, -0.283, 0.292, 3
1, 12, 1, -3.266, 0.577, -0.261, 1.481, 0.874, 0.301, -0.496, -0.012, -0.623, 0.879, 1
1, 12, 1, -2.676, 1.411, -0.098, 1.047, -0.04, -0.131, -0.56, -0.03, -0.192, 0.705, 2
1, 12, 1, -2.489, 2.379, -0.523, -0.158, -0.178, 0.406, 0.198, 0.059, -0.589, -0.256, 5
1, 12, 1, -3.376, 3.327, -0.797, -0.849, -0.681, 1.198, 0.838, 0.244, -0.298, -0.618, 7
1, 12, 1, -3.379, 0.95, -0.06, 1.47, 0.538, 0.051, -0.681, -0.098, -0.405, 0.912, 1
1, 12, 1, -3.972, 3.24, -0.829, 0.069, -0.617, 0.977, 0.532, 0.498, -0.191, -0.91, 8
1, 12, 1, -4.513, 3.08, 0.068, 0.05, -0.484, 0.341, -0.257, 1.302, -0.517, -1.057, 9
1, 13, 1, -3.065, 1.781, -0.915, 0.698, 0.175, 0.662, -0.086, -0.361, -0.774, 0.951, 5
1, 13, 1, -4.08, 2.242, -0.28, 1.876, 0.72, -0.292, -0.537, -0.54, -0.663, 0.238, 9
1, 13, 1, -2.959, 1.061, -0.351, 1.745, -0.851, 0.344, -0.373, -0.729, 0.048, 0.815, 2
1, 13, 1, -3.52, 3.318, -1.867, 0.691, 0.263, 0.822, 0.14, -0.62, -1.098, 0.083, 6
1, 14, 1, -3.441, 1.975, -0.395, 1.024, -0.052, -0.167, -0.445, 0.168, -0.684, 1.04, 2
1, 14, 1, -3.059, 2.895, -0.847, -0.364, -0.484, 1.025, 0.502, 0.506, -0.733, 0.078, 6
1, 14, 1, -3.451, 2.257, -0.845, 0.432, 0.486, 0.266, -0.215, 0.006, -1.082, 0.759, 10
1, 14, 1, -3.709, 1.665, 0.138, 1.551, 0.975, 0.923, -0.396, -0.234, -1.154, 0.736, 1
1, 14, 1, -3.634, 3.589, -1.075, -0.709, 0.058, 1.051, 0.878, 0.627, -0.111, -0.437, 7
1, 14, 1, -3.432, 2.235, -0.753, 0.361, 0.435, 0.425, -0.193, 0.012, -1.166, 0.794, 10
1, 14, 1, -3.661, 0.3, 0.53, 1.816, 0.333, 0.444, -0.858, -0.732, -0.809, 0.995, 0
1, 14, 1, -2.71, 1.943, -1.247, 0.772, -0.345, 0.107, -0.062, 0.04, -0.322, 1.018, 3
1, 14, 1, -2.904, 2.741, -1.123, 0.014, 0.071, 0.654, 0.212, -0.454, -0.815, 0.752, 5
1, 14, 1, -3.176, 2.997, -1.098, -0.371, -0.418, 1.318, 0.48, 0.472, -0.814, 0.106, 6
1, 14, 1, -3.239, 3.083, -1.427, -0.202, -0.282, 1.421, 0.576, 0.068, -0.914, 0.147, 6
0, 0, 0, -3.327, 0.496, -0.694, 1.365, -0.265, 1.933, -0.363, 0.51, -0.621, -0.488, 1
0, 0, 0, -3.941, 2.305, 0.124, 1.771, -1.815, 0.593, -0.435, 0.992, 0.575, -0.301, 7
0, 0, 0, -3.86, 2.116, -0.939, 0.688, -0.675, 1.679, -0.512, 0.928, -0.167, -0.434, 8
0, 0, 0, -2.54, 2.144, -1.024, 0.933, -1.567, 1.024, 0.188, -0.047, 0.309, -0.633, 4
0, 0, 0, -2.911, 1.928, -1.131, 0.899, -0.911, 1.111, -0.208, -0.047, -0.029, -0.539, 4
0, 0, 0, -4.208, 2.447, 0.049, 1.331, -2.088, 0.585, -0.05, 0.82, 0.606, -0.302, 7
0, 0, 0, -2.302, 0.85, -1.646, 0.455, -0.488, 1.491, -0.617, 0.819, -0.887, -0.08, 2
0, 1, 0, -3.902, 3.586, 0.334, -0.669, -1.087, 0.255, 0.461, 0.812, -0.185, 0.535, 7
0, 1, 0, -2.922, 1.516, -0.002, -0.353, -0.464, 1.184, 0.383, -0.175, -0.346, -0.033, 10
0, 1, 0, -2.945, 1.724, -0.312, -0.239, -0.447, 1.36, 0.014, -0.102, 0.021, -0.564, 10
0, 1, 0, -1.978, 1.542, -1.487, -0.096, -0.025, 0.32, -0.063, 0.097, -0.073, -0.381, 3
0, 1, 0, -3.105, 2.916, -0.207, 0.031, -0.897, 0.021, -0.229, 0.256, 1.073, -0.065, 6
0, 2, 0, -1.737, 1.789, -1.046, 1.071, -0.775, 1.041, -0.025, 0.925, -0.452, 0.007, 3
0, 2, 0, -3.05, 1.6, -0.686, 1.543, -1.149, -0.043, 0.297, 0.727, 0.598, 0.458, 8
0, 2, 0, -1.298, -0.295, -2.433, 0.955, -0.278, 2.252, 0.285, 0.915, -1.569, -0.562, 0
0, 2, 0, -1.384, -0.321, -2.266, 0.937, -0.289, 2.29, 0.463, 1.096, -1.436, -0.701, 0
0, 2, 0, -2.274, 1.653, -0.226, 1.857, -0.971, 0.327, -0.605, 1.121, 0.121, 0.291, 4
0, 3, 0, -3.299, 1.73, 0.187, 0.121, -1.251, 0.796, -0.366, 1.091, 0.493, 0.436, 8
0, 3, 0, -1.388, 0.215, -1.105, -0.295, -0.39, 1.282, 0.356, 0.816, 0.292, -0.376, 1
0, 3, 0, -3.576, 1.357, 0.912, 1.878, -1.166, 0.039, -1.537, 0.658, 0.843, 1.087, 7
0, 3, 0, -1.953, -0.596, -1.543, 0.619, 0.056, 1.742, 0.592, 1.289, -0.163, -0.523, 0
0, 3, 0, -2.834, 0.654, 0.733, 1.434, -0.716, -0.028, -0.841, 0.239, 0.92, 0.885, 6
0, 3, 0, -3.246, 0.712, 0.39, 0.82, -1.352, 1.074, 0.197, 0.857, -0.056, 0.485, 8
0, 4, 1, -1.566, 0.93, -0.181, -0.155, -0.164, -0.277, 0.144, -0.047, -0.694, 0.282, 3
0, 4, 1, -1.577, 0.907, -0.291, 0.007, -0.256, -0.233, 0.187, -0.052, -0.627, 0.238, 3
0, 4, 1, -2.927, 2.202, -0.532, -0.486, -0.519, 0.585, 0.813, -0.133, -0.475, -0.349, 4
0, 4, 1, -3.02, 1.033, -0.238, -0.286, 0.088, 0.235, 0.372, 0.563, -1.027, -0.151, 10
0, 4, 1, -2.842, 1.343, -0.713, 0.003, 0.126, 0.411, 0.538, -0.077, -0.995, 0.092, 5
0, 4, 1, -4.497, 3.018, 0.609, 0.115, 0.673, 0.709, -0.03, 0.861, -0.704, -1.038, 9
0, 4, 1, -2.846, 1.01, -0.219, -0.083, 0.091, 0.076, 0.442, 0.509, -1.181, -0.021, 10
0, 5, 1, -2.493, 1.382, -0.929, 0.465, -0.369, 0.002, 0.187, -0.696, -0.31, 0.348, 3
0, 5, 1, -2.905, 2.311, -0.658, 0.022, -1.121, 0.25, 0.467, 0.484, -0.157, -0.676, 4
0, 5, 1, -3.012, 1.628, -0.834, 0.975, -0.299, 0.926, 0.174, 0.836, -0.239, -1.144, 10
0, 5, 1, -3.901, 2.485, -0.95, 0.702, -0.47, 1.146, -0.109, 1.597, 0.146, -1.197, 8
0, 5, 1, -3.246, 2.796, -0.867, -0.205, -0.316, 0.808, 0.824, 0.062, -0.118, -0.749, 6
0, 6, 1, -2.353, 2.897, -0.433, -0.193, -0.715, 0.359, 0.26, 0.273, -1.206, 0.36, 5
0, 6, 1, -2.665, 1.633, -0.384, -0.111, -0.001, 0.234, 0.033, 0.478, -1.558, 0.219, 10

