0, 6, 1, -5.158, 2.488, 1.064, -0.343, 0.352, 0.18, -0.05, 0.817, -1.308, -0.249, 9
0, 6, 1, -2.081, 2.043, -0.521, 0.578, -0.463, -0.246, -0.041, -0.162, -0.814, 0.425, 3
0, 7, 1, -5.058, 2.236, 1.381, 1.885, -0.259, -0.483, -0.562, 0.123, -0.063, 0.663, 0
0, 7, 1, -4.181, 1.646, 0.736, 1.286, 0.724, -0.511, -1.126, -0.45, -0.648, 0.995, 1
0, 7, 1, -3.961, 1.078, 0.11, 1.232, 0.21, -0.67, -0.536, -0.33, -0.268, 1.098, 2
0, 7, 1, -3.949, 2.99, -0.643, -0.986, -0.175, 0.768, 0.249, 0.803, -1.479, 0.168, 6
0, 7, 1, -3.622, 1.111, -0.972, 0.399, -0.402, 0.527, 0.271, 0.373, -0.716, 0.943, 3
0, 7, 1, -3.962, 1.724, -1.29, 0.531, -0.17, 0.528, 0.282, -0.149, -0.603, 1.139, 5
0, 7, 1, -5.04, 5.074, -1.721, -0.264, 0.279, 0.176, 0.003, -0.609, -0.177, 0.422, 9
0, 7, 1, -5.034, 4.993, -1.633, -0.285, 0.398, 0.181, -0.211, -0.508, -0.283, 0.304, 9
0, 7, 1, -4.261, 1.827, -0.482, -0.194, 0.731, 0.354, -0.478, 0.05, -0.112, 0.321, 10
1, 8, 0, -2.764, 1.111, 0.727, 1.54, -0.855, 0.261, -1.11, 0.227, 0.42, 0.991, 6
1, 8, 0, -3.824, 1.832, 1.093, 1.024, -1.09, 0.56, -0.336, 0.299, 0.126, 1.005, 8
1, 8, 0, -2.484, 0.559, 0.624, 1.951, -0.646, 0.381, -1.106, 0.036, 0.24, 1.291, 6
1, 8, 0, -1.53, 0.029, -0.925, 0.054, -0.565, 1.593, 0.123, 1.117, 0.338, 0.026, 1
1, 8, 0, -2.889, 1.418, 0.409, 0.61, -1.018, 0.992, 0.005, 0.518, -0.027, -0.326, 5
1, 9, 0, -3.262, 0.956, -0.791, 1.528, -0.021, 0.977, -0.121, 0.499, -0.99, -0.621, 1
1, 9, 0, -2.785, 2.792, -1.924, 0.225, -0.985, 1.076, 0.07, -0.071, -0.257, -0.135, 4
1, 9, 0, -4.13, 3.105, -1.141, 0.183, -0.498, 1.324, -0.399, 0.675, -0.339, -0.694, 8
1, 9, 0, -4.049, 4.039, -0.558, 0.064, -1.676, 1.024, 0.047, 1.024, -0.091, -0.283, 7
1, 9, 0, -3.587, 1.193, -0.617, 1.34, -0.022, 1.103, -0.072, 0.368, -0.854, -0.767, 1
1, 9, 0, -3.735, 2.096, -0.818, 0.463, -0.221, 1.144, 0.023, 0.224, -0.745, -0.325, 10
1, 9, 0, -3.239, 2.916, -1.406, -0.455, -0.454, 1.219, 0.078, 0.383, -0.776, -0.413, 6
1, 9, 0, -4.069, 4.205, -0.614, -0.06, -1.462, 0.476, 0.381, 0.589, 0.405, -0.259, 7
1, 9, 0, -4.235, 3.775, -1.593, 0.814, 0.288, 0.805, -0.566, -0.247, -0.409, -0.556, 8
1, 10, 0, -2.695, 1.119, -0.986, 0.172, 0.499, 0.372, 0.088, 0.63, -0.721, -0.256, 2
1, 10, 0, -4.611, 2.962, -0.856, 1.161, -0.612, 0.469, 0.162, 0.705, 0.37, -0.916, 9
1, 10, 0, -2.758, 2.839, -0.282, -0.449, -0.485, 0.788, 0.12, 0.792, 0.023, -0.949, 4
1, 10, 0, -2.79, 2.665, 0.036, -0.44, -0.604, 0.811, 0.098, 0.723, 0.134, -0.91, 4
1, 10, 0, -2.382, 1.984, -1.096, -0.103, 0.369, 0.204, -0.125, 0.752, -0.136, -0.959, 3
1, 10, 0, -3.664, 1.119, -0.459, 0.482, 0.082, 0.221, 0.185, 0.861, -0.237, -0.413, 10
1, 11, 0, -2.913, 0.757, -0.819, 1.245, 0.419, 1.17, 0.051, 0.328, -0.96, -0.614, 1
1, 11, 0, -4.022, 0.941, -0.623, 1.461, 0.02, 1.904, -0.074, 0.464, -0.541, -0.211, 9
1, 11, 0, -3.209, 1.85, -0.394, 0.555, 0.425, 0.313, 0.067, 0.077, -0.163, -0.944, 10
1, 11, 0, -2.639, 1.88, -0.389, 0.204, -0.571, 0.094, -0.233, 0.279, 0.426, -0.598, 4
1, 11, 0, -2.58, 1.608, -0.311, 0.273, -0.148, 0.262, -0.062, 0.167, 0.337, -0.692, 5
1, 11, 0, -2.385, 1.01, -0.754, 0.37, 0.785, 0.471, 0.415, 0.318, -0.797, -0.679, 2
1, 11, 0, -4.039, 3.689, -1.007, -0.139, -0.542, 0.587, 0.535, 0.465, 0.194, 0.168, 7
1, 12, 1, -3.415, -0.538, 0.241, 2.038, 0.622, 1.027, -0.701, -0.66, -0.418, 0.781, 0
1, 12, 1, -3.961, 4.144, -0.934, -0.089, -0.612, 0.787, 0.326, 0.182, -0.487, -0.719, 8
1, 12, 1, -3.012, 2.252, -0.806, 0.389, -0.11, 0.649, -0.328, 0.321, -0.559, 0.234, 10
1, 12, 1, -4.386, 3.055, 0.075, -0.018, -0.436, 0.566, -0.288, 0.936, -0.577, -1.01, 9
1, 12, 1, -2.762, 1.51, -0.145, 1.157, -0.256, 0.041, -0.647, -0.324, -0.128, 0.806, 2
1, 12, 1, -3.818, 3.159, -0.298, -0.058, -0.348, 0.194, 0.593, 0.211, 0.531, -0.014, 8
1, 12, 1, -2.852, -0.805, -0.313, 1.565, 0.688, 1.467, -0.664, -0.916, -0.279, 0.489, 0
1, 13, 1, -3.097, 1.385, -0.173, 1.392, -0.613, -0.143, -0.014, -0.565, -0.065, 1.129, 2
1, 13, 1, -3.747, 4.267, -1.847, -0.235, 0.38, 0.885, -0.049, -0.258, -0.772, -0.11, 7
1, 13, 1, -4.013, 2.101, 0.295, 1.292, 0.45, -0.024, -0.565, -0.588, -0.343, 0.695, 1
1, 13, 1, -3.4, 3.441, -1.805, 0.814, -0.162, 1.445, -0.11, -0.499, -1.201, -0.046, 6
1, 13, 1, -3.206, 1.899, -0.933, 0.733, 0.261, 0.565, -0.225, -0.339, -0.677, 0.765, 5
1, 13, 1, -3.446, 2.44, -0.37, 0.926, 0.194, 0.141, -0.098, -0.557, -0.889, 0.985, 10
1, 13, 1, -3.852, 4.214, -1.556, -0.336, -0.305, 1.133, -0.152, 0.237, -0.915, -0.445, 7
1, 13, 1, -3.985, 2.192, -0.426, 2.163, 1.114, 0.016, -0.846, -0.468, -0.858, 0.037, 9
1, 13, 1, -3.194, 1.589, -0.774, 0.814, -1.087, 0.618, 0.218, -0.45, -0.003, 0.526, 3
1, 13, 1, -3.456, 2.027, -0.862, 0.887, 0.281, 0.435, -0.307, -0.387, -0.6, 0.725, 5
1, 13, 1, -3.591, 2.78, -0.301, 0.812, -0.008, -0.019, -0.268, -0.564, -0.788, 0.948, 10
1, 13, 1, -3.792, 4.29, -1.531, -0.125, -0.312, 0.624, 0.324, -0.053, -0.942, -0.301, 7
1, 14, 1, -3.977, 2.976, 0.309, -0.259, 0.026, 0.816, -0.317, 0.492, -0.674, -0.659, 8
1, 14, 1, -3.074, 3.062, -1.47, -0.379, 0.233, 0.789, -0.099, -0.135, -0.395, 0.572, 4
1, 14, 1, -3.242, 1.615, -0.829, 1.589, 0.09, 0.051, -0.504, -0.211, -0.513, 1.005, 2
1, 14, 1, -3.461, 0.04, 0.553, 1.854, 0.386, 0.568, -1.003, -0.638, -1.04, 1.051, 0
1, 14, 1, -3.952, 2.489, 0.287, 0.012, 0.141, 0.892, -0.087, 0.613, -0.685, -0.623, 8
1, 14, 1, -3.5, 0.068, 0.533, 1.876, 0.363, 0.542, -0.982, -0.671, -1.006, 1.101, 0
1, 14, 1, -3.002, 2.944, -1.379, -0.188, -0.131, 0.957, 0.346, -0.392, -0.711, 0.617, 4
1, 14, 1, -2.924, 2.731, -1.138, 0.066, 0.1, 0.683, 0.162, -0.399, -0.882, 0.827, 5
1, 14, 1, -3.98, 2.459, 0.068, 0.023, 0.237, 1.029, -0.189, 0.521, -0.773, -0.5, 8
0, 0, 0, -2.12, 0.894, -1.576, 0.147, -0.707, 1.559, -0.579, 0.676, -0.809, -0.049, 2
0, 0, 0, -3.237, 0.436, -0.86, 1.363, -0.251, 1.915, -0.395, 0.751, -0.774, -0.327, 1
0, 0, 0, -3.665, 0.337, -0.641, 1.791, -0.194, 1.686, -0.359, 0.57, -0.676, -0.841, 0
0, 0, 0, -3.165, 0.408, -0.971, 1.207, -0.298, 1.921, -0.215, 0.723, -0.492, -0.425, 1
0, 0, 0, -2.635, 2.147, -1.129, 0.911, -1.407, 1.095, -0.071, 0.118, 0.139, -0.685, 4
0, 0, 0, -2.255, 0.902, -1.723, 0.454, -0.524, 1.453, -0.614, 0.761, -0.885, -0.118, 2
0, 1, 0, -3.054, 3.104, -0.513, -0.085, -0.952, 0.299, -0.269, 0.459, 0.892, -0.308, 6
0, 2, 0, -2.652, 2.156, -0.053, 1.694, -1.258, 0.062, -0.61, 1.397, 0.133, 0.602, 6
0, 2, 0, -2.679, 1.731, -0.09, 2.003, -1.009, 0.038, -0.822, 1.232, 0.128, 0.72, 6
0, 2, 0, -3.478, 1.703, -0.557, 2.191, -1.043, 0.339, -0.004, 0.587, 0.45, 0.006, 8
0, 2, 0, -3.763, 3.252, -0.262, 1.52, -1.684, -0.225, 0.235, 0.989, 0.616, 0.046, 7
0, 2, 0, -1.475, 1.557, -1.009, 1.202, -0.846, 0.883, -0.138, 0.822, -0.165, 0.198, 3
0, 2, 0, -4.386, 2.271, -0.157, 1.536, -0.614, 0.23, 0.57, -0.117, 1.074, 0.397, 9
0, 2, 0, -3.675, 3.132, -0.241, 1.587, -1.75, -0.222, 0.039, 1.052, 0.545, 0.233, 7
0, 3, 0, -1.548, -0.4, -1.659, 0.244, -0.101, 1.562, 0.551, 1.248, 0.129, -0.456, 0
0, 3, 0, -2.439, 0.789, 0.082, 0.242, -0.693, 0.595, -0.353, 0.702, 0.413, 0.098, 10
0, 3, 0, -1.507, -0.457, -1.728, 0.256, -0.081, 1.571, 0.556, 1.291, 0.121, -0.456, 0
0, 3, 0, -1.814, 0.923, -0.931, 0.12, 0.425, 0.554, 0.237, 0.426, -0.184, -0.727, 2
0, 3, 0, -2.431, 1.873, 0.208, 0.123, -0.634, 0.178, 0.04, 0.612, 0.446, -0.562, 5
0, 3, 0, -2.052, 1.483, -0.488, 0.041, -0.131, 0.273, -0.112, -0.064, 0.307, -0.8, 3
0, 3, 0, -3.53, 1.268, 0.903, 1.887, -1.279, 0.008, -1.441, 0.657, 0.873, 1.042, 7
0, 3, 0, -2.076, 1.413, -0.584, 0.19, -0.35, 0.518, -0.406, 0.313, 0.027, -0.724, 3
0, 4, 1, -2.91, 0.918, -0.138, -0.382, 0.115, 0.29, 0.418, 0.757, -0.898, -0.189, 10
0, 4, 1, -1.693, 0.807, -0.038, -0.051, -0.174, -0.372, 0.117, 0.053, -0.611, 0.3, 3
0, 5, 1, -3.844, 1.056, -0.19, 1.685, 0.617, 1.245, -0.811, -0.506, -1.128, 0.076, 1
0, 5, 1, -2.685, 1.971, -0.857, 0.033, -0.638, 0.484, 0.143, 0.159, -0.218, -0.343, 5
0, 5, 1, -2.612, 1.403, -0.87, 0.47, -0.448, 0.172, -0.06, -0.656, -0.334, 0.087, 3
0, 5, 1, -2.859, 2.255, -0.676, 0.098, -1.086, 0.041, 0.732, 0.305, -0.141, -0.636, 4
0, 5, 1, -2.511, 1.511, -0.555, 0.226, -0.735, 0.631, -0.006, 0.52, -0.138, -0.651, 5
0, 5, 1, -2.898, 2.421, -0.81, -0.043, -1.164, 0.448, 0.69, 0.218, -0.078, -0.876, 4
0, 6, 1, -3.208, -0.608, -0.516, 1.098, 1.529, 1.069, 0.186, -0.947, -0.248, -0.059, 0
0, 6, 1, -4.964, 2.78, 0.474, 0.047, 0.417, -0.328, 0.334, 0.474, -1.26, -0.221, 9
0, 6, 1, -2.708, 2.396, 0.728, 0.336, -1.437, -0.344, -0.411, 1.469, -0.022, -0.717, 6

