0, 6, 1, -4.415, 3.737, -1.313, -0.815, 0.168, 0.59, 0.975, 0.42, -0.825, -0.748, 7
0, 6, 1, -3.096, 0.103, -0.452, 0.879, 1.067, 0.497, -0.296, -0.067, -0.973, 0.711, 1
0, 6, 1, -2.982, 2.001, -0.915, 0.188, 0.035, 0.467, -0.13, -0.689, -0.684, 0.664, 5
0, 6, 1, -2.752, 1.778, -0.718, 0.057, -0.009, 0.402, 0.121, 0.05, -1.435, 0.281, 10
0, 7, 1, -3.887, 3.172, -0.739, -0.69, -0.548, 0.33, 0.569, 0.98, -1.609, 0.283, 6
0, 7, 1, -5.049, 4.846, -0.678, -0.877, -0.09, 0.005, 0.253, -0.078, -0.178, 0.131, 9
1, 8, 0, -2.733, 1.088, 0.761, 1.694, -0.833, 0.292, -1.069, 0.266, 0.369, 1.034, 6
1, 8, 0, -2.625, 1.551, 0.298, 0.324, -1.05, 0.746, 0.067, 0.603, 0.342, -0.413, 5
1, 8, 0, -2.698, -1.027, -0.94, 1.796, 0.392, 1.33, 0.866, 0.781, -0.838, -0.663, 0
1, 8, 0, -3.776, 1.752, 0.92, 0.722, -1.164, 0.774, -0.01, 0.657, 0.248, 1.055, 8
1, 8, 0, -2.968, 2.149, 0.13, 0.676, -0.79, 0.112, -0.507, 0.762, 0.625, -0.272, 4
1, 9, 0, -1.993, 1.725, -1.13, 0.556, -1.223, 0.485, 0.211, -0.04, -0.294, -0.548, 3
1, 9, 0, -2.538, 2.351, -1.029, 0.146, -0.922, 0.201, -0.058, 0.835, -0.712, -0.074, 5
1, 9, 0, -4.753, 3.421, -0.189, 0.656, -0.984, 1.443, -0.652, 0.546, 0.123, -0.326, 9
1, 9, 0, -3.725, 1.904, -0.737, 0.433, -0.369, 1.047, 0.12, 0.425, -0.678, -0.391, 10
1, 9, 0, -3.0, 0.042, -1.238, 1.529, 0.187, 2.028, 0.104, 0.759, -1.18, -0.634, 0
1, 9, 0, -2.937, 2.183, -1.291, 0.355, -0.372, 0.57, 0.045, 0.452, -0.705, -0.263, 5
1, 9, 0, -3.756, 2.204, -0.716, 0.529, -0.284, 1.121, 0.022, 0.127, -0.782, -0.394, 10
1, 10, 0, -3.045, 3.312, 0.171, -0.605, -1.027, 0.924, 0.353, 0.897, 0.365, -0.871, 6
1, 10, 0, -3.033, 0.7, -1.077, 1.266, 0.196, 1.453, 0.317, 0.947, -0.324, -0.828, 1
1, 10, 0, -2.54, 2.925, -0.377, -0.745, -0.562, 0.981, 0.303, 0.539, 0.127, -0.959, 4
1, 10, 0, -2.505, 2.358, -0.184, -0.792, -0.316, 1.363, 0.302, -0.121, 0.214, -0.622, 5
1, 10, 0, -3.661, 1.292, -0.433, 0.34, 0.098, 0.363, 0.246, 0.911, -0.415, -0.507, 10
1, 11, 0, -2.131, 1.487, -0.302, -0.272, 0.012, 0.067, 0.149, 0.022, -0.133, -0.322, 3
1, 11, 0, -4.039, 3.506, -0.964, 0.041, -0.4, 0.976, 0.65, 0.659, -0.216, -0.327, 8
1, 11, 0, -2.46, -0.325, -1.404, 0.928, 0.122, 2.049, 0.274, 0.532, -1.113, -0.769, 0
1, 11, 0, -3.338, 3.033, -1.189, -0.269, -0.364, 0.544, 0.491, 0.148, 0.365, -0.931, 6
1, 11, 0, -4.142, 3.454, -0.653, 0.271, -0.598, 0.793, 0.563, 0.52, -0.118, -0.33, 8
1, 11, 0, -2.104, 1.6, -0.297, -0.071, -0.172, 0.285, 0.152, -0.089, -0.296, -0.37, 3
1, 12, 1, -3.356, 3.236, -0.653, -0.9, -0.661, 1.43, 0.901, 0.395, -0.139, -0.726, 7
1, 12, 1, -3.699, -0.251, 0.268, 1.585, 0.85, 1.381, -0.867, -0.71, -0.19, 0.567, 0
1, 12, 1, -1.899, 2.135, 0.092, -0.11, -0.145, 0.081, -0.067, -0.104, -0.408, -0.099, 3
1, 12, 1, -2.305, 3.625, -1.203, -0.665, -0.296, 0.775, 0.197, -0.282, -0.842, 0.188, 4
1, 12, 1, -2.364, 3.743, -1.393, -0.361, -0.354, 1.004, 0.208, -0.376, -1.046, 0.722, 4
1, 12, 1, -3.387, 3.286, -0.747, -0.699, -0.9, 0.891, 0.875, 0.46, -0.457, -0.636, 7
1, 12, 1, -2.021, 2.493, -0.416, -0.116, 0.094, -0.033, -0.4, -0.08, -0.136, 0.069, 3
1, 12, 1, -2.411, 3.85, -1.405, -0.302, -0.398, 1.069, 0.216, -0.291, -1.116, 1.043, 4
1, 12, 1, -3.292, 2.595, -0.578, 0.42, -0.233, 0.391, -0.241, 0.437, -0.541, -0.021, 10
1, 13, 1, -3.318, 3.395, -1.706, 0.753, -0.214, 1.431, -0.0, -0.192, -1.33, 0.03, 6
1, 13, 1, -2.972, 1.151, -0.293, 1.609, -0.724, 0.123, -0.087, -0.801, 0.04, 1.07, 2
1, 13, 1, -3.455, 2.561, -0.421, 0.847, 0.33, 0.057, -0.177, -0.494, -0.786, 0.951, 10
1, 13, 1, -3.999, 2.138, 0.295, 1.086, 0.699, -0.127, -0.634, -0.4, -0.505, 0.856, 1
1, 14, 1, -3.674, 1.513, 0.038, 1.604, 0.907, 1.045, -0.166, -0.295, -1.13, 0.594, 1
1, 14, 1, -2.938, 2.782, -1.111, -0.076, 0.0, 0.582, 0.252, -0.4, -0.773, 0.838, 5
1, 14, 1, -3.706, 3.627, -0.889, -0.789, -0.093, 1.223, 0.814, 0.563, 0.062, -0.449, 7
1, 14, 1, -4.145, 2.739, -0.115, 0.907, 0.669, 0.478, -1.183, -0.24, -0.887, -0.365, 9
1, 14, 1, -3.546, 1.064, -0.006, 1.455, 0.847, 1.117, 0.073, -0.025, -1.318, 0.557, 1
1, 14, 1, -3.468, 1.81, -0.39, 1.55, -0.084, -0.008, -0.482, -0.231, -0.724, 0.967, 2
1, 14, 1, -4.264, 2.925, 0.065, 0.794, 0.323, 0.515, -1.282, -0.14, -0.863, -0.39, 9
0, 0, 0, -3.482, 2.524, -0.433, 1.048, -1.995, 0.902, 0.322, 0.45, 0.377, -0.366, 6
0, 0, 0, -3.951, 2.25, 0.127, 1.772, -1.906, 0.567, -0.432, 1.045, 0.598, -0.293, 7
0, 0, 0, -2.312, 1.746, -1.51, 1.019, -0.99, 0.941, -0.488, 0.208, 0.033, -0.847, 3
0, 0, 0, -3.089, 2.339, -0.973, 0.463, -1.169, 0.543, 0.598, -0.45, -0.08, -0.039, 5
0, 0, 0, -3.543, 1.391, -1.22, 0.699, -0.769, 1.579, -0.379, 1.158, 0.181, -0.178, 8
0, 0, 0, -2.368, 1.727, -1.556, 1.162, -0.819, 0.941, -0.572, 0.345, -0.279, -0.736, 3
0, 0, 0, -4.238, 2.437, 0.036, 1.158, -2.127, 0.554, 0.12, 0.823, 0.565, -0.293, 7
0, 1, 0, -1.372, -0.03, -1.003, -0.388, -0.471, 1.141, 0.654, 0.823, 0.558, 0.043, 1
0, 1, 0, -2.654, 2.39, -0.008, 0.07, -1.063, 0.304, -0.105, 0.281, 0.488, -0.382, 4
0, 1, 0, -3.941, 3.353, 0.486, -0.506, -1.12, 0.101, 0.297, 0.711, -0.078, 0.648, 7
0, 1, 0, -4.161, 2.937, 0.157, 0.336, -0.968, 0.641, 0.088, 0.237, 0.565, 0.823, 8
0, 1, 0, -1.709, 0.486, -0.953, -0.346, 0.02, 0.786, 0.145, 0.564, -0.229, -0.322, 2
0, 1, 0, -2.67, 2.696, -0.231, -0.028, -1.014, 0.486, -0.137, 0.448, 0.285, -0.482, 4
0, 1, 0, -1.976, 0.389, -0.947, -0.25, -0.065, 0.949, 0.127, 0.478, -0.323, -0.345, 2
0, 1, 0, -3.84, 3.745, 0.121, -0.656, -1.066, 0.329, 0.734, 0.875, -0.295, 0.418, 7
0, 1, 0, -4.676, 2.537, 0.075, 0.73, -0.933, 1.493, 0.049, 0.076, 0.254, 0.276, 9
0, 1, 0, -2.724, 2.998, -0.56, -0.077, -0.944, 0.548, -0.08, 0.4, 0.144, -0.63, 4
0, 1, 0, -4.759, 2.696, 0.104, 0.697, -0.787, 1.114, 0.205, -0.066, 0.369, 0.306, 9
0, 1, 0, -4.16, 3.329, 0.275, 0.394, -1.287, 0.693, 0.483, 0.121, 0.286, 0.153, 8
0, 1, 0, -1.672, 0.328, -0.833, -0.577, -0.363, 0.84, 0.18, 0.682, -0.124, -0.109, 2
0, 2, 0, -1.768, 0.786, -1.468, 1.077, -0.347, 1.704, -0.171, 1.076, -0.691, -0.06, 2
0, 2, 0, -2.979, 1.795, -0.87, 1.427, -0.93, 1.323, -0.212, 1.286, -0.135, -0.496, 10
0, 2, 0, -1.417, -0.319, -2.254, 1.072, -0.221, 2.268, 0.43, 0.923, -1.486, -0.698, 0
0, 2, 0, -4.373, 2.463, -0.171, 1.501, -0.639, 0.292, 0.518, -0.114, 1.127, 0.332, 9
0, 2, 0, -2.562, 1.361, -0.94, 1.333, -1.047, 1.208, -0.316, 1.055, 0.354, -0.77, 10
0, 2, 0, -3.693, 3.067, -0.273, 1.619, -1.905, 0.045, 0.006, 1.347, 0.346, 0.36, 7
0, 2, 0, -1.804, 1.556, -0.803, 1.388, -0.989, 0.751, -0.029, 0.963, -0.228, 0.297, 5
0, 2, 0, -2.447, 1.914, -0.208, 1.641, -1.159, 0.104, -0.539, 1.58, 0.058, 0.786, 6
0, 3, 0, -2.026, 1.75, -0.526, -0.131, 0.266, -0.055, 0.084, 0.063, 0.047, -0.691, 3
0, 3, 0, -1.45, 0.199, -1.127, -0.281, -0.372, 1.287, 0.369, 0.855, 0.303, -0.385, 1
0, 3, 0, -2.608, 0.839, 0.203, 0.305, -0.851, 0.78, -0.143, 0.607, 0.344, 0.106, 10
0, 3, 0, -2.058, -0.61, -1.497, 0.696, 0.072, 1.802, 0.626, 1.303, -0.192, -0.538, 0
0, 4, 1, -4.079, 2.663, -0.048, -0.315, 0.234, 0.861, 0.335, 0.435, -0.546, -0.928, 8
0, 4, 1, -3.406, 2.403, 1.025, 0.108, -1.1, -0.316, 0.099, 1.541, -0.304, -0.671, 6
0, 4, 1, -3.587, 3.128, 0.885, -0.188, -1.164, -0.215, 0.051, 1.344, -0.641, -0.253, 6
0, 4, 1, -1.596, 0.885, -0.199, 0.199, -0.115, -0.474, 0.428, -0.113, -0.61, 0.131, 3
0, 4, 1, -3.693, -0.568, 0.727, 1.236, 0.612, 1.502, -0.804, -0.763, -0.346, 0.788, 0
0, 5, 1, -2.882, 2.165, -0.589, 0.173, -1.165, 0.014, 0.571, 0.502, -0.093, -0.616, 4
0, 5, 1, -4.708, 3.269, -1.121, 0.701, 0.437, 0.176, 0.552, 0.004, -0.168, -1.484, 9
0, 5, 1, -4.744, 3.385, -0.886, 0.571, 0.235, 0.183, 0.357, 0.04, 0.203, -1.68, 9
0, 5, 1, -3.426, 0.584, -0.469, 1.776, 0.566, 1.686, 0.07, 0.081, -1.483, -0.141, 1
0, 5, 1, -3.777, 2.064, -0.983, 0.846, -0.373, 0.96, -0.04, 1.331, 0.247, -1.09, 8
0, 5, 1, -2.656, 1.263, -0.527, 0.464, -0.612, 0.668, -0.16, 0.857, -0.416, -0.596, 5
0, 6, 1, -2.21, 0.661, -0.581, 1.139, 0.238, 0.074, -0.625, -0.366, -0.326, 0.557, 2
0, 6, 1, -3.431, -0.5, -0.362, 1.173, 1.59, 0.956, 0.162, -0.853, -0.364, 0.084, 0
0, 6, 1, -2.103, 0.655, -0.84, 1.195, 0.377, 0.135, -0.504, -0.549, -0.404, 0.602, 2
0, 6, 1, -2.282, 0.673, -0.798, 1.286, 0.308, 0.01, -0.411, -0.61, -0.266, 0.584, 2
0, 6, 1, -4.107, 2.17, 0.206, -0.811, 0.334, 0.633, 0.402, 1.097, -1.327, -0.04, 8
0, 6, 1, -3.76, -0.32, -0.24, 1.273, 1.751, 1.125, 0.23, -0.723, -0.501, 0.315, 0
0, 6, 1, -3.152, 0.086, -0.325, 0.868, 1.084, 0.753, -0.522, -0.005, -0.821, 0.483, 1

