0.029, 0.064, 0.039, 0.017, 0.048, 0.082, 0.099, 0.032, 0.074, 0.086, 0.041, 0.047, 0.084, 0.094, 0.147, 0.081, 0.118, 0.218, 0.333, 0.326, 0.211, 0.23, 0.336, 0.426, 0.461, 0.261, 0.087, 0.286, 0.561, 0.834, 0.81, 0.725, 0.805, 0.944, 1.0, 0.896, 0.552, 0.304, 0.234, 0.238, 0.332, 0.382, 0.158, 0.223, 0.158, 0.143, 0.163, 0.113, 0.057, 0.013, 0.017, 0.004, 0.005, 0.008, 0.008, 0.008, 0.01, 0.016, 0.01, 0.001, R
0.02, 0.003, 0.014, 0.006, 0.013, 0.015, 0.054, 0.021, 0.05, 0.11, 0.084, 0.094, 0.12, 0.042, 0.003, 0.016, 0.062, 0.213, 0.344, 0.381, 0.382, 0.476, 0.631, 0.752, 0.868, 0.879, 0.79, 0.836, 0.963, 0.962, 0.924, 0.89, 0.971, 0.965, 0.789, 0.531, 0.272, 0.195, 0.137, 0.31, 0.379, 0.41, 0.336, 0.3, 0.275, 0.202, 0.104, 0.045, 0.034, 0.012, 0.007, 0.011, 0.007, 0.006, 0.003, 0.001, 0.001, 0.002, 0.006, 0.004, R
0.015, 0.032, 0.06, 0.105, 0.116, 0.173, 0.168, 0.112, 0.089, 0.12, 0.085, 0.152, 0.23, 0.279, 0.34, 0.453, 0.695, 0.881, 0.915, 0.754, 0.674, 0.715, 0.834, 0.77, 0.699, 0.654, 0.504, 0.493, 0.499, 0.416, 0.163, 0.04, 0.064, 0.296, 0.361, 0.187, 0.048, 0.15, 0.24, 0.198, 0.318, 0.238, 0.172, 0.156, 0.156, 0.042, 0.049, 0.048, 0.022, 0.006, 0.009, 0.006, 0.002, 0.008, 0.013, 0.005, 0.001, 0.002, 0.002, 0.006, R
0.019, 0.031, 0.02, 0.062, 0.008, 0.079, 0.144, 0.145, 0.179, 0.252, 0.261, 0.371, 0.391, 0.267, 0.272, 0.418, 0.699, 0.573, 0.223, 0.263, 0.747, 0.726, 0.339, 0.282, 0.605, 0.59, 0.497, 0.862, 0.834, 0.408, 0.227, 0.174, 0.051, 0.159, 0.304, 0.137, 0.16, 0.206, 0.073, 0.02, 0.164, 0.158, 0.183, 0.189, 0.101, 0.066, 0.018, 0.04, 0.011, 0.014, 0.009, 0.004, 0.01, 0.014, 0.019, 0.014, 0.01, 0.009, 0.005, 0.008, R
0.007, 0.023, 0.051, 0.044, 0.025, 0.064, 0.042, 0.113, 0.191, 0.248, 0.161, 0.092, 0.24, 0.322, 0.43, 0.265, 0.067, 0.144, 0.237, 0.26, 0.249, 0.39, 0.638, 0.804, 0.703, 0.687, 0.7, 0.856, 1.0, 0.962, 0.9, 0.758, 0.69, 0.569, 0.44, 0.455, 0.296, 0.159, 0.168, 0.084, 0.117, 0.175, 0.273, 0.17, 0.019, 0.021, 0.035, 0.042, 0.009, 0.02, 0.02, 0.017, 0.016, 0.006, 0.004, 0.007, 0.004, 0.005, 0.019, 0.01, R
0.009, 0.027, 0.022, 0.034, 0.03, 0.117, 0.145, 0.064, 0.074, 0.136, 0.213, 0.374, 0.374, 0.267, 0.233, 0.537, 0.731, 0.766, 0.627, 0.44, 0.433, 0.433, 0.554, 0.736, 0.859, 0.899, 0.942, 0.94, 0.938, 0.858, 0.728, 0.67, 0.755, 0.877, 0.992, 0.992, 0.942, 0.839, 0.66, 0.482, 0.292, 0.177, 0.114, 0.07, 0.158, 0.194, 0.111, 0.069, 0.018, 0.02, 0.031, 0.021, 0.009, 0.006, 0.009, 0.009, 0.007, 0.012, 0.006, 0.011, R
0.026, 0.045, 0.039, 0.024, 0.132, 0.132, 0.161, 0.214, 0.085, 0.056, 0.089, 0.086, 0.153, 0.152, 0.185, 0.287, 0.201, 0.275, 0.502, 0.217, 0.498, 0.526, 0.365, 0.577, 0.516, 0.572, 0.401, 0.365, 0.668, 0.866, 0.805, 0.408, 0.338, 0.509, 0.678, 0.731, 0.606, 0.704, 0.885, 0.898, 0.775, 0.725, 0.773, 0.776, 0.601, 0.451, 0.31, 0.186, 0.096, 0.021, 0.021, 0.01, 0.015, 0.01, 0.013, 0.02, 0.002, 0.02, 0.026, 0.018, R
0.022, 0.012, 0.017, 0.015, 0.061, 0.103, 0.114, 0.088, 0.116, 0.087, 0.156, 0.078, 0.1, 0.092, 0.066, 0.113, 0.174, 0.257, 0.329, 0.391, 0.544, 0.612, 0.702, 0.761, 0.797, 0.91, 0.881, 0.795, 0.799, 0.718, 0.641, 0.631, 0.593, 0.617, 0.65, 0.676, 0.625, 0.512, 0.389, 0.327, 0.251, 0.153, 0.132, 0.166, 0.122, 0.098, 0.045, 0.027, 0.018, 0.009, 0.002, 0.005, 0.005, 0.01, 0.013, 0.012, 0.005, 0.002, 0.001, 0.002, R
0.022, 0.022, 0.027, 0.014, 0.036, 0.078, 0.091, 0.091, 0.115, 0.097, 0.12, 0.11, 0.119, 0.176, 0.239, 0.214, 0.193, 0.176, 0.075, 0.126, 0.2, 0.157, 0.26, 0.539, 0.844, 1.0, 0.868, 0.674, 0.554, 0.464, 0.361, 0.206, 0.162, 0.209, 0.31, 0.234, 0.106, 0.038, 0.053, 0.129, 0.224, 0.192, 0.159, 0.094, 0.084, 0.067, 0.034, 0.047, 0.036, 0.014, 0.008, 0.014, 0.004, 0.005, 0.007, 0.002, 0.005, 0.002, 0.001, 0.002, R
0.034, 0.013, 0.07, 0.118, 0.035, 0.118, 0.195, 0.161, 0.304, 0.437, 0.553, 0.577, 0.702, 0.707, 0.737, 0.739, 0.862, 0.946, 0.878, 0.791, 0.576, 0.306, 0.056, 0.024, 0.255, 0.486, 0.503, 0.44, 0.285, 0.18, 0.356, 0.352, 0.332, 0.311, 0.364, 0.075, 0.183, 0.182, 0.182, 0.159, 0.058, 0.095, 0.109, 0.081, 0.078, 0.049, 0.044, 0.059, 0.037, 0.018, 0.03, 0.024, 0.023, 0.009, 0.016, 0.019, 0.003, 0.038, 0.013, 0.016, M
0.06, 0.047, 0.05, 0.039, 0.103, 0.077, 0.085, 0.045, 0.109, 0.035, 0.158, 0.202, 0.227, 0.283, 0.382, 0.466, 0.669, 0.865, 0.936, 0.937, 0.914, 0.916, 0.931, 0.86, 0.733, 0.576, 0.416, 0.411, 0.415, 0.315, 0.294, 0.317, 0.315, 0.413, 0.399, 0.42, 0.453, 0.442, 0.474, 0.343, 0.319, 0.337, 0.249, 0.265, 0.175, 0.093, 0.053, 0.008, 0.034, 0.014, 0.003, 0.001, 0.0, 0.023, 0.021, 0.008, 0.012, 0.011, 0.011, 0.01, M
0.035, 0.051, 0.008, 0.024, 0.043, 0.074, 0.094, 0.113, 0.123, 0.151, 0.181, 0.239, 0.295, 0.287, 0.401, 0.532, 0.549, 0.582, 0.604, 0.675, 0.708, 0.789, 0.928, 0.978, 0.974, 1.0, 0.97, 0.996, 0.824, 0.602, 0.534, 0.487, 0.353, 0.157, 0.095, 0.161, 0.282, 0.339, 0.302, 0.294, 0.298, 0.268, 0.206, 0.207, 0.162, 0.122, 0.101, 0.074, 0.039, 0.005, 0.015, 0.004, 0.012, 0.011, 0.011, 0.01, 0.005, 0.002, 0.008, 0.003, M
0.044, 0.045, 0.024, 0.101, 0.225, 0.261, 0.206, 0.167, 0.18, 0.308, 0.379, 0.536, 0.617, 0.784, 0.839, 0.902, 1.0, 0.891, 0.875, 0.789, 0.716, 0.758, 0.637, 0.321, 0.208, 0.228, 0.331, 0.285, 0.195, 0.167, 0.102, 0.136, 0.221, 0.112, 0.168, 0.104, 0.256, 0.262, 0.224, 0.118, 0.11, 0.283, 0.238, 0.026, 0.197, 0.148, 0.043, 0.063, 0.051, 0.047, 0.025, 0.027, 0.02, 0.014, 0.018, 0.006, 0.004, 0.012, 0.015, 0.01, M
0.109, 0.128, 0.093, 0.123, 0.128, 0.173, 0.195, 0.426, 0.683, 0.576, 0.473, 0.236, 0.102, 0.29, 0.471, 0.466, 0.142, 0.085, 0.326, 0.901, 0.931, 0.486, 0.135, 0.16, 0.274, 0.561, 0.365, 0.614, 0.547, 0.847, 0.564, 0.544, 0.509, 0.625, 0.85, 0.841, 0.842, 0.914, 0.771, 0.488, 0.372, 0.447, 0.459, 0.449, 0.562, 0.43, 0.094, 0.079, 0.027, 0.015, 0.014, 0.046, 0.021, 0.008, 0.012, 0.017, 0.01, 0.02, 0.018, 0.019, M
0.021, 0.054, 0.033, 0.082, 0.074, 0.032, 0.092, 0.107, 0.155, 0.123, 0.18, 0.179, 0.125, 0.258, 0.337, 0.399, 0.165, 0.227, 0.322, 0.536, 0.816, 1.0, 0.87, 0.689, 0.63, 0.574, 0.571, 0.598, 0.43, 0.206, 0.1, 0.225, 0.231, 0.398, 0.332, 0.173, 0.143, 0.217, 0.197, 0.214, 0.367, 0.202, 0.078, 0.092, 0.239, 0.34, 0.259, 0.11, 0.091, 0.046, 0.017, 0.003, 0.005, 0.019, 0.01, 0.012, 0.004, 0.009, 0.007, 0.01, M
0.023, 0.032, 0.017, 0.023, 0.041, 0.012, 0.022, 0.08, 0.236, 0.246, 0.224, 0.152, 0.173, 0.31, 0.438, 0.56, 0.682, 0.616, 0.68, 0.844, 0.992, 1.0, 0.798, 0.543, 0.395, 0.518, 0.565, 0.304, 0.188, 0.396, 0.229, 0.354, 0.419, 0.24, 0.185, 0.376, 0.433, 0.363, 0.252, 0.187, 0.105, 0.234, 0.199, 0.11, 0.068, 0.03, 0.067, 0.078, 0.046, 0.025, 0.015, 0.012, 0.004, 0.012, 0.004, 0.011, 0.005, 0.009, 0.001, 0.009, M
0.034, 0.062, 0.038, 0.026, 0.044, 0.103, 0.129, 0.185, 0.265, 0.412, 0.524, 0.534, 0.555, 0.392, 0.295, 0.308, 0.302, 0.272, 0.544, 0.793, 0.875, 0.867, 0.711, 0.691, 0.729, 0.879, 1.0, 0.982, 0.898, 0.605, 0.493, 0.537, 0.459, 0.291, 0.077, 0.225, 0.16, 0.396, 0.612, 0.52, 0.232, 0.437, 0.38, 0.432, 0.489, 0.19, 0.094, 0.136, 0.091, 0.014, 0.033, 0.014, 0.002, 0.007, 0.01, 0.004, 0.006, 0.005, 0.003, 0.006, M
0.021, 0.019, 0.041, 0.032, 0.07, 0.158, 0.144, 0.14, 0.305, 0.391, 0.35, 0.367, 0.394, 0.331, 0.333, 0.3, 0.232, 0.138, 0.345, 0.443, 0.489, 0.368, 0.438, 0.486, 0.621, 0.726, 0.662, 0.769, 0.798, 0.858, 0.927, 0.701, 0.485, 0.341, 0.141, 0.115, 0.143, 0.182, 0.36, 0.553, 0.599, 0.508, 0.551, 0.503, 0.703, 0.59, 0.407, 0.276, 0.158, 0.051, 0.005, 0.008, 0.02, 0.01, 0.004, 0.003, 0.006, 0.009, 0.007, 0.004, M
0.037, 0.028, 0.01, 0.057, 0.076, 0.068, 0.097, 0.147, 0.216, 0.254, 0.294, 0.294, 0.266, 0.319, 0.279, 0.253, 0.198, 0.193, 0.283, 0.324, 0.35, 0.332, 0.422, 0.477, 0.481, 0.632, 0.833, 0.946, 1.0, 0.842, 0.552, 0.48, 0.52, 0.397, 0.194, 0.152, 0.201, 0.174, 0.103, 0.224, 0.372, 0.445, 0.394, 0.203, 0.201, 0.219, 0.184, 0.148, 0.097, 0.022, 0.015, 0.01, 0.002, 0.002, 0.006, 0.009, 0.001, 0.009, 0.011, 0.005, M
0.052, 0.044, 0.018, 0.029, 0.035, 0.117, 0.126, 0.118, 0.126, 0.253, 0.272, 0.237, 0.188, 0.098, 0.068, 0.15, 0.172, 0.234, 0.196, 0.14, 0.316, 0.589, 0.763, 0.847, 0.942, 0.999, 0.97, 1.0, 0.863, 0.698, 0.772, 0.73, 0.52, 0.179, 0.11, 0.145, 0.107, 0.144, 0.193, 0.032, 0.149, 0.033, 0.054, 0.131, 0.091, 0.076, 0.106, 0.1, 0.054, 0.024, 0.016, 0.016, 0.003, 0.005, 0.006, 0.009, 0.014, 0.014, 0.008, 0.003, M
0.03, 0.062, 0.065, 0.092, 0.162, 0.229, 0.218, 0.203, 0.146, 0.085, 0.248, 0.364, 0.278, 0.283, 0.324, 0.434, 0.564, 0.456, 0.435, 0.643, 0.393, 0.199, 0.354, 0.916, 0.937, 0.462, 0.277, 0.661, 0.803, 0.42, 0.519, 0.696, 0.579, 0.889, 0.786, 0.713, 0.762, 0.44, 0.301, 0.316, 0.281, 0.29, 0.053, 0.187, 0.155, 0.163, 0.125, 0.075, 0.045, 0.006, 0.015, 0.003, 0.015, 0.007, 0.021, 0.008, 0.015, 0.005, 0.02, 0.007, R

