1, 14, 1, -3.674, 1.513, 0.038, 1.604, 0.907, 1.045, -0.166, -0.295, -1.13, 0.594, 1
1, 14, 1, -3.66, 3.618, -1.051, -0.748, 0.08, 1.022, 0.914, 0.613, 0.023, -0.448, 7
1, 14, 1, -3.396, 2.257, -0.602, 0.407, 0.204, 0.366, 0.067, 0.044, -1.352, 0.871, 10
1, 14, 1, -2.938, 2.782, -1.111, -0.076, 0.0, 0.582, 0.252, -0.4, -0.773, 0.838, 5
1, 14, 1, -3.239, 3.083, -1.427, -0.202, -0.282, 1.421, 0.576, 0.068, -0.914, 0.147, 6
0, 0, 0, -3.673, 1.811, -1.405, 1.621, 0.044, 1.572, -0.453, 0.745, -0.066, -0.733, 9
0, 0, 0, -3.473, 2.178, -0.82, 0.706, -1.71, 0.779, 0.422, 0.351, 0.426, -0.267, 6
0, 1, 0, -4.102, 0.209, 0.414, 0.423, 0.985, 1.434, 0.663, 0.036, -0.784, -0.668, 0
0, 1, 0, -2.321, 1.303, 0.32, -0.085, -0.278, 0.001, -0.094, -0.283, 0.852, 0.022, 5
0, 1, 0, -4.267, 3.01, 0.172, 0.028, -0.827, 0.532, 0.099, 0.326, 0.34, 0.696, 8
0, 1, 0, -2.724, 2.998, -0.56, -0.077, -0.944, 0.548, -0.08, 0.4, 0.144, -0.63, 4
0, 1, 0, -1.978, 1.542, -1.487, -0.096, -0.025, 0.32, -0.063, 0.097, -0.073, -0.381, 3
0, 1, 0, -2.489, 1.773, -0.18, -0.152, -0.353, 0.133, -0.186, 0.207, 0.788, -0.285, 5
0, 1, 0, -3.058, 1.678, -0.351, -0.255, 0.038, 0.692, -0.173, 0.226, 0.202, -0.593, 10
0, 2, 0, -1.202, -0.253, -2.487, 0.809, -0.367, 2.169, 0.32, 1.034, -1.385, -0.706, 0
0, 2, 0, -3.972, 2.279, -0.62, 0.954, -1.09, 0.719, 0.717, 0.3, 1.309, 0.171, 9
0, 2, 0, -2.704, 1.285, -0.908, 1.57, -0.84, 1.044, -0.399, 0.951, 0.345, -0.695, 10
0, 2, 0, -1.891, 1.776, -0.518, 1.461, -1.05, 0.567, -0.307, 1.152, -0.239, 0.325, 5
0, 2, 0, -2.447, 1.914, -0.208, 1.641, -1.159, 0.104, -0.539, 1.58, 0.058, 0.786, 6
0, 3, 0, -1.614, 0.287, -1.195, -0.252, -0.257, 1.251, 0.281, 0.898, 0.188, -0.423, 1
0, 3, 0, -2.434, 0.87, 0.127, 0.224, -0.811, 0.666, -0.233, 0.705, 0.408, 0.136, 10
0, 3, 0, -2.531, 1.802, 0.739, 0.236, -1.169, -0.069, -0.349, 0.903, 0.123, -0.119, 4
0, 3, 0, -2.375, 1.642, 0.308, 0.255, -0.82, 0.225, -0.092, 0.874, 0.367, -0.525, 5
0, 3, 0, -2.076, 1.413, -0.584, 0.19, -0.35, 0.518, -0.406, 0.313, 0.027, -0.724, 3
0, 4, 1, -3.162, -1.137, 0.3, 1.44, 0.688, 1.645, -0.447, -0.518, -0.52, 0.641, 0
0, 4, 1, -4.071, 2.754, -0.232, -0.262, 0.356, 0.694, 0.381, 0.5, -0.721, -0.859, 8
0, 4, 1, -3.439, 2.711, 1.067, 0.029, -1.12, -0.212, 0.062, 1.44, -0.353, -0.42, 6
0, 4, 1, -4.068, 2.566, -0.068, -0.152, 0.126, 0.548, 0.453, 0.577, -0.543, -0.896, 8
0, 4, 1, -1.611, 0.831, -0.056, -0.048, -0.044, -0.423, 0.289, -0.092, -0.633, 0.221, 3
0, 4, 1, -3.693, -0.568, 0.727, 1.236, 0.612, 1.502, -0.804, -0.763, -0.346, 0.788, 0
0, 4, 1, -4.216, 3.638, 0.192, -0.023, -1.231, -0.32, 0.128, 1.03, 0.061, -0.179, 7
0, 5, 1, -2.493, 1.382, -0.929, 0.465, -0.369, 0.002, 0.187, -0.696, -0.31, 0.348, 3
0, 5, 1, -2.905, 2.311, -0.658, 0.022, -1.121, 0.25, 0.467, 0.484, -0.157, -0.676, 4
0, 5, 1, -2.882, 2.165, -0.589, 0.173, -1.165, 0.014, 0.571, 0.502, -0.093, -0.616, 4
0, 5, 1, -4.228, 3.111, -0.38, 1.16, -1.188, -0.362, 0.516, 0.507, 0.669, -0.074, 7
0, 5, 1, -3.0, 1.524, -0.866, 1.015, -0.4, 0.861, 0.174, 0.938, -0.216, -1.01, 10
0, 5, 1, -2.612, 1.403, -0.87, 0.47, -0.448, 0.172, -0.06, -0.656, -0.334, 0.087, 3
0, 5, 1, -2.859, 2.255, -0.676, 0.098, -1.086, 0.041, 0.732, 0.305, -0.141, -0.636, 4
0, 5, 1, -3.246, 2.796, -0.867, -0.205, -0.316, 0.808, 0.824, 0.062, -0.118, -0.749, 6
0, 5, 1, -2.973, 1.304, -0.849, 0.984, -0.508, 0.59, 0.248, 0.728, 0.073, -1.107, 10
0, 5, 1, -3.404, 0.506, -0.591, 1.627, 0.66, 1.456, 0.068, 0.381, -1.494, -0.453, 1
0, 5, 1, -2.952, 0.777, -0.74, 1.311, 0.424, 0.853, -0.319, -0.082, -1.456, 0.616, 2
0, 6, 1, -3.096, 0.103, -0.452, 0.879, 1.067, 0.497, -0.296, -0.067, -0.973, 0.711, 1
0, 7, 1, -4.393, 2.137, 0.57, 1.397, 0.293, -0.836, -0.966, -0.461, -0.277, 1.184, 1
0, 7, 1, -3.417, 1.984, -1.148, 0.234, -0.778, 0.411, 0.494, 0.13, -0.704, 0.764, 5
0, 7, 1, -4.474, 4.569, -1.069, -1.409, 0.137, 1.049, 0.071, 0.877, -1.355, -0.167, 7
0, 7, 1, -4.947, 4.637, -0.444, -0.953, -0.119, -0.249, 0.594, 0.27, -0.783, 0.265, 9
0, 7, 1, -4.149, 1.129, -0.008, 1.215, 0.39, -0.474, -0.4, -0.343, -0.344, 0.886, 2
0, 7, 1, -5.049, 4.846, -0.678, -0.877, -0.09, 0.005, 0.253, -0.078, -0.178, 0.131, 9
0, 7, 1, -3.894, 2.91, -0.968, -0.671, -0.131, 0.519, 0.591, 0.708, -1.515, 0.121, 6
0, 7, 1, -4.513, 4.265, -1.477, -1.09, 0.215, 0.829, 0.342, 0.693, -0.601, -0.056, 7
1, 8, 0, -1.768, 1.769, -1.142, -0.739, -0.086, 0.12, -0.23, 0.217, -0.009, -0.279, 3
1, 8, 0, -2.625, 1.551, 0.298, 0.324, -1.05, 0.746, 0.067, 0.603, 0.342, -0.413, 5
1, 8, 0, -3.824, 1.832, 1.093, 1.024, -1.09, 0.56, -0.336, 0.299, 0.126, 1.005, 8
1, 8, 0, -1.358, 0.136, -1.082, -0.148, -0.609, 1.464, 0.144, 1.149, 0.481, 0.119, 1
1, 8, 0, -1.793, 0.925, -0.739, -0.396, -0.211, 0.329, -0.403, 0.604, 0.197, -0.251, 3
1, 8, 0, -3.989, 3.049, 0.304, 0.209, -1.26, -0.205, -0.735, 0.862, 0.551, 1.114, 7
1, 8, 0, -3.038, 2.475, 0.024, 0.508, -0.737, -0.102, -0.358, 0.706, 0.6, -0.209, 4
1, 8, 0, -3.992, 3.342, 0.167, 0.086, -1.23, -0.216, -0.824, 0.837, 0.521, 0.978, 7
1, 8, 0, -3.81, 1.91, 0.527, 0.478, -0.972, 0.945, -0.28, 0.719, 0.482, 0.829, 8
1, 8, 0, -1.222, 0.491, -0.716, 0.004, -0.323, 1.108, -0.148, 0.773, 0.387, -0.073, 2
1, 8, 0, -2.968, 2.149, 0.13, 0.676, -0.79, 0.112, -0.507, 0.762, 0.625, -0.272, 4
1, 9, 0, -2.045, 0.819, -1.46, 0.652, -0.701, 0.352, -0.087, 0.793, -0.567, -0.013, 2
1, 9, 0, -4.047, 3.899, -0.423, 0.147, -1.273, 0.203, 0.317, 0.531, 0.584, -0.11, 7
1, 9, 0, -4.693, 3.146, -0.136, 0.587, -0.731, 1.055, -0.104, -0.021, 0.637, -0.192, 9
1, 9, 0, -2.785, 2.792, -1.924, 0.225, -0.985, 1.076, 0.07, -0.071, -0.257, -0.135, 4
1, 9, 0, -4.718, 3.281, -0.203, 0.651, -0.883, 1.413, -0.663, 0.583, 0.237, -0.307, 9
1, 9, 0, -4.13, 3.291, -1.424, 0.359, -0.273, 1.297, -0.454, 0.62, -0.527, -0.709, 8
1, 9, 0, -1.895, 0.755, -1.388, 0.638, -0.614, 0.246, -0.033, 0.693, -0.27, -0.346, 2
1, 9, 0, -3.731, 1.927, -0.705, 0.453, -0.372, 1.149, 0.046, 0.323, -0.627, -0.331, 10
1, 9, 0, -1.926, 0.689, -1.433, 0.716, -0.588, 0.269, -0.044, 0.716, -0.245, -0.285, 2
1, 10, 0, -4.066, 0.398, -0.382, 1.679, 0.121, 1.617, 0.504, -0.315, -0.226, -0.873, 0
1, 10, 0, -3.548, 1.611, -0.85, 0.374, 0.168, 0.318, 0.463, 0.863, -1.131, -0.334, 10
1, 10, 0, -4.602, 3.043, -0.959, 0.828, -0.298, 0.315, 0.423, 0.57, 0.387, -0.617, 9
1, 10, 0, -3.983, 3.695, 0.096, -0.333, -1.01, 0.169, -0.108, 1.674, 0.262, -0.231, 7
1, 10, 0, -2.444, 2.529, -0.487, -0.814, -0.151, 1.285, 0.077, -0.064, 0.287, -0.638, 5
1, 10, 0, -2.969, 3.128, 0.504, -0.487, -1.371, 0.704, 0.66, 0.676, 0.469, -0.525, 6
1, 11, 0, -2.913, 0.757, -0.819, 1.245, 0.419, 1.17, 0.051, 0.328, -0.96, -0.614, 1
1, 11, 0, -2.101, 1.502, -0.322, -0.363, 0.026, 0.116, 0.162, -0.074, -0.106, -0.397, 3
1, 11, 0, -3.209, 1.85, -0.394, 0.555, 0.425, 0.313, 0.067, 0.077, -0.163, -0.944, 10
1, 11, 0, -2.382, -0.294, -1.397, 1.051, 0.211, 1.901, 0.151, 0.654, -1.286, -0.609, 0
1, 11, 0, -4.142, 3.454, -0.653, 0.271, -0.598, 0.793, 0.563, 0.52, -0.118, -0.33, 8
1, 11, 0, -3.339, 3.011, -1.264, -0.343, -0.119, 0.498, 0.589, 0.078, 0.221, -0.822, 6
1, 12, 1, -2.776, 3.557, -0.435, -1.044, -0.572, 1.273, 0.221, 0.295, -0.986, -0.04, 6
1, 12, 1, -3.699, -0.251, 0.268, 1.585, 0.85, 1.381, -0.867, -0.71, -0.19, 0.567, 0
1, 12, 1, -1.899, 2.135, 0.092, -0.11, -0.145, 0.081, -0.067, -0.104, -0.408, -0.099, 3
1, 12, 1, -2.46, 3.706, -1.304, -0.339, -0.487, 1.125, 0.187, -0.211, -1.068, 0.944, 4
1, 12, 1, -4.568, 3.344, -0.005, -0.092, -0.546, 0.479, -0.168, 1.186, -0.565, -1.025, 9
1, 13, 1, -4.057, 1.925, 0.521, 1.331, 0.273, -0.167, -0.365, -0.665, -0.512, 0.716, 1
1, 13, 1, -4.08, 2.242, -0.28, 1.876, 0.72, -0.292, -0.537, -0.54, -0.663, 0.238, 9
1, 13, 1, -4.083, 2.193, -0.492, 0.695, 0.251, 0.423, -0.558, -0.123, -0.53, 0.376, 8
1, 13, 1, -3.206, 1.899, -0.933, 0.733, 0.261, 0.565, -0.225, -0.339, -0.677, 0.765, 5
1, 13, 1, -4.754, 1.329, 1.09, 1.765, 0.217, -0.198, -0.782, -0.154, 0.023, 0.85, 0
1, 13, 1, -2.959, 1.061, -0.351, 1.745, -0.851, 0.344, -0.373, -0.729, 0.048, 0.815, 2
1, 13, 1, -3.004, 1.09, -0.328, 1.652, -0.679, 0.287, -0.297, -0.695, -0.145, 0.71, 2
1, 14, 1, -4.047, 0.913, 0.734, 1.479, 0.258, 0.206, -1.117, -0.423, -0.336, 0.982, 0
1, 14, 1, -3.811, 2.123, 0.278, 1.552, 0.754, 0.492, -0.584, -0.433, -0.988, 0.652, 1
1, 14, 1, -3.441, 1.975, -0.395, 1.024, -0.052, -0.167, -0.445, 0.168, -0.684, 1.04, 2
1, 14, 1, -3.977, 2.976, 0.309, -0.259, 0.026, 0.816, -0.317, 0.492, -0.674, -0.659, 8

