1, 14, 1, -3.461, 0.04, 0.553, 1.854, 0.386, 0.568, -1.003, -0.638, -1.04, 1.051, 0
1, 14, 1, -3.32, 1.553, -0.586, 1.688, -0.262, 0.392, -0.478, -0.461, -0.522, 0.929, 2
1, 14, 1, -2.904, 2.741, -1.123, 0.014, 0.071, 0.654, 0.212, -0.454, -0.815, 0.752, 5
1, 14, 1, -3.176, 2.997, -1.098, -0.371, -0.418, 1.318, 0.48, 0.472, -0.814, 0.106, 6
1, 14, 1, -3.309, 2.256, -0.615, 0.365, 0.251, 0.439, 0.011, 0.119, -1.219, 0.695, 10
0, 0, 0, -3.941, 2.305, 0.124, 1.771, -1.815, 0.593, -0.435, 0.992, 0.575, -0.301, 7
0, 0, 0, -2.105, 1.035, -1.705, 0.231, -0.558, 1.554, -0.649, 0.71, -0.855, -0.151, 2
0, 0, 0, -4.074, 2.281, 0.152, 1.556, -1.613, -0.047, 0.222, 0.252, 0.775, 0.125, 7
0, 0, 0, -3.593, 0.29, -0.782, 1.707, -0.175, 1.662, -0.137, 0.493, -0.492, -0.926, 0
0, 0, 0, -2.911, 1.928, -1.131, 0.899, -0.911, 1.111, -0.208, -0.047, -0.029, -0.539, 4
0, 0, 0, -3.065, 2.372, -1.002, 0.496, -1.295, 0.86, 0.327, -0.404, 0.067, -0.155, 5
0, 0, 0, -2.666, 1.516, -1.198, 0.741, -1.066, 1.24, -0.574, 0.965, -0.13, -0.711, 10
0, 1, 0, -4.65, 2.455, 0.013, 0.681, -0.8, 1.434, 0.126, 0.036, 0.382, 0.278, 9
0, 1, 0, -1.945, 0.352, -1.053, -0.228, -0.12, 0.927, 0.088, 0.509, -0.279, -0.246, 2
0, 1, 0, -1.912, 1.554, -1.455, -0.017, -0.118, 0.27, -0.037, 0.163, -0.027, -0.474, 3
0, 1, 0, -2.05, 0.065, -0.938, -0.037, 0.082, 1.561, 0.393, 0.835, -0.029, -0.394, 1
0, 2, 0, -2.155, 2.027, -0.393, 1.354, -1.045, 0.646, -0.246, 1.279, -0.396, 0.177, 5
0, 2, 0, -3.33, 1.529, -0.552, 2.023, -0.845, 0.016, 0.049, 0.512, 0.396, 0.386, 8
0, 2, 0, -1.393, -0.305, -2.29, 1.1, -0.254, 2.327, 0.363, 0.795, -1.521, -0.756, 0
0, 2, 0, -2.043, 1.95, -0.435, 1.341, -1.049, 0.558, -0.237, 1.237, -0.283, 0.306, 5
0, 3, 0, -2.03, 1.764, -0.386, -0.249, 0.18, 0.117, 0.096, -0.121, 0.067, -0.552, 3
0, 3, 0, -3.299, 1.73, 0.187, 0.121, -1.251, 0.796, -0.366, 1.091, 0.493, 0.436, 8
0, 3, 0, -2.007, 1.814, -0.581, -0.027, 0.127, 0.081, 0.089, -0.016, 0.115, -0.719, 3
0, 3, 0, -3.565, 1.363, 0.958, 1.976, -1.268, 0.091, -1.363, 0.72, 0.738, 1.145, 7
0, 3, 0, -1.764, 0.888, -1.001, 0.197, 0.3, 0.66, 0.159, 0.557, -0.301, -0.65, 2
0, 3, 0, -1.495, 0.117, -1.134, -0.249, -0.37, 1.286, 0.348, 0.854, 0.313, -0.376, 1
0, 3, 0, -3.145, 0.863, 0.416, 0.699, -1.378, 0.892, 0.02, 0.89, 0.221, 0.834, 8
0, 4, 1, -2.611, 0.434, 0.231, 1.343, 0.323, -0.378, -0.618, -0.219, -0.285, 0.347, 2
0, 4, 1, -3.533, 2.319, 1.085, 0.247, -1.053, -0.429, -0.026, 1.305, -0.243, -0.671, 6
0, 4, 1, -1.693, 0.807, -0.038, -0.051, -0.174, -0.372, 0.117, 0.053, -0.611, 0.3, 3
0, 4, 1, -2.986, 2.072, -0.311, -0.083, -0.878, 0.449, 0.916, 0.082, -0.905, -0.109, 4
0, 4, 1, -2.942, 2.091, -0.353, -0.364, -0.61, 0.401, 0.864, 0.191, -0.764, -0.235, 4
0, 5, 1, -4.694, 3.229, -1.153, 0.702, 0.452, 0.298, 0.454, 0.001, -0.264, -1.399, 9
0, 5, 1, -3.012, 1.628, -0.834, 0.975, -0.299, 0.926, 0.174, 0.836, -0.239, -1.144, 10
0, 5, 1, -2.591, 1.809, -0.659, -0.016, -0.673, 0.588, 0.084, 0.182, -0.094, -0.372, 5
0, 5, 1, -3.518, 0.716, -0.365, 1.788, 0.584, 1.678, -0.109, -0.016, -1.501, 0.002, 1
0, 5, 1, -2.497, 1.692, -0.607, 0.02, -0.71, 0.612, 0.093, 0.272, -0.06, -0.507, 5
0, 5, 1, -3.236, 2.745, -0.806, -0.2, -0.386, 0.358, 0.889, 0.516, -0.297, -1.075, 6
0, 5, 1, -3.006, 1.407, -0.875, 0.945, -0.495, 0.721, 0.212, 0.75, -0.037, -1.054, 10
0, 6, 1, -2.528, 1.288, -0.144, -0.171, -0.077, 0.26, -0.045, 0.681, -1.399, -0.066, 10
0, 6, 1, -4.045, 2.193, 0.2, -0.745, 0.215, 0.387, 0.625, 1.477, -1.207, -0.27, 8
0, 6, 1, -2.563, 2.829, -0.283, -0.368, -1.593, 0.408, 0.121, 0.933, -0.946, -0.356, 4
0, 6, 1, -2.558, 0.755, -0.66, 1.366, 0.038, -0.011, -0.443, -0.531, -0.062, 0.418, 2
0, 6, 1, -2.041, 2.119, -0.585, 0.549, -0.43, -0.291, -0.002, -0.234, -0.751, 0.253, 3
0, 6, 1, -3.098, 2.525, -0.316, -0.322, -1.082, 0.285, 0.445, 0.847, -0.951, -0.707, 6
0, 7, 1, -3.749, 3.018, -0.755, -0.452, -0.666, 0.209, 0.741, 0.9, -1.613, 0.128, 6
0, 7, 1, -4.151, 2.069, -0.605, 0.111, 0.41, 0.354, -0.284, -0.381, -0.507, 0.737, 10
0, 7, 1, -5.143, 2.051, 1.216, 1.898, -0.555, -0.466, -0.842, 0.011, 0.461, 0.193, 0
0, 7, 1, -5.034, 4.993, -1.633, -0.285, 0.398, 0.181, -0.211, -0.508, -0.283, 0.304, 9
1, 8, 0, -2.764, 1.111, 0.727, 1.54, -0.855, 0.261, -1.11, 0.227, 0.42, 0.991, 6
1, 8, 0, -4.982, 1.538, 0.96, 1.253, -0.64, 0.588, -0.484, -0.31, -0.246, 1.18, 9
1, 8, 0, -2.895, 0.682, -0.151, 0.218, -0.689, 1.118, -0.264, 0.922, 0.757, 0.327, 10
1, 8, 0, -3.915, 2.158, 0.781, 0.643, -1.023, 0.598, -0.718, 0.274, 0.376, 0.77, 8
1, 8, 0, -1.784, -1.074, -1.661, 1.324, 0.289, 1.303, 0.924, 1.307, -0.346, -0.521, 0
1, 8, 0, -2.971, 0.463, -0.195, 0.323, -0.625, 0.941, -0.327, 0.78, 0.552, 0.436, 10
1, 8, 0, -2.073, 0.088, -0.73, 0.296, -0.286, 1.75, 0.154, 1.078, 0.294, -0.174, 1
1, 9, 0, -4.101, 2.84, -0.802, 0.062, -0.733, 1.304, -0.145, 0.443, 0.049, -0.611, 8
1, 9, 0, -3.339, 1.004, -0.747, 1.505, -0.068, 1.007, -0.017, 0.377, -0.775, -0.899, 1
1, 9, 0, -2.538, 2.351, -1.029, 0.146, -0.922, 0.201, -0.058, 0.835, -0.712, -0.074, 5
1, 9, 0, -2.521, 2.283, -0.954, 0.232, -0.918, 0.253, -0.094, 0.833, -0.704, -0.092, 5
1, 9, 0, -4.753, 3.421, -0.189, 0.656, -0.984, 1.443, -0.652, 0.546, 0.123, -0.326, 9
1, 9, 0, -3.587, 1.193, -0.617, 1.34, -0.022, 1.103, -0.072, 0.368, -0.854, -0.767, 1
1, 9, 0, -3.152, 3.176, -1.573, -0.204, -0.485, 0.723, 0.308, 0.652, -0.872, -0.586, 6
1, 9, 0, -2.029, 0.698, -1.482, 0.813, -0.681, 0.422, 0.016, 0.751, -0.3, -0.237, 2
1, 9, 0, -2.914, 2.541, -1.567, 0.067, -1.051, 1.207, 0.006, 0.289, -0.325, -0.343, 4
1, 9, 0, -4.069, 4.205, -0.614, -0.06, -1.462, 0.476, 0.381, 0.589, 0.405, -0.259, 7
1, 10, 0, -4.611, 2.962, -0.856, 1.161, -0.612, 0.469, 0.162, 0.705, 0.37, -0.916, 9
1, 10, 0, -2.758, 2.839, -0.282, -0.449, -0.485, 0.788, 0.12, 0.792, 0.023, -0.949, 4
1, 10, 0, -2.382, 1.984, -1.096, -0.103, 0.369, 0.204, -0.125, 0.752, -0.136, -0.959, 3
1, 10, 0, -3.979, 3.661, 0.169, -0.598, -1.412, 0.569, 0.009, 1.939, 0.094, -0.149, 7
1, 10, 0, -3.015, 2.219, 0.996, -0.455, -1.514, 0.047, 0.864, 0.468, 0.657, -0.343, 6
1, 10, 0, -3.664, 1.119, -0.459, 0.482, 0.082, 0.221, 0.185, 0.861, -0.237, -0.413, 10
1, 11, 0, -4.019, 3.52, -1.058, -0.2, -0.545, 1.348, 0.351, 0.82, -0.868, -0.434, 8
1, 11, 0, -2.131, 1.487, -0.302, -0.272, 0.012, 0.067, 0.149, 0.022, -0.133, -0.322, 3
1, 11, 0, -3.117, 2.876, -0.746, -0.047, -0.427, -0.053, 0.453, 0.305, 0.541, -0.489, 6
1, 11, 0, -2.306, 1.086, -0.59, 0.106, 0.931, 0.733, 0.213, 0.274, -0.684, -0.911, 2
1, 11, 0, -2.458, 1.586, -0.359, 0.376, -0.244, 0.134, -0.163, 0.298, 0.444, -0.711, 5
1, 11, 0, -4.052, 3.747, -1.24, -0.299, -0.426, 0.917, 0.517, 0.716, -0.21, -0.125, 7
1, 11, 0, -2.391, -0.347, -1.474, 0.843, 0.089, 2.021, 0.417, 0.502, -0.86, -0.978, 0
1, 11, 0, -4.494, 1.535, -0.495, 1.715, 0.044, 1.892, -0.367, 0.362, -0.583, -0.291, 9
1, 12, 1, -3.415, -0.538, 0.241, 2.038, 0.622, 1.027, -0.701, -0.66, -0.418, 0.781, 0
1, 12, 1, -3.44, 3.203, -0.698, -0.86, -0.542, 1.503, 0.922, 0.467, -0.183, -0.919, 7
1, 12, 1, -4.471, 3.192, -0.161, 0.117, -0.327, 0.406, -0.201, 0.919, -0.716, -0.933, 9
1, 12, 1, -3.303, 0.702, -0.209, 1.627, 0.818, 0.287, -0.541, -0.198, -0.717, 0.768, 1
1, 12, 1, -1.948, 2.143, -0.068, -0.211, -0.238, 0.263, -0.27, -0.238, -0.342, 0.147, 3
1, 12, 1, -3.909, 3.674, -0.648, 0.088, -0.365, 0.199, 0.424, 0.336, -0.012, -0.252, 8
1, 12, 1, -2.527, -0.926, -0.571, 1.613, 0.628, 1.229, -0.687, -0.808, -0.354, 0.625, 0
1, 13, 1, -3.747, 4.267, -1.847, -0.235, 0.38, 0.885, -0.049, -0.258, -0.772, -0.11, 7
1, 13, 1, -4.039, 2.061, -0.727, 0.888, 0.302, 0.413, -0.381, -0.194, -0.614, 0.41, 8
1, 13, 1, -2.972, 1.151, -0.293, 1.609, -0.724, 0.123, -0.087, -0.801, 0.04, 1.07, 2
1, 13, 1, -3.797, 4.314, -1.596, -0.476, 0.044, 0.903, 0.129, -0.141, -0.646, -0.318, 7
1, 13, 1, -3.999, 2.138, 0.295, 1.086, 0.699, -0.127, -0.634, -0.4, -0.505, 0.856, 1
1, 13, 1, -3.053, 1.518, -0.729, 0.828, -1.211, 0.499, 0.326, -0.136, -0.263, 0.75, 3
1, 13, 1, -3.985, 2.192, -0.426, 2.163, 1.114, 0.016, -0.846, -0.468, -0.858, 0.037, 9
1, 13, 1, -2.928, 2.83, -1.361, 0.323, -0.739, 1.431, 0.002, -0.172, -0.939, 0.607, 4
1, 13, 1, -4.687, 1.152, 1.089, 1.915, 0.201, -0.296, -0.692, -0.105, -0.143, 0.884, 0
1, 13, 1, -3.917, 1.925, 0.267, 1.361, 0.453, -0.19, -0.242, -0.633, -0.62, 1.039, 1
1, 13, 1, -2.902, 2.796, -1.199, 0.234, -0.821, 1.257, 0.263, -0.075, -1.103, 0.417, 4
1, 14, 1, -3.119, 3.135, -1.466, -0.352, -0.023, 0.752, 0.143, -0.231, -0.376, 0.721, 4

