1, 14, 1, -3.5, 0.068, 0.533, 1.876, 0.363, 0.542, -0.982, -0.671, -1.006, 1.101, 0
1, 14, 1, -3.002, 2.944, -1.379, -0.188, -0.131, 0.957, 0.346, -0.392, -0.711, 0.617, 4
0, 0, 0, -3.482, 2.524, -0.433, 1.048, -1.995, 0.902, 0.322, 0.45, 0.377, -0.366, 6
0, 0, 0, -3.237, 0.436, -0.86, 1.363, -0.251, 1.915, -0.395, 0.751, -0.774, -0.327, 1
0, 0, 0, -3.951, 2.25, 0.127, 1.772, -1.906, 0.567, -0.432, 1.045, 0.598, -0.293, 7
0, 0, 0, -3.783, 1.974, -1.2, 0.606, -0.65, 1.504, -0.134, 0.528, 0.392, -0.58, 8
0, 0, 0, -3.665, 0.337, -0.641, 1.791, -0.194, 1.686, -0.359, 0.57, -0.676, -0.841, 0
0, 0, 0, -3.062, 0.351, -1.071, 1.061, -0.355, 1.99, -0.21, 0.796, -0.358, -0.299, 1
0, 0, 0, -2.302, 0.85, -1.646, 0.455, -0.488, 1.491, -0.617, 0.819, -0.887, -0.08, 2
0, 1, 0, -1.372, -0.03, -1.003, -0.388, -0.471, 1.141, 0.654, 0.823, 0.558, 0.043, 1
0, 1, 0, -3.141, 3.314, -0.996, -0.394, -0.19, -0.312, 0.137, 0.631, 0.547, -0.247, 6
0, 1, 0, -2.441, 1.415, 0.386, -0.335, -0.187, -0.079, -0.0, -0.175, 0.792, -0.026, 5
0, 1, 0, -1.856, 0.063, -1.011, -0.238, -0.152, 1.461, 0.572, 0.775, 0.154, -0.31, 1
0, 1, 0, -2.7, 2.83, -0.389, 0.032, -0.958, 0.44, -0.168, 0.519, 0.169, -0.525, 4
0, 1, 0, -3.105, 2.916, -0.207, 0.031, -0.897, 0.021, -0.229, 0.256, 1.073, -0.065, 6
0, 1, 0, -3.082, 1.633, -0.118, -0.147, -0.484, 1.176, -0.086, -0.072, 0.086, -0.564, 10
0, 1, 0, -3.065, 3.139, -0.461, -0.221, -0.759, -0.045, 0.068, 0.274, 0.999, -0.331, 6
0, 2, 0, -1.674, 1.711, -1.04, 1.136, -0.869, 1.036, -0.157, 0.946, -0.361, 0.02, 3
0, 2, 0, -2.562, 1.361, -0.94, 1.333, -1.047, 1.208, -0.316, 1.055, 0.354, -0.77, 10
0, 2, 0, -3.545, 1.926, -0.512, 1.732, -1.109, 1.006, 0.021, 0.82, 0.731, -0.639, 8
0, 2, 0, -2.53, 1.492, -0.936, 1.21, -1.154, 1.316, -0.267, 1.149, 0.226, -0.77, 10
0, 2, 0, -1.4, 0.316, -1.894, 0.83, -0.242, 2.038, 0.003, 1.667, -0.515, -0.087, 1
0, 2, 0, -1.494, 0.663, -1.58, 1.191, -0.252, 1.777, -0.072, 1.189, -0.409, 0.09, 2
0, 2, 0, -1.512, 1.492, -1.053, 1.262, -0.809, 0.941, -0.122, 0.807, -0.206, 0.145, 3
0, 2, 0, -1.804, 1.556, -0.803, 1.388, -0.989, 0.751, -0.029, 0.963, -0.228, 0.297, 5
0, 3, 0, -3.193, 2.026, 0.83, 0.813, -1.205, 0.036, -0.95, 0.786, 1.045, 0.21, 6
0, 3, 0, -3.566, 1.504, 0.94, 1.829, -1.224, 0.178, -1.454, 0.92, 0.767, 1.059, 7
0, 3, 0, -2.439, 0.789, 0.082, 0.242, -0.693, 0.595, -0.353, 0.702, 0.413, 0.098, 10
0, 3, 0, -2.089, 1.695, -0.528, -0.232, 0.385, -0.137, 0.033, 0.071, 0.033, -0.744, 3
0, 3, 0, -2.933, 0.717, 0.829, 1.508, -0.517, 0.069, -1.163, 0.021, 0.866, 1.066, 6
0, 4, 1, -3.034, -1.274, 0.263, 1.521, 0.66, 1.622, -0.361, -0.468, -0.74, 0.517, 0
0, 4, 1, -3.118, 0.356, 0.377, 1.447, 0.868, 0.407, -0.915, -0.546, -0.637, 0.169, 1
0, 4, 1, -4.16, 2.814, 0.557, 0.604, 0.584, 0.477, -0.272, 0.784, -0.999, -0.781, 9
0, 4, 1, -4.067, 3.908, -0.065, -0.378, -1.163, 0.065, 0.508, 1.003, 0.03, -0.187, 7
0, 4, 1, -3.049, 0.084, 0.981, 1.193, 0.761, 0.495, -0.714, -0.466, -0.568, -0.149, 1
0, 4, 1, -2.842, 1.343, -0.713, 0.003, 0.126, 0.411, 0.538, -0.077, -0.995, 0.092, 5
0, 4, 1, -3.249, 1.042, 0.589, 1.408, 0.023, -0.821, -0.581, 0.031, 0.068, 0.325, 2
0, 5, 1, -3.322, -0.303, -0.5, 0.963, 0.921, 0.981, 1.059, -1.079, -1.004, 0.112, 0
0, 5, 1, -3.844, 1.056, -0.19, 1.685, 0.617, 1.245, -0.811, -0.506, -1.128, 0.076, 1
0, 5, 1, -3.389, 2.762, -0.71, -0.026, -0.641, 0.112, 0.775, 0.443, -0.11, -0.979, 6
0, 5, 1, -2.515, 1.34, -0.84, 0.511, -0.492, 0.098, 0.047, -0.68, -0.283, 0.168, 3
0, 5, 1, -3.046, 1.462, -0.823, 0.935, -0.44, 0.849, 0.085, 0.865, -0.178, -0.954, 10
0, 5, 1, -3.594, -0.137, -0.028, 1.018, 1.069, 0.723, 0.695, -0.982, -1.433, 0.249, 0
0, 5, 1, -3.086, 1.01, -0.627, 1.508, 0.338, 0.747, -0.479, -0.323, -1.087, 0.645, 2
0, 5, 1, -4.175, 3.32, -0.446, 0.988, -1.48, 0.133, 0.507, 0.605, 0.691, -0.462, 7
0, 5, 1, -4.788, 3.632, -0.71, 0.3, 0.366, -0.121, 0.403, -0.016, 0.124, -1.32, 9
0, 5, 1, -2.85, 1.446, -0.792, 0.482, -0.365, 0.046, -0.029, -0.761, -0.251, 0.113, 3
0, 5, 1, -2.906, 1.102, -0.491, 0.575, -0.386, 0.771, -0.134, 0.977, -0.54, -0.604, 5
0, 6, 1, -1.885, 2.214, -0.673, 0.147, -0.148, -0.4, 0.252, -0.098, -0.874, 0.245, 3
0, 6, 1, -2.488, 2.822, -0.239, -0.33, -1.355, 0.284, 0.101, 0.934, -0.966, -0.31, 4
0, 6, 1, -4.21, 3.289, -0.106, -1.247, -0.683, 0.539, 0.579, 0.832, -0.035, -0.764, 7
0, 6, 1, -2.103, 0.655, -0.84, 1.195, 0.377, 0.135, -0.504, -0.549, -0.404, 0.602, 2
0, 6, 1, -4.384, 3.721, -0.905, -0.965, -0.16, 0.498, 0.809, 0.66, -0.613, -0.831, 7
0, 6, 1, -4.107, 2.17, 0.206, -0.811, 0.334, 0.633, 0.402, 1.097, -1.327, -0.04, 8
0, 6, 1, -4.247, -0.034, 0.248, 1.372, 1.831, 1.167, 0.087, -0.518, -0.316, 0.347, 0
0, 6, 1, -4.415, 3.737, -1.313, -0.815, 0.168, 0.59, 0.975, 0.42, -0.825, -0.748, 7
0, 6, 1, -5.158, 2.488, 1.064, -0.343, 0.352, 0.18, -0.05, 0.817, -1.308, -0.249, 9
0, 6, 1, -4.2, 2.201, -0.31, -0.392, 0.968, 0.7, -0.328, 0.129, -0.896, 0.15, 8
0, 7, 1, -4.468, 4.121, -0.42, -1.197, 0.338, 0.6, -0.11, 0.314, -1.248, -0.012, 8
0, 7, 1, -4.902, 4.49, -0.564, -0.536, -0.164, -0.298, 0.842, -0.158, -0.906, 0.358, 9
0, 7, 1, -4.125, 2.3, -0.167, -0.27, 0.103, 0.32, -0.467, -0.254, -0.415, 0.863, 10
0, 7, 1, -3.001, 2.263, -1.178, -0.116, -0.922, 0.536, 1.286, -0.506, -0.566, -0.102, 4
0, 7, 1, -4.471, 4.096, -0.809, -0.881, 0.646, 0.539, 0.04, 0.142, -1.555, -0.023, 8
0, 7, 1, -5.04, 5.074, -1.721, -0.264, 0.279, 0.176, 0.003, -0.609, -0.177, 0.422, 9
1, 8, 0, -2.505, 0.632, -0.593, 0.304, 0.496, 0.824, -0.162, 0.181, -0.363, -0.764, 2
1, 8, 0, -2.509, 1.326, 0.354, 0.663, -0.724, 0.418, -0.496, 0.713, 0.638, -0.204, 5
1, 8, 0, -1.716, 1.186, -0.809, -0.515, -0.35, 0.29, -0.404, 0.678, 0.172, -0.212, 3
1, 8, 0, -2.698, -1.027, -0.94, 1.796, 0.392, 1.33, 0.866, 0.781, -0.838, -0.663, 0
1, 8, 0, -3.776, 1.752, 0.92, 0.722, -1.164, 0.774, -0.01, 0.657, 0.248, 1.055, 8
1, 8, 0, -1.969, 0.835, -0.671, -0.27, 0.028, 0.4, -0.444, 0.53, 0.061, -0.343, 3
1, 8, 0, -2.784, 1.43, 0.145, 0.309, -0.931, 1.342, 0.017, 0.589, -0.044, -0.273, 5
1, 8, 0, -3.947, 2.102, 0.305, 0.462, -0.765, 1.037, -0.618, 0.741, 0.345, 0.269, 8
1, 9, 0, -3.137, 0.077, -1.157, 1.589, 0.204, 1.898, 0.17, 0.676, -1.033, -0.635, 0
1, 9, 0, -2.008, 0.785, -1.489, 0.654, -0.685, 0.313, -0.085, 0.856, -0.516, -0.053, 2
1, 9, 0, -3.231, 3.003, -1.161, -0.315, -0.816, 0.87, 0.311, 0.677, -0.565, -0.7, 6
1, 9, 0, -4.033, 4.071, -0.586, 0.127, -1.447, 0.62, 0.197, 0.711, 0.48, -0.306, 7
1, 9, 0, -2.823, 2.743, -2.012, 0.234, -0.919, 1.103, 0.091, -0.177, -0.143, -0.09, 4
1, 9, 0, -2.561, 2.191, -0.955, 0.214, -0.841, 0.386, -0.083, 0.74, -0.612, -0.196, 5
1, 9, 0, -4.827, 3.391, -0.099, 0.599, -0.723, 0.741, 0.089, -0.214, 0.518, -0.074, 9
1, 9, 0, -3.871, 1.694, -0.606, 1.428, 0.044, 0.844, -0.013, 0.126, -1.218, -0.553, 1
1, 10, 0, -2.667, 1.132, -1.054, 0.232, 0.537, 0.352, 0.163, 0.55, -0.688, -0.295, 2
1, 10, 0, -3.707, 1.486, -0.494, 0.402, 0.183, 0.186, 0.234, 1.029, -0.856, -0.408, 10
1, 10, 0, -4.893, 3.37, -0.464, 0.538, -0.327, 0.496, 0.27, 0.47, 0.742, -0.141, 9
1, 11, 0, -2.565, 1.871, -0.269, 0.187, -0.656, 0.267, -0.328, 0.184, 0.348, -0.511, 4
1, 11, 0, -2.596, 1.867, -0.208, 0.208, -0.574, 0.146, -0.214, 0.116, 0.395, -0.541, 4
1, 11, 0, -3.242, 1.802, -0.482, 0.699, 0.424, 0.337, 0.115, 0.272, -0.205, -1.074, 10
1, 11, 0, -4.319, 1.338, -0.549, 1.678, 0.027, 1.922, -0.228, 0.161, -0.47, -0.442, 9
1, 12, 1, -3.961, 4.144, -0.934, -0.089, -0.612, 0.787, 0.326, 0.182, -0.487, -0.719, 8
1, 12, 1, -2.247, 3.42, -0.887, -0.823, -0.297, 0.774, 0.185, -0.242, -0.79, 0.046, 4
1, 12, 1, -2.364, 3.743, -1.393, -0.361, -0.354, 1.004, 0.208, -0.376, -1.046, 0.722, 4
1, 12, 1, -4.299, 2.775, 0.244, 0.177, -0.436, 0.261, -0.308, 1.175, -0.227, -1.115, 9
1, 12, 1, -2.852, -0.805, -0.313, 1.565, 0.688, 1.467, -0.664, -0.916, -0.279, 0.489, 0
1, 12, 1, -3.39, 3.422, -0.718, -0.667, -0.871, 0.788, 0.959, 0.555, -0.482, -0.724, 7
1, 12, 1, -3.35, 2.713, -0.472, 0.4, -0.196, 0.248, -0.224, 0.53, -0.358, -0.091, 10
1, 13, 1, -3.065, 1.781, -0.915, 0.698, 0.175, 0.662, -0.086, -0.361, -0.774, 0.951, 5
1, 13, 1, -2.964, 1.154, -0.373, 1.511, -0.583, 0.152, -0.012, -0.949, -0.054, 1.16, 2
1, 14, 1, -2.584, 2.091, -1.451, 0.889, -0.464, 0.285, -0.213, -0.245, -0.138, 1.206, 3
1, 14, 1, -2.871, 3.13, -1.3, 0.008, -0.288, 0.483, 0.258, -0.342, -0.614, 0.83, 5
1, 14, 1, -3.059, 2.895, -0.847, -0.364, -0.484, 1.025, 0.502, 0.506, -0.733, 0.078, 6

