0.47, 0.46, 0.53, 0.12, 0.5, 0.0, 0.51, 0.25, NUC
0.59, 0.46, 0.55, 0.17, 0.5, 0.0, 0.52, 0.25, CYT
0.42, 0.51, 0.33, 0.16, 0.5, 0.0, 0.54, 0.22, ME3
0.4, 0.28, 0.58, 0.44, 0.5, 0.0, 0.41, 0.22, CYT
0.5, 0.47, 0.45, 0.14, 0.5, 0.0, 0.53, 0.32, ME3
0.51, 0.49, 0.48, 0.55, 0.5, 0.0, 0.52, 0.58, CYT
0.63, 0.56, 0.52, 0.21, 0.5, 0.0, 0.5, 0.22, CYT
0.56, 0.68, 0.42, 0.36, 0.5, 0.0, 0.49, 0.22, CYT
0.69, 0.66, 0.36, 0.09, 0.5, 0.0, 0.56, 0.22, ME1
0.59, 0.56, 0.5, 0.48, 0.5, 0.0, 0.46, 0.22, MIT
0.57, 0.52, 0.46, 0.2, 0.5, 0.83, 0.52, 0.41, POX
0.54, 0.54, 0.56, 0.18, 0.5, 0.0, 0.46, 0.29, NUC
0.28, 0.48, 0.36, 0.16, 0.5, 0.0, 0.53, 0.22, ME3
0.58, 0.44, 0.45, 0.32, 0.5, 0.0, 0.52, 0.37, NUC
0.33, 0.38, 0.47, 0.14, 0.5, 0.0, 0.51, 0.47, NUC
0.49, 0.56, 0.37, 0.2, 0.5, 0.0, 0.53, 0.22, ME3
0.52, 0.46, 0.34, 0.2, 0.5, 0.0, 0.51, 0.25, ME3
0.32, 0.29, 0.29, 0.08, 0.5, 0.0, 0.52, 0.22, ME3
0.38, 0.48, 0.57, 0.3, 0.5, 0.0, 0.41, 0.11, CYT
0.38, 0.32, 0.64, 0.41, 0.5, 0.0, 0.44, 0.11, CYT
0.59, 0.45, 0.53, 0.19, 0.5, 0.0, 0.59, 0.27, CYT
0.72, 0.61, 0.45, 0.3, 0.5, 0.0, 0.54, 0.25, MIT
0.86, 0.74, 0.51, 0.4, 0.5, 0.0, 0.55, 0.22, ME2
0.41, 0.4, 0.59, 0.47, 0.5, 0.0, 0.48, 0.43, CYT
0.37, 0.22, 0.64, 0.35, 0.5, 0.0, 0.47, 0.22, NUC
0.28, 0.46, 0.26, 0.18, 0.5, 0.0, 0.39, 0.22, VAC
0.45, 0.53, 0.47, 0.43, 0.5, 0.0, 0.5, 0.27, MIT
0.39, 0.44, 0.54, 0.24, 0.5, 0.0, 0.51, 0.49, NUC
0.85, 0.66, 0.49, 0.18, 0.5, 0.0, 0.51, 0.22, ME1
0.48, 0.17, 0.37, 0.33, 0.5, 0.0, 0.44, 0.36, NUC
0.45, 0.36, 0.5, 0.19, 0.5, 0.0, 0.53, 0.7, NUC
0.56, 0.46, 0.51, 0.25, 0.5, 0.0, 0.54, 0.22, CYT
0.4, 0.36, 0.32, 0.16, 0.5, 0.0, 0.51, 0.27, VAC
0.35, 0.29, 0.46, 0.14, 0.5, 0.0, 0.54, 0.66, NUC
0.51, 0.4, 0.56, 0.17, 0.5, 0.5, 0.49, 0.22, CYT
0.74, 0.67, 0.47, 0.34, 0.5, 0.0, 0.42, 0.22, EXC
0.45, 0.46, 0.55, 0.43, 0.5, 0.0, 0.55, 0.38, NUC
0.45, 0.58, 0.48, 0.67, 0.5, 0.0, 0.52, 0.22, MIT
0.48, 0.43, 0.51, 0.32, 0.5, 0.0, 0.52, 0.43, NUC
0.46, 0.49, 0.58, 0.23, 0.5, 0.0, 0.44, 0.22, MIT
0.5, 0.58, 0.46, 0.46, 0.5, 0.0, 0.46, 0.22, MIT
0.5, 0.52, 0.59, 0.3, 0.5, 0.0, 0.51, 0.35, NUC
0.33, 0.43, 0.64, 0.16, 0.5, 0.0, 0.52, 0.52, NUC
0.46, 0.71, 0.48, 0.53, 0.5, 0.0, 0.53, 0.22, MIT
0.4, 0.62, 0.52, 0.31, 0.5, 0.0, 0.49, 0.31, CYT
0.62, 0.51, 0.52, 0.42, 0.5, 0.0, 0.54, 0.27, NUC
0.34, 0.54, 0.5, 0.21, 0.5, 0.0, 0.54, 0.31, CYT
0.39, 0.47, 0.56, 0.16, 0.5, 0.0, 0.47, 0.22, CYT
0.36, 0.68, 0.46, 0.16, 0.5, 0.0, 0.53, 0.28, NUC
0.67, 0.71, 0.52, 0.65, 0.5, 0.0, 0.53, 0.36, NUC
0.54, 0.49, 0.49, 0.2, 0.5, 0.0, 0.52, 0.22, CYT
0.57, 0.51, 0.53, 0.18, 0.5, 0.0, 0.56, 0.25, NUC
0.21, 0.41, 0.55, 0.11, 0.5, 0.0, 0.5, 0.27, CYT
0.38, 0.68, 0.44, 0.45, 0.5, 0.0, 0.53, 0.22, MIT
0.31, 0.31, 0.56, 0.33, 0.5, 0.0, 0.52, 0.33, NUC
0.49, 0.43, 0.51, 0.13, 0.5, 0.0, 0.47, 0.22, CYT
0.54, 0.38, 0.52, 0.18, 0.5, 0.0, 0.48, 0.22, CYT
0.58, 0.58, 0.58, 0.49, 0.5, 0.0, 0.49, 0.26, MIT
0.53, 0.51, 0.46, 0.28, 0.5, 0.0, 0.48, 0.22, CYT
0.53, 0.38, 0.66, 0.25, 0.5, 0.0, 0.43, 0.22, NUC
0.36, 0.37, 0.33, 0.14, 0.5, 0.0, 0.57, 0.31, ME3
0.53, 0.44, 0.51, 0.33, 0.5, 0.0, 0.52, 0.22, MIT
0.55, 0.42, 0.34, 0.3, 0.5, 0.0, 0.52, 0.22, ME3
0.47, 0.65, 0.54, 0.62, 0.5, 0.0, 0.53, 0.36, MIT
0.51, 0.55, 0.35, 0.16, 0.5, 0.0, 0.51, 0.47, ME3
0.71, 0.56, 0.39, 0.27, 0.5, 0.0, 0.52, 0.22, ME2
0.58, 0.6, 0.43, 0.12, 0.5, 0.0, 0.55, 0.22, ME3
0.73, 0.55, 0.41, 0.16, 0.5, 0.0, 0.46, 0.22, ME2
0.77, 0.8, 0.51, 0.4, 1.0, 0.0, 0.54, 0.22, ERL
0.57, 0.61, 0.45, 0.26, 0.5, 0.0, 0.5, 0.22, CYT
0.35, 0.36, 0.57, 0.17, 0.5, 0.0, 0.52, 0.22, CYT
0.43, 0.51, 0.54, 0.15, 0.5, 0.0, 0.45, 0.26, NUC
0.3, 0.5, 0.47, 0.11, 0.5, 0.0, 0.46, 0.22, CYT
0.53, 0.43, 0.47, 0.15, 0.5, 0.0, 0.58, 0.22, CYT
0.44, 0.42, 0.62, 0.14, 0.5, 0.0, 0.55, 0.37, NUC
0.53, 0.68, 0.34, 0.42, 0.5, 0.0, 0.54, 0.27, ME3
0.29, 0.68, 0.47, 0.26, 0.5, 0.0, 0.47, 0.37, NUC
0.55, 0.53, 0.56, 0.29, 0.5, 0.0, 0.48, 0.22, MIT
0.43, 0.44, 0.3, 0.18, 0.5, 0.0, 0.51, 0.22, ME3
0.89, 0.81, 0.36, 0.71, 0.5, 0.0, 0.55, 0.63, ME1
0.46, 0.41, 0.5, 0.44, 0.5, 0.0, 0.53, 0.22, MIT
0.7, 0.73, 0.37, 0.37, 0.5, 0.0, 0.48, 0.31, ME1
0.46, 0.4, 0.38, 0.18, 0.5, 0.0, 0.49, 0.22, ME3
0.5, 0.62, 0.54, 0.66, 0.5, 0.0, 0.49, 0.22, MIT
0.72, 0.58, 0.42, 0.28, 0.5, 0.0, 0.48, 0.22, MIT
0.53, 0.51, 0.51, 0.11, 0.5, 0.0, 0.49, 0.41, NUC
0.49, 0.44, 0.45, 0.22, 0.5, 0.0, 0.51, 0.22, CYT
0.32, 0.47, 0.55, 0.25, 0.5, 0.0, 0.49, 0.22, MIT
0.46, 0.57, 0.52, 0.28, 0.5, 0.0, 0.52, 0.22, NUC
0.53, 0.48, 0.45, 0.44, 0.5, 0.0, 0.49, 0.27, MIT
0.7, 0.53, 0.42, 0.22, 0.5, 0.0, 0.51, 0.28, NUC
0.4, 0.47, 0.48, 0.18, 0.5, 0.0, 0.46, 0.22, CYT
0.29, 0.46, 0.54, 0.27, 0.5, 0.0, 0.49, 0.22, CYT
0.43, 0.39, 0.59, 0.13, 0.5, 0.0, 0.41, 0.43, NUC
0.45, 0.73, 0.47, 0.65, 0.5, 0.0, 0.54, 0.43, MIT
0.89, 0.52, 0.41, 0.26, 0.5, 0.0, 0.52, 0.31, ME2
0.45, 0.43, 0.63, 0.4, 0.5, 0.0, 0.59, 0.11, MIT
0.6, 0.46, 0.59, 0.16, 0.5, 0.0, 0.49, 0.22, MIT
0.55, 0.59, 0.47, 0.64, 0.5, 0.0, 0.54, 0.33, MIT
0.51, 0.48, 0.51, 0.43, 0.5, 0.0, 0.49, 0.22, MIT
0.52, 0.38, 0.62, 0.12, 0.5, 0.0, 0.41, 0.28, NUC
0.55, 0.53, 0.54, 0.4, 0.5, 0.0, 0.48, 0.22, MIT
0.51, 0.65, 0.53, 0.19, 0.5, 0.0, 0.49, 0.22, EXC
0.44, 0.41, 0.29, 0.21, 0.5, 0.0, 0.49, 0.22, ME3
0.39, 0.34, 0.68, 0.3, 0.5, 0.0, 0.5, 0.29, NUC
0.47, 0.43, 0.59, 0.27, 0.5, 0.0, 0.55, 0.22, POX
0.51, 0.46, 0.57, 0.25, 0.5, 0.0, 0.53, 0.22, CYT
0.39, 0.58, 0.5, 0.1, 0.5, 0.0, 0.51, 0.25, CYT
0.33, 0.38, 0.45, 0.19, 0.5, 0.0, 0.54, 0.37, NUC
0.43, 0.45, 0.53, 0.19, 0.5, 0.0, 0.56, 0.22, CYT
0.4, 0.37, 0.54, 0.13, 0.5, 0.0, 0.48, 0.22, NUC
0.4, 0.39, 0.33, 0.17, 0.5, 0.0, 0.51, 0.31, VAC
0.66, 0.55, 0.34, 0.2, 0.5, 0.0, 0.62, 0.22, ME3
0.3, 0.3, 0.46, 0.32, 0.5, 0.0, 0.45, 0.22, NUC
0.68, 0.39, 0.5, 0.15, 0.5, 0.0, 0.48, 0.37, NUC
0.4, 0.28, 0.48, 0.06, 0.5, 0.0, 0.49, 0.42, NUC
0.51, 0.39, 0.56, 0.25, 0.5, 0.0, 0.51, 0.33, NUC
0.81, 0.55, 0.35, 0.34, 0.5, 0.0, 0.51, 0.22, ME2
0.46, 0.43, 0.5, 0.24, 0.5, 0.0, 0.48, 0.31, CYT
0.68, 0.53, 0.44, 0.31, 0.5, 0.0, 0.51, 0.22, MIT
0.43, 0.48, 0.53, 0.18, 0.5, 0.0, 0.46, 0.22, NUC
0.4, 0.6, 0.5, 0.16, 0.5, 0.0, 0.51, 0.22, CYT
0.4, 0.66, 0.34, 0.21, 0.5, 0.0, 0.52, 0.26, NUC
0.61, 0.48, 0.56, 0.19, 0.5, 0.0, 0.53, 0.31, CYT
0.44, 0.56, 0.52, 0.18, 0.5, 0.0, 0.5, 0.11, CYT
0.44, 0.36, 0.64, 0.45, 0.5, 0.0, 0.53, 0.11, CYT
0.63, 0.64, 0.45, 0.26, 0.5, 0.0, 0.43, 0.22, CYT
0.4, 0.45, 0.61, 0.29, 0.5, 0.0, 0.44, 0.22, CYT
0.34, 0.34, 0.65, 0.4, 0.5, 0.0, 0.32, 0.16, CYT
0.56, 0.61, 0.52, 0.19, 0.5, 0.0, 0.52, 0.32, NUC
0.46, 0.39, 0.54, 0.22, 0.5, 0.0, 0.48, 0.25, CYT
0.37, 0.3, 0.62, 0.43, 0.5, 0.0, 0.44, 0.39, CYT
0.47, 0.58, 0.47, 0.52, 0.5, 0.0, 0.54, 0.22, MIT
0.54, 0.51, 0.56, 0.15, 0.5, 0.0, 0.54, 0.31, CYT
0.41, 0.4, 0.56, 0.17, 0.5, 0.0, 0.56, 0.22, CYT
0.8, 0.69, 0.53, 0.33, 0.5, 0.0, 0.51, 0.22, ME2
0.46, 0.5, 0.5, 0.28, 0.5, 0.0, 0.5, 0.37, NUC
0.77, 0.73, 0.49, 0.46, 0.5, 0.0, 0.38, 0.22, EXC
0.27, 0.46, 0.52, 0.17, 0.5, 0.0, 0.49, 0.44, NUC
0.49, 0.6, 0.54, 0.35, 0.5, 0.0, 0.53, 0.46, NUC
0.49, 0.48, 0.51, 0.21, 0.5, 0.0, 0.53, 0.22, NUC
0.61, 0.5, 0.61, 0.21, 0.5, 0.0, 0.55, 0.54, CYT
0.5, 0.52, 0.51, 0.22, 0.5, 0.0, 0.46, 0.37, CYT
0.53, 0.48, 0.51, 0.18, 0.5, 0.0, 0.52, 0.27, CYT
0.49, 0.55, 0.41, 0.19, 0.5, 0.0, 0.48, 0.31, ME3
0.41, 0.39, 0.61, 0.17, 0.5, 0.0, 0.5, 0.61, NUC
0.59, 0.48, 0.49, 0.42, 0.5, 0.0, 0.52, 0.22, CYT
0.41, 0.59, 0.65, 0.14, 0.5, 0.0, 0.49, 0.33, NUC
0.41, 0.46, 0.57, 0.25, 0.5, 0.0, 0.57, 0.38, CYT

