0, 4, 1, -3.39, -0.956, 0.476, 1.547, 0.658, 1.504, -0.65, -0.604, -0.295, 0.616, 0
0, 4, 1, -2.927, 2.202, -0.532, -0.486, -0.519, 0.585, 0.813, -0.133, -0.475, -0.349, 4
0, 4, 1, -3.587, 3.128, 0.885, -0.188, -1.164, -0.215, 0.051, 1.344, -0.641, -0.253, 6
0, 4, 1, -3.278, 0.324, 1.047, 1.152, 0.725, 0.168, -0.839, -0.381, -0.687, 0.013, 1
0, 4, 1, -4.21, 3.869, 0.164, -0.047, -1.251, -0.102, 0.276, 0.919, 0.091, -0.159, 7
0, 4, 1, -4.129, 2.686, 0.308, -0.125, 0.117, 0.393, 0.199, 0.308, -0.478, -0.909, 8
0, 4, 1, -3.693, -0.568, 0.727, 1.236, 0.612, 1.502, -0.804, -0.763, -0.346, 0.788, 0
0, 5, 1, -3.844, 1.056, -0.19, 1.685, 0.617, 1.245, -0.811, -0.506, -1.128, 0.076, 1
0, 5, 1, -2.875, 0.868, -0.728, 1.439, 0.355, 0.846, -0.378, -0.233, -1.072, 0.505, 2
0, 5, 1, -3.426, 0.584, -0.469, 1.776, 0.566, 1.686, 0.07, 0.081, -1.483, -0.141, 1
0, 5, 1, -3.124, 2.733, -0.857, -0.334, -0.312, 0.587, 0.849, 0.475, -0.174, -0.899, 6
0, 5, 1, -2.656, 1.263, -0.527, 0.464, -0.612, 0.668, -0.16, 0.857, -0.416, -0.596, 5
0, 5, 1, -3.404, 0.506, -0.591, 1.627, 0.66, 1.456, 0.068, 0.381, -1.494, -0.453, 1
0, 5, 1, -2.898, 2.421, -0.81, -0.043, -1.164, 0.448, 0.69, 0.218, -0.078, -0.876, 4
0, 6, 1, -2.708, 2.396, 0.728, 0.336, -1.437, -0.344, -0.411, 1.469, -0.022, -0.717, 6
0, 6, 1, -2.776, 2.563, 0.532, 0.277, -1.47, -0.368, -0.278, 1.479, -0.164, -0.797, 6
0, 6, 1, -2.812, 1.954, -0.661, 0.109, -0.011, 0.11, 0.187, 0.096, -1.538, 0.592, 10
0, 6, 1, -2.041, 2.119, -0.585, 0.549, -0.43, -0.291, -0.002, -0.234, -0.751, 0.253, 3
0, 7, 1, -4.471, 4.096, -0.809, -0.881, 0.646, 0.539, 0.04, 0.142, -1.555, -0.023, 8
0, 7, 1, -4.173, 2.299, -0.298, -0.13, 0.122, 0.319, -0.388, -0.328, -0.48, 0.99, 10
0, 7, 1, -4.395, 1.864, 0.503, 1.718, 0.241, -0.817, -0.672, -0.687, -0.449, 1.396, 1
0, 7, 1, -4.058, 1.072, 0.157, 1.136, 0.385, -0.687, -0.583, -0.185, -0.3, 1.177, 2
0, 7, 1, -3.631, 1.195, -0.719, 0.13, -0.065, 0.348, -0.061, 0.555, -0.594, 0.806, 3
0, 7, 1, -3.765, 1.97, -0.955, 0.304, -0.735, 0.41, 0.38, 0.146, -0.536, 0.738, 5
0, 7, 1, -4.151, 2.069, -0.605, 0.111, 0.41, 0.354, -0.284, -0.381, -0.507, 0.737, 10
0, 7, 1, -3.949, 2.99, -0.643, -0.986, -0.175, 0.768, 0.249, 0.803, -1.479, 0.168, 6
0, 7, 1, -4.471, 4.461, -1.887, -0.799, 0.719, 0.938, 0.239, 0.342, -1.036, -0.06, 7
0, 7, 1, -4.169, 1.799, -0.621, 0.025, 0.706, 0.362, -0.343, -0.049, -0.339, 0.22, 10
1, 8, 0, -1.768, 1.769, -1.142, -0.739, -0.086, 0.12, -0.23, 0.217, -0.009, -0.279, 3
1, 8, 0, -2.733, 1.088, 0.761, 1.694, -0.833, 0.292, -1.069, 0.266, 0.369, 1.034, 6
1, 8, 0, -2.698, -1.027, -0.94, 1.796, 0.392, 1.33, 0.866, 0.781, -0.838, -0.663, 0
1, 8, 0, -1.358, 0.136, -1.082, -0.148, -0.609, 1.464, 0.144, 1.149, 0.481, 0.119, 1
1, 8, 0, -4.717, 0.829, 0.853, 1.98, -0.546, 0.688, -0.434, -0.424, -0.636, 1.245, 9
1, 8, 0, -3.958, 4.132, -0.074, -0.19, -1.184, -0.11, -0.679, 1.198, 0.442, 0.563, 7
1, 9, 0, -3.262, 0.956, -0.791, 1.528, -0.021, 0.977, -0.121, 0.499, -0.99, -0.621, 1
1, 9, 0, -2.55, 2.391, -1.137, 0.09, -0.948, 0.217, 0.051, 0.723, -0.558, -0.204, 5
1, 9, 0, -2.008, 0.785, -1.489, 0.654, -0.685, 0.313, -0.085, 0.856, -0.516, -0.053, 2
1, 9, 0, -3.0, 0.042, -1.238, 1.529, 0.187, 2.028, 0.104, 0.759, -1.18, -0.634, 0
1, 9, 0, -3.587, 1.193, -0.617, 1.34, -0.022, 1.103, -0.072, 0.368, -0.854, -0.767, 1
1, 9, 0, -3.152, 3.176, -1.573, -0.204, -0.485, 0.723, 0.308, 0.652, -0.872, -0.586, 6
1, 9, 0, -1.948, 1.536, -1.012, 0.537, -1.229, 0.183, 0.46, -0.002, -0.178, -0.576, 3
1, 10, 0, -4.066, 0.398, -0.382, 1.679, 0.121, 1.617, 0.504, -0.315, -0.226, -0.873, 0
1, 10, 0, -2.695, 1.119, -0.986, 0.172, 0.499, 0.372, 0.088, 0.63, -0.721, -0.256, 2
1, 10, 0, -4.103, 3.812, 0.255, -0.103, -0.994, 0.097, -0.345, 2.039, 0.02, -0.43, 7
1, 10, 0, -4.611, 2.962, -0.856, 1.161, -0.612, 0.469, 0.162, 0.705, 0.37, -0.916, 9
1, 10, 0, -3.548, 1.611, -0.85, 0.374, 0.168, 0.318, 0.463, 0.863, -1.131, -0.334, 10
1, 10, 0, -2.395, 1.929, -1.496, 0.372, 0.065, 0.009, 0.149, 0.813, -0.484, -0.672, 3
1, 10, 0, -2.445, 2.678, -0.816, -0.743, 0.076, 1.117, -0.057, 0.018, 0.281, -0.72, 5
1, 10, 0, -2.316, 2.007, -1.365, 0.181, 0.206, 0.071, 0.037, 0.814, -0.332, -0.753, 3
1, 10, 0, -2.7, 2.686, -0.043, -0.528, -0.626, 0.917, 0.167, 0.652, 0.1, -0.937, 4
1, 10, 0, -3.878, 3.816, -0.155, -0.668, -1.207, 0.541, 0.022, 1.972, -0.029, -0.29, 7
1, 10, 0, -2.817, 1.268, -1.127, 0.707, 0.399, 0.406, 0.289, 0.319, -0.691, -0.379, 2
1, 10, 0, -4.122, 3.177, 0.529, -0.176, -1.307, 0.132, -0.279, 1.353, 0.458, -0.009, 7
1, 10, 0, -4.047, 2.626, -0.597, 0.823, -0.266, 0.048, 0.049, 0.882, 0.359, -0.203, 8
1, 11, 0, -2.377, -0.266, -1.371, 1.09, 0.24, 1.843, 0.107, 0.702, -1.256, -0.62, 0
1, 11, 0, -3.911, 3.703, -1.965, 0.132, -0.209, 0.929, 0.811, 0.495, -0.142, -0.519, 7
1, 11, 0, -4.028, 0.982, -0.648, 1.478, -0.048, 2.108, -0.146, 0.467, -0.654, -0.193, 9
1, 11, 0, -4.094, 3.586, -0.845, -0.026, -0.538, 0.964, 0.666, 0.647, -0.412, -0.477, 8
1, 11, 0, -4.039, 3.506, -0.964, 0.041, -0.4, 0.976, 0.65, 0.659, -0.216, -0.327, 8
1, 11, 0, -4.319, 1.338, -0.549, 1.678, 0.027, 1.922, -0.228, 0.161, -0.47, -0.442, 9
1, 11, 0, -2.733, 2.026, -0.71, 0.377, -0.774, 0.284, -0.469, 0.693, 0.205, -0.74, 4
1, 11, 0, -4.142, 3.454, -0.653, 0.271, -0.598, 0.793, 0.563, 0.52, -0.118, -0.33, 8
1, 11, 0, -3.407, 1.821, -0.675, 0.765, 0.256, 0.469, -0.09, 0.322, -0.387, -0.968, 10
1, 12, 1, -4.386, 3.055, 0.075, -0.018, -0.436, 0.566, -0.288, 0.936, -0.577, -1.01, 9
1, 12, 1, -2.762, 1.51, -0.145, 1.157, -0.256, 0.041, -0.647, -0.324, -0.128, 0.806, 2
1, 12, 1, -2.577, 2.449, -0.38, 0.174, -0.41, 0.383, 0.19, 0.097, -0.489, -0.084, 5
1, 12, 1, -2.026, 2.433, -0.411, 0.064, 0.223, -0.027, -0.424, -0.009, -0.305, 0.345, 3
1, 13, 1, -4.711, 1.166, 1.244, 1.746, 0.311, -0.305, -0.691, -0.137, -0.288, 1.023, 0
1, 13, 1, -4.039, 2.061, -0.727, 0.888, 0.302, 0.413, -0.381, -0.194, -0.614, 0.41, 8
1, 13, 1, -3.029, 1.747, -0.899, 0.674, -1.046, 0.558, 0.204, -0.155, -0.237, 0.655, 3
1, 13, 1, -3.206, 1.899, -0.933, 0.733, 0.261, 0.565, -0.225, -0.339, -0.677, 0.765, 5
1, 13, 1, -4.052, 2.335, -0.415, 0.732, 0.234, 0.426, -0.49, -0.218, -0.618, 0.34, 8
1, 13, 1, -4.763, 1.305, 1.231, 1.548, 0.308, -0.152, -0.792, -0.124, -0.107, 0.885, 0
1, 13, 1, -2.959, 1.061, -0.351, 1.745, -0.851, 0.344, -0.373, -0.729, 0.048, 0.815, 2
1, 13, 1, -3.52, 3.318, -1.867, 0.691, 0.263, 0.822, 0.14, -0.62, -1.098, 0.083, 6
1, 13, 1, -3.838, 4.252, -1.621, -0.219, -0.281, 0.856, 0.154, 0.133, -0.92, -0.454, 7
1, 13, 1, -2.902, 2.796, -1.199, 0.234, -0.821, 1.257, 0.263, -0.075, -1.103, 0.417, 4
1, 14, 1, -2.871, 3.13, -1.3, 0.008, -0.288, 0.483, 0.258, -0.342, -0.614, 0.83, 5
1, 14, 1, -4.049, 2.223, -0.076, 0.928, 0.692, 0.731, -0.931, -0.141, -1.087, -0.584, 9
1, 14, 1, -3.674, 1.513, 0.038, 1.604, 0.907, 1.045, -0.166, -0.295, -1.13, 0.594, 1
1, 14, 1, -3.32, 1.553, -0.586, 1.688, -0.262, 0.392, -0.478, -0.461, -0.522, 0.929, 2
1, 14, 1, -3.291, 2.324, -0.679, 0.285, 0.441, 0.557, -0.227, 0.115, -1.046, 0.697, 10
0, 0, 0, -3.74, 1.832, -1.384, 1.587, 0.049, 1.642, -0.516, 0.707, -0.169, -0.522, 9
0, 0, 0, -2.724, 2.067, -1.142, 0.923, -1.157, 1.17, -0.276, 0.172, -0.008, -0.649, 4
0, 0, 0, -2.911, 1.928, -1.131, 0.899, -0.911, 1.111, -0.208, -0.047, -0.029, -0.539, 4
0, 1, 0, -4.52, 2.231, -0.088, 0.513, -0.528, 1.246, 0.198, 0.242, 0.161, 0.769, 9
0, 1, 0, -3.088, 1.389, 0.048, -0.216, -0.329, 0.91, 0.045, -0.075, 0.101, -0.134, 10
0, 1, 0, -4.232, 3.035, 0.428, 0.497, -1.374, 0.549, 0.133, 0.232, 0.129, 0.487, 8
0, 1, 0, -2.748, 3.217, -0.976, -0.213, -0.792, 0.771, -0.032, 0.223, 0.043, -0.825, 4
0, 2, 0, -2.432, 2.126, -0.218, 1.422, -1.169, 0.41, -0.393, 1.326, -0.067, 0.225, 4
0, 2, 0, -3.972, 2.279, -0.62, 0.954, -1.09, 0.719, 0.717, 0.3, 1.309, 0.171, 9
0, 2, 0, -1.298, -0.295, -2.433, 0.955, -0.278, 2.252, 0.285, 0.915, -1.569, -0.562, 0
0, 2, 0, -3.834, 3.749, -0.183, 1.518, -1.585, -0.281, -0.334, 1.191, 0.425, -0.104, 7
0, 2, 0, -1.891, 1.776, -0.518, 1.461, -1.05, 0.567, -0.307, 1.152, -0.239, 0.325, 5
0, 2, 0, -2.562, 1.361, -0.94, 1.333, -1.047, 1.208, -0.316, 1.055, 0.354, -0.77, 10
0, 2, 0, -1.494, 0.663, -1.58, 1.191, -0.252, 1.777, -0.072, 1.189, -0.409, 0.09, 2
0, 3, 0, -2.089, 1.695, -0.528, -0.232, 0.385, -0.137, 0.033, 0.071, 0.033, -0.744, 3
0, 3, 0, -2.314, 1.494, 0.294, 0.245, -0.769, 0.05, -0.068, 0.819, 0.618, -0.572, 5
0, 3, 0, -3.062, 1.008, 0.935, 1.443, -0.579, 0.068, -1.333, 0.106, 0.958, 0.979, 6

