0, 3, 0, -1.933, 0.728, -1.015, 0.27, 0.199, 0.78, 0.192, 0.706, -0.446, -0.595, 2
0, 3, 0, -2.554, 1.532, 0.812, 0.367, -1.208, -0.352, -0.252, 0.894, 0.05, 0.084, 4
0, 3, 0, -3.246, 0.712, 0.39, 0.82, -1.352, 1.074, 0.197, 0.857, -0.056, 0.485, 8
0, 4, 1, -3.533, 2.319, 1.085, 0.247, -1.053, -0.429, -0.026, 1.305, -0.243, -0.671, 6
0, 4, 1, -4.079, 2.663, -0.048, -0.315, 0.234, 0.861, 0.335, 0.435, -0.546, -0.928, 8
0, 4, 1, -2.861, 2.091, -0.411, -0.438, -0.643, 0.317, 0.817, 0.104, -0.481, -0.252, 4
0, 4, 1, -3.049, 0.084, 0.981, 1.193, 0.761, 0.495, -0.714, -0.466, -0.568, -0.149, 1
0, 4, 1, -2.986, 2.072, -0.311, -0.083, -0.878, 0.449, 0.916, 0.082, -0.905, -0.109, 4
0, 4, 1, -2.711, 0.971, -0.023, 0.053, 0.101, -0.148, 0.382, 0.476, -1.05, -0.256, 10
0, 5, 1, -2.493, 1.382, -0.929, 0.465, -0.369, 0.002, 0.187, -0.696, -0.31, 0.348, 3
0, 5, 1, -2.693, 0.771, -0.87, 1.341, 0.317, 0.925, -0.328, -0.169, -0.936, 0.399, 2
0, 5, 1, -4.228, 3.111, -0.38, 1.16, -1.188, -0.362, 0.516, 0.507, 0.669, -0.074, 7
0, 5, 1, -2.859, 2.255, -0.676, 0.098, -1.086, 0.041, 0.732, 0.305, -0.141, -0.636, 4
0, 5, 1, -3.091, 0.935, -0.574, 1.36, 0.416, 0.764, -0.48, -0.144, -1.295, 0.696, 2
0, 5, 1, -3.005, 1.472, -0.716, 0.535, -0.392, 0.054, -0.054, -0.686, -0.29, 0.153, 3
0, 5, 1, -3.462, 2.648, -0.447, -0.0, -0.416, 0.767, 0.569, -0.072, -0.08, -0.798, 6
0, 6, 1, -3.984, 2.29, -0.103, -0.707, 0.297, 0.317, 0.857, 1.403, -1.253, -0.298, 8
0, 6, 1, -2.528, 1.288, -0.144, -0.171, -0.077, 0.26, -0.045, 0.681, -1.399, -0.066, 10
0, 6, 1, -2.665, 1.633, -0.384, -0.111, -0.001, 0.234, 0.033, 0.478, -1.558, 0.219, 10
0, 6, 1, -5.069, 2.119, 0.826, -0.274, 0.576, 0.145, 0.308, 1.001, -1.412, -0.306, 9
0, 6, 1, -4.247, -0.034, 0.248, 1.372, 1.831, 1.167, 0.087, -0.518, -0.316, 0.347, 0
0, 6, 1, -2.452, 0.279, -0.805, 1.141, 0.239, 0.176, -0.104, -0.752, -0.334, 0.731, 2
0, 6, 1, -4.2, 2.201, -0.31, -0.392, 0.968, 0.7, -0.328, 0.129, -0.896, 0.15, 8
0, 7, 1, -4.181, 1.646, 0.736, 1.286, 0.724, -0.511, -1.126, -0.45, -0.648, 0.995, 1
0, 7, 1, -3.753, 0.828, -0.042, 1.406, 0.209, -0.53, -0.52, -0.4, -0.386, 1.07, 2
0, 7, 1, -3.654, 1.222, -0.574, 0.248, -0.299, 0.158, 0.154, 0.553, -0.58, 0.617, 3
0, 7, 1, -4.474, 4.569, -1.069, -1.409, 0.137, 1.049, 0.071, 0.877, -1.355, -0.167, 7
0, 7, 1, -4.651, 4.246, -0.823, -0.831, 0.666, 0.546, -0.3, 0.094, -1.343, 0.185, 8
1, 8, 0, -1.149, -0.904, -1.988, 0.739, -0.06, 1.206, 0.864, 1.196, -0.3, -0.467, 0
1, 8, 0, -3.816, 3.426, 0.224, -0.384, -1.733, 0.434, -0.322, 1.333, 0.653, 0.577, 7
1, 8, 0, -2.592, 1.617, 0.267, 0.38, -0.777, 0.487, -0.206, 0.733, 0.592, -0.403, 5
1, 8, 0, -3.835, 3.339, 0.29, -0.126, -1.68, 0.195, -0.368, 1.328, 0.523, 0.861, 7
1, 8, 0, -1.89, 0.207, -1.161, 0.027, -0.047, 1.581, 0.277, 1.129, 0.366, -0.25, 1
1, 8, 0, -2.625, 1.551, 0.298, 0.324, -1.05, 0.746, 0.067, 0.603, 0.342, -0.413, 5
1, 8, 0, -1.793, 0.925, -0.739, -0.396, -0.211, 0.329, -0.403, 0.604, 0.197, -0.251, 3
1, 8, 0, -3.108, 0.926, -0.389, 0.249, -0.461, 0.816, -0.226, 0.818, 0.387, 0.303, 10
1, 8, 0, -1.53, 0.029, -0.925, 0.054, -0.565, 1.593, 0.123, 1.117, 0.338, 0.026, 1
1, 8, 0, -1.222, 0.491, -0.716, 0.004, -0.323, 1.108, -0.148, 0.773, 0.387, -0.073, 2
1, 8, 0, -2.968, 2.149, 0.13, 0.676, -0.79, 0.112, -0.507, 0.762, 0.625, -0.272, 4
1, 8, 0, -2.784, 1.43, 0.145, 0.309, -0.931, 1.342, 0.017, 0.589, -0.044, -0.273, 5
1, 9, 0, -3.297, 2.88, -0.859, -0.301, -1.02, 0.798, 0.288, 0.855, -0.528, -0.662, 6
1, 9, 0, -3.73, 1.872, -0.801, 0.555, -0.427, 0.791, 0.196, 0.65, -0.744, -0.372, 10
1, 9, 0, -3.339, 1.004, -0.747, 1.505, -0.068, 1.007, -0.017, 0.377, -0.775, -0.899, 1
1, 9, 0, -4.033, 4.071, -0.586, 0.127, -1.447, 0.62, 0.197, 0.711, 0.48, -0.306, 7
1, 9, 0, -4.718, 3.281, -0.203, 0.651, -0.883, 1.413, -0.663, 0.583, 0.237, -0.307, 9
1, 9, 0, -4.13, 3.291, -1.424, 0.359, -0.273, 1.297, -0.454, 0.62, -0.527, -0.709, 8
1, 10, 0, -2.303, 1.954, -1.493, 0.305, 0.047, 0.056, 0.026, 0.902, -0.522, -0.645, 3
1, 10, 0, -2.79, 2.665, 0.036, -0.44, -0.604, 0.811, 0.098, 0.723, 0.134, -0.91, 4
1, 10, 0, -3.896, 2.768, -0.816, -0.014, -0.125, 0.168, 0.307, 1.203, 0.246, -0.118, 8
1, 10, 0, -4.717, 3.059, -0.682, 0.532, -0.48, 0.731, 0.174, 0.493, 0.635, -0.473, 9
1, 10, 0, -3.644, -0.215, -0.579, 2.307, 0.046, 1.945, 0.28, 0.272, -0.539, -1.226, 0
1, 10, 0, -4.893, 3.37, -0.464, 0.538, -0.327, 0.496, 0.27, 0.47, 0.742, -0.141, 9
1, 11, 0, -2.58, 1.608, -0.311, 0.273, -0.148, 0.262, -0.062, 0.167, 0.337, -0.692, 5
1, 11, 0, -4.052, 3.747, -1.24, -0.299, -0.426, 0.917, 0.517, 0.716, -0.21, -0.125, 7
1, 11, 0, -4.494, 1.535, -0.495, 1.715, 0.044, 1.892, -0.367, 0.362, -0.583, -0.291, 9
1, 12, 1, -3.415, -0.538, 0.241, 2.038, 0.622, 1.027, -0.701, -0.66, -0.418, 0.781, 0
1, 12, 1, -2.247, 3.42, -0.887, -0.823, -0.297, 0.774, 0.185, -0.242, -0.79, 0.046, 4
1, 12, 1, -2.676, 1.411, -0.098, 1.047, -0.04, -0.131, -0.56, -0.03, -0.192, 0.705, 2
1, 12, 1, -3.49, -0.474, 0.187, 1.747, 0.733, 1.307, -0.816, -0.787, -0.222, 0.41, 0
1, 12, 1, -3.818, 3.159, -0.298, -0.058, -0.348, 0.194, 0.593, 0.211, 0.531, -0.014, 8
1, 12, 1, -2.708, 2.56, -0.439, 0.324, -0.348, 0.429, 0.091, -0.037, -0.434, 0.344, 5
1, 12, 1, -2.883, 3.576, -1.198, -0.562, -0.162, 0.974, 0.764, -0.03, -1.023, 0.346, 6
1, 12, 1, -3.39, 3.422, -0.718, -0.667, -0.871, 0.788, 0.959, 0.555, -0.482, -0.724, 7
1, 13, 1, -3.318, 3.395, -1.706, 0.753, -0.214, 1.431, -0.0, -0.192, -1.33, 0.03, 6
1, 13, 1, -4.08, 2.242, -0.28, 1.876, 0.72, -0.292, -0.537, -0.54, -0.663, 0.238, 9
1, 13, 1, -3.075, 1.824, -0.905, 0.727, 0.155, 0.608, -0.075, -0.377, -0.74, 0.852, 5
1, 13, 1, -4.045, 2.377, -0.3, 2.002, 0.826, -0.18, -0.768, -0.408, -0.787, 0.156, 9
1, 13, 1, -4.756, 1.197, 1.431, 1.54, 0.262, -0.277, -0.741, 0.075, -0.26, 0.876, 0
1, 13, 1, -3.371, 2.007, -0.919, 0.843, 0.221, 0.541, -0.317, -0.37, -0.5, 0.652, 5
1, 13, 1, -3.194, 1.589, -0.774, 0.814, -1.087, 0.618, 0.218, -0.45, -0.003, 0.526, 3
1, 13, 1, -4.687, 1.152, 1.089, 1.915, 0.201, -0.296, -0.692, -0.105, -0.143, 0.884, 0
1, 13, 1, -3.792, 4.29, -1.531, -0.125, -0.312, 0.624, 0.324, -0.053, -0.942, -0.301, 7
1, 14, 1, -3.074, 3.062, -1.47, -0.379, 0.233, 0.789, -0.099, -0.135, -0.395, 0.572, 4
1, 14, 1, -2.918, 2.897, -1.069, -0.077, -0.261, 0.55, 0.317, -0.322, -0.776, 0.79, 5
1, 14, 1, -4.094, 2.499, -0.149, 1.017, 0.683, 0.536, -1.023, -0.127, -1.142, -0.421, 9
1, 14, 1, -3.05, 3.055, -1.598, -0.12, 0.144, 0.757, 0.119, -0.397, -0.396, 0.477, 4
1, 14, 1, -2.938, 2.782, -1.111, -0.076, 0.0, 0.582, 0.252, -0.4, -0.773, 0.838, 5
1, 14, 1, -3.325, 2.141, -0.528, 0.439, 0.099, 0.321, 0.217, 0.135, -1.388, 0.746, 10
1, 14, 1, -3.546, 1.064, -0.006, 1.455, 0.847, 1.117, 0.073, -0.025, -1.318, 0.557, 1
0, 0, 0, -3.559, 2.126, -0.445, 1.053, -1.765, 0.349, 0.546, 0.321, 0.443, -0.118, 6
0, 1, 0, -1.372, -0.03, -1.003, -0.388, -0.471, 1.141, 0.654, 0.823, 0.558, 0.043, 1
0, 1, 0, -1.709, 0.486, -0.953, -0.346, 0.02, 0.786, 0.145, 0.564, -0.229, -0.322, 2
0, 1, 0, -4.323, 2.853, 0.385, 0.209, -1.096, 0.431, 0.119, 0.268, 0.131, 0.654, 8
0, 1, 0, -1.895, -0.012, -0.97, -0.152, -0.161, 1.509, 0.487, 0.809, 0.044, -0.264, 1
0, 1, 0, -1.945, 0.352, -1.053, -0.228, -0.12, 0.927, 0.088, 0.509, -0.279, -0.246, 2
0, 1, 0, -3.082, 1.633, -0.118, -0.147, -0.484, 1.176, -0.086, -0.072, 0.086, -0.564, 10
0, 2, 0, -3.813, 3.705, -0.157, 1.561, -1.503, -0.366, -0.581, 1.412, 0.29, -0.099, 7
0, 2, 0, -1.57, 1.655, -1.04, 1.16, -0.923, 0.961, -0.231, 0.955, -0.273, 0.065, 3
0, 2, 0, -2.704, 1.285, -0.908, 1.57, -0.84, 1.044, -0.399, 0.951, 0.345, -0.695, 10
0, 2, 0, -1.417, -0.319, -2.254, 1.072, -0.221, 2.268, 0.43, 0.923, -1.486, -0.698, 0
0, 2, 0, -2.624, 1.653, -0.156, 2.023, -1.052, 0.086, -0.752, 1.341, 0.196, 0.71, 6
0, 2, 0, -1.384, -0.321, -2.266, 0.937, -0.289, 2.29, 0.463, 1.096, -1.436, -0.701, 0
0, 2, 0, -1.475, 1.557, -1.009, 1.202, -0.846, 0.883, -0.138, 0.822, -0.165, 0.198, 3
0, 2, 0, -2.574, 1.814, -0.167, 1.826, -1.156, 0.12, -0.609, 1.543, 0.11, 0.75, 6
0, 2, 0, -4.386, 2.271, -0.157, 1.536, -0.614, 0.23, 0.57, -0.117, 1.074, 0.397, 9
0, 3, 0, -3.193, 2.026, 0.83, 0.813, -1.205, 0.036, -0.95, 0.786, 1.045, 0.21, 6
0, 3, 0, -1.425, 0.256, -1.13, -0.284, -0.394, 1.253, 0.306, 0.893, 0.272, -0.378, 1
0, 3, 0, -2.007, 1.814, -0.581, -0.027, 0.127, 0.081, 0.089, -0.016, 0.115, -0.719, 3
0, 3, 0, -2.608, 0.839, 0.203, 0.305, -0.851, 0.78, -0.143, 0.607, 0.344, 0.106, 10

