0, 3, 0, -1.537, 0.043, -1.125, -0.213, -0.378, 1.265, 0.33, 0.87, 0.293, -0.393, 1
0, 3, 0, -3.482, 1.127, 0.899, 1.993, -1.385, -0.05, -1.273, 0.647, 0.844, 1.044, 7
0, 4, 1, -2.497, 1.607, -0.621, -0.446, -0.226, -0.152, 1.16, 0.122, -0.809, 0.495, 5
0, 4, 1, -2.91, 0.918, -0.138, -0.382, 0.115, 0.29, 0.418, 0.757, -0.898, -0.189, 10
0, 4, 1, -3.439, 2.711, 1.067, 0.029, -1.12, -0.212, 0.062, 1.44, -0.353, -0.42, 6
0, 4, 1, -4.497, 3.018, 0.609, 0.115, 0.673, 0.709, -0.03, 0.861, -0.704, -1.038, 9
0, 5, 1, -3.236, 2.745, -0.806, -0.2, -0.386, 0.358, 0.889, 0.516, -0.297, -1.075, 6
0, 5, 1, -3.594, -0.137, -0.028, 1.018, 1.069, 0.723, 0.695, -0.982, -1.433, 0.249, 0
0, 5, 1, -2.511, 1.511, -0.555, 0.226, -0.735, 0.631, -0.006, 0.52, -0.138, -0.651, 5
0, 5, 1, -3.862, 1.801, -0.717, 1.133, -0.23, 0.922, -0.223, 1.264, 0.194, -0.935, 8
0, 6, 1, -2.488, 2.822, -0.239, -0.33, -1.355, 0.284, 0.101, 0.934, -0.966, -0.31, 4
0, 6, 1, -1.926, 2.172, -0.571, 0.257, -0.159, -0.493, 0.27, -0.153, -0.673, -0.005, 3
0, 6, 1, -2.415, 2.517, -0.285, 0.085, -0.902, 0.283, 0.302, 0.247, -1.207, 0.371, 5
0, 6, 1, -3.76, -0.32, -0.24, 1.273, 1.751, 1.125, 0.23, -0.723, -0.501, 0.315, 0
0, 6, 1, -5.08, 2.241, 0.971, -0.374, 0.501, 0.226, 0.144, 0.851, -1.319, -0.3, 9
0, 6, 1, -2.93, 2.014, -0.7, 0.206, -0.088, 0.153, 0.142, -0.031, -1.437, 0.615, 10
0, 7, 1, -3.133, 1.983, -1.398, 0.254, -0.667, 0.532, 0.389, -0.178, -0.584, 0.844, 5
0, 7, 1, -4.125, 2.3, -0.167, -0.27, 0.103, 0.32, -0.467, -0.254, -0.415, 0.863, 10
0, 7, 1, -3.975, 3.066, -0.506, -0.827, -0.478, 0.434, 0.356, 0.939, -1.309, 0.204, 6
0, 7, 1, -4.316, 1.409, 0.441, 1.819, 0.5, -0.617, -0.633, -0.621, -0.671, 1.193, 1
0, 7, 1, -3.597, 2.146, -1.492, -0.142, -0.297, 0.815, 0.87, -0.49, -0.471, 0.41, 4
0, 7, 1, -4.122, 1.735, -1.34, 0.615, 0.03, 0.353, 0.345, -0.104, -0.54, 0.988, 5
0, 7, 1, -4.261, 1.827, -0.482, -0.194, 0.731, 0.354, -0.478, 0.05, -0.112, 0.321, 10
1, 8, 0, -1.716, 1.186, -0.809, -0.515, -0.35, 0.29, -0.404, 0.678, 0.172, -0.212, 3
1, 8, 0, -3.366, -0.826, -0.405, 1.643, 0.603, 1.226, 0.524, 0.293, -0.858, -0.668, 0
1, 8, 0, -3.81, 1.91, 0.527, 0.478, -0.972, 0.945, -0.28, 0.719, 0.482, 0.829, 8
1, 8, 0, -3.073, 1.532, 0.949, 1.541, -1.058, 0.272, -0.961, 0.449, 0.619, 0.969, 6
1, 8, 0, -3.947, 2.102, 0.305, 0.462, -0.765, 1.037, -0.618, 0.741, 0.345, 0.269, 8
1, 9, 0, -1.993, 1.725, -1.13, 0.556, -1.223, 0.485, 0.211, -0.04, -0.294, -0.548, 3
1, 9, 0, -2.973, 0.036, -1.273, 1.519, 0.195, 1.98, 0.131, 0.832, -1.157, -0.547, 0
1, 9, 0, -4.049, 4.039, -0.558, 0.064, -1.676, 1.024, 0.047, 1.024, -0.091, -0.283, 7
1, 9, 0, -1.925, 1.517, -0.999, 0.634, -1.27, 0.207, 0.385, 0.004, -0.141, -0.624, 3
1, 9, 0, -2.797, 2.706, -1.936, 0.147, -0.921, 1.24, -0.082, -0.006, -0.214, -0.064, 4
1, 9, 0, -2.8, 2.609, -1.726, 0.036, -0.941, 1.039, 0.191, 0.044, -0.165, -0.234, 4
1, 9, 0, -4.074, 4.187, -0.555, 0.052, -1.603, 0.73, -0.061, 0.981, 0.249, -0.25, 7
1, 9, 0, -1.998, 1.497, -1.005, 0.519, -1.236, 0.398, 0.273, 0.151, -0.319, -0.49, 3
1, 9, 0, -2.914, 2.541, -1.567, 0.067, -1.051, 1.207, 0.006, 0.289, -0.325, -0.343, 4
1, 9, 0, -3.756, 2.204, -0.716, 0.529, -0.284, 1.121, 0.022, 0.127, -0.782, -0.394, 10
1, 10, 0, -3.045, 3.312, 0.171, -0.605, -1.027, 0.924, 0.353, 0.897, 0.365, -0.871, 6
1, 10, 0, -3.053, 0.716, -1.024, 1.422, 0.184, 1.473, 0.261, 0.983, -0.431, -0.717, 1
1, 10, 0, -2.615, 1.185, -1.162, 0.395, 0.459, 0.345, 0.298, 0.456, -0.62, -0.307, 2
1, 10, 0, -3.789, 1.42, -0.372, 0.568, 0.123, 0.185, 0.078, 1.006, -0.722, -0.391, 10
1, 11, 0, -2.941, 0.71, -0.855, 0.902, 0.635, 0.924, 0.466, 0.01, -0.342, -0.588, 1
1, 11, 0, -2.904, 0.458, -0.656, 0.832, 0.61, 0.805, 0.568, 0.041, -0.114, -0.615, 1
1, 11, 0, -2.729, 1.595, -0.15, 0.167, 0.015, 0.377, 0.083, -0.038, 0.166, -0.672, 5
1, 11, 0, -4.048, 3.753, -1.15, -0.209, -0.53, 0.871, 0.445, 0.716, -0.131, 0.139, 7
1, 11, 0, -4.457, 1.512, -0.514, 1.764, 0.063, 1.86, -0.332, 0.189, -0.521, -0.415, 9
1, 12, 1, -2.814, 1.515, -0.088, 0.597, -0.033, -0.29, -0.445, 0.113, -0.136, 0.662, 2
1, 12, 1, -4.471, 3.192, -0.161, 0.117, -0.327, 0.406, -0.201, 0.919, -0.716, -0.933, 9
1, 12, 1, -2.776, 3.557, -0.435, -1.044, -0.572, 1.273, 0.221, 0.295, -0.986, -0.04, 6
1, 12, 1, -3.376, 3.327, -0.797, -0.849, -0.681, 1.198, 0.838, 0.244, -0.298, -0.618, 7
1, 12, 1, -1.959, 2.285, -0.089, -0.262, -0.013, 0.019, -0.233, -0.068, -0.268, -0.022, 3
1, 12, 1, -2.879, 2.662, -0.572, 0.425, -0.248, 0.213, 0.176, -0.281, -0.404, 0.605, 5
1, 12, 1, -3.905, 3.147, -1.259, 0.304, -0.216, 1.055, 0.578, 0.353, -0.517, -0.871, 8
1, 13, 1, -4.057, 1.925, 0.521, 1.331, 0.273, -0.167, -0.365, -0.665, -0.512, 0.716, 1
1, 13, 1, -2.931, 1.85, -0.896, 0.685, -1.0, 0.504, 0.212, -0.276, -0.203, 0.595, 3
1, 13, 1, -3.747, 4.267, -1.847, -0.235, 0.38, 0.885, -0.049, -0.258, -0.772, -0.11, 7
1, 13, 1, -2.926, 2.673, -1.242, 0.396, -1.029, 1.548, 0.05, -0.592, -0.331, 0.595, 4
1, 13, 1, -3.797, 4.314, -1.596, -0.476, 0.044, 0.903, 0.129, -0.141, -0.646, -0.318, 7
1, 13, 1, -4.083, 2.193, -0.492, 0.695, 0.251, 0.423, -0.558, -0.123, -0.53, 0.376, 8
1, 13, 1, -2.964, 1.154, -0.373, 1.511, -0.583, 0.152, -0.012, -0.949, -0.054, 1.16, 2
1, 13, 1, -2.967, 2.781, -1.277, 0.354, -0.936, 1.505, -0.004, -0.418, -0.56, 0.725, 4
1, 13, 1, -2.965, 1.124, -0.349, 1.581, -0.666, 0.125, -0.025, -0.887, -0.13, 1.11, 2
1, 13, 1, -3.852, 4.214, -1.556, -0.336, -0.305, 1.133, -0.152, 0.237, -0.915, -0.445, 7
1, 13, 1, -3.985, 2.192, -0.426, 2.163, 1.114, 0.016, -0.846, -0.468, -0.858, 0.037, 9
1, 13, 1, -2.928, 2.83, -1.361, 0.323, -0.739, 1.431, 0.002, -0.172, -0.939, 0.607, 4
1, 13, 1, -4.062, 2.358, -0.31, 1.895, 1.095, 0.049, -0.87, -0.524, -0.98, -0.065, 9
1, 13, 1, -3.862, 2.109, -0.65, 0.99, 0.724, 0.641, -0.293, -0.519, -1.055, 0.653, 8
1, 14, 1, -3.441, 1.975, -0.395, 1.024, -0.052, -0.167, -0.445, 0.168, -0.684, 1.04, 2
1, 14, 1, -3.369, 1.784, -0.603, 1.303, 0.007, -0.044, -0.459, -0.012, -0.591, 1.047, 2
1, 14, 1, -3.432, 2.235, -0.753, 0.361, 0.435, 0.425, -0.193, 0.012, -1.166, 0.794, 10
1, 14, 1, -3.572, 0.228, 0.52, 1.791, 0.382, 0.573, -0.961, -0.74, -0.936, 1.007, 0
1, 14, 1, -4.211, 2.811, 0.016, 0.799, 0.514, 0.496, -1.219, -0.238, -0.798, -0.392, 9
1, 14, 1, -3.309, 2.256, -0.615, 0.365, 0.251, 0.439, 0.011, 0.119, -1.219, 0.695, 10
1, 14, 1, -3.753, 3.605, -0.899, -0.747, -0.401, 1.765, 0.62, 0.754, -0.835, -0.301, 7
0, 0, 0, -2.852, 1.914, -0.755, 0.825, -1.588, 0.855, 0.217, -0.246, 0.238, -0.365, 5
0, 0, 0, -3.482, 2.524, -0.433, 1.048, -1.995, 0.902, 0.322, 0.45, 0.377, -0.366, 6
0, 0, 0, -3.062, 0.351, -1.071, 1.061, -0.355, 1.99, -0.21, 0.796, -0.358, -0.299, 1
0, 0, 0, -2.289, 1.845, -1.616, 0.987, -0.876, 1.044, -0.549, 0.196, -0.07, -0.814, 3
0, 0, 0, -2.596, 1.56, -1.249, 0.656, -1.095, 1.292, -0.55, 1.006, -0.15, -0.553, 10
0, 0, 0, -3.604, 0.235, -0.836, 1.786, -0.153, 1.642, -0.096, 0.488, -0.524, -1.003, 0
0, 1, 0, -4.267, 3.01, 0.172, 0.028, -0.827, 0.532, 0.099, 0.326, 0.34, 0.696, 8
0, 1, 0, -3.054, 3.104, -0.513, -0.085, -0.952, 0.299, -0.269, 0.459, 0.892, -0.308, 6
0, 1, 0, -3.105, 2.916, -0.207, 0.031, -0.897, 0.021, -0.229, 0.256, 1.073, -0.065, 6
0, 1, 0, -4.158, -0.342, 0.9, 1.09, 0.56, 0.955, 0.395, -0.328, -1.52, -0.498, 0
0, 1, 0, -2.051, 1.508, -1.641, -0.058, -0.102, 0.346, -0.021, 0.109, -0.147, -0.298, 3
0, 2, 0, -2.227, 1.993, -0.156, 1.554, -1.19, 0.332, -0.548, 1.362, -0.013, 0.369, 4
0, 2, 0, -4.333, 2.438, -0.219, 1.372, -0.761, 0.306, 0.594, -0.022, 1.103, 0.19, 9
0, 2, 0, -0.961, 0.514, -1.951, 0.364, -0.68, 1.895, 0.047, 1.539, -0.63, 0.094, 1
0, 2, 0, -4.373, 2.463, -0.171, 1.501, -0.639, 0.292, 0.518, -0.114, 1.127, 0.332, 9
0, 2, 0, -3.545, 1.926, -0.512, 1.732, -1.109, 1.006, 0.021, 0.82, 0.731, -0.639, 8
0, 2, 0, -1.804, 1.556, -0.803, 1.388, -0.989, 0.751, -0.029, 0.963, -0.228, 0.297, 5
0, 3, 0, -1.507, -0.457, -1.728, 0.256, -0.081, 1.571, 0.556, 1.291, 0.121, -0.456, 0
0, 3, 0, -1.814, 0.923, -0.931, 0.12, 0.425, 0.554, 0.237, 0.426, -0.184, -0.727, 2
0, 3, 0, -1.764, 0.888, -1.001, 0.197, 0.3, 0.66, 0.159, 0.557, -0.301, -0.65, 2
0, 3, 0, -1.823, -0.578, -1.624, 0.52, 0.052, 1.711, 0.535, 1.318, -0.115, -0.505, 0
0, 3, 0, -1.45, 0.199, -1.127, -0.281, -0.372, 1.287, 0.369, 0.855, 0.303, -0.385, 1
0, 3, 0, -1.79, 0.793, -1.041, 0.214, 0.215, 0.694, 0.121, 0.583, -0.403, -0.487, 2
0, 3, 0, -3.155, 1.021, 0.455, 0.624, -1.306, 0.842, -0.123, 0.909, 0.328, 0.876, 8

