0, 4, 1, -3.162, -1.137, 0.3, 1.44, 0.688, 1.645, -0.447, -0.518, -0.52, 0.641, 0
0, 4, 1, -2.681, 0.531, 0.252, 1.239, 0.469, -0.339, -0.652, -0.417, -0.246, 0.412, 2
0, 4, 1, -2.445, 1.503, -0.677, -0.46, -0.14, -0.002, 1.014, 0.061, -0.599, 0.175, 5
0, 4, 1, -3.406, 2.403, 1.025, 0.108, -1.1, -0.316, 0.099, 1.541, -0.304, -0.671, 6
0, 4, 1, -3.02, 1.033, -0.238, -0.286, 0.088, 0.235, 0.372, 0.563, -1.027, -0.151, 10
0, 4, 1, -4.222, 3.886, 0.016, -0.144, -1.132, -0.053, 0.519, 1.024, 0.075, -0.226, 7
0, 4, 1, -3.293, 0.93, 0.522, 1.48, 0.249, -0.661, -0.643, -0.094, -0.132, 0.198, 2
0, 5, 1, -4.243, 3.354, -0.415, 0.898, -1.027, -0.281, 0.576, 0.48, 0.564, -0.085, 7
0, 5, 1, -3.268, -0.079, -0.693, 0.763, 1.043, 1.194, 0.892, -1.293, -1.033, 0.199, 0
0, 5, 1, -2.882, 2.165, -0.589, 0.173, -1.165, 0.014, 0.571, 0.502, -0.093, -0.616, 4
0, 5, 1, -2.497, 1.692, -0.607, 0.02, -0.71, 0.612, 0.093, 0.272, -0.06, -0.507, 5
0, 5, 1, -3.006, 1.407, -0.875, 0.945, -0.495, 0.721, 0.212, 0.75, -0.037, -1.054, 10
0, 5, 1, -4.836, 3.871, -0.684, 0.182, 0.349, -0.176, 0.317, 0.059, -0.024, -1.13, 9
0, 6, 1, -2.21, 0.661, -0.581, 1.139, 0.238, 0.074, -0.625, -0.366, -0.326, 0.557, 2
0, 6, 1, -1.885, 2.214, -0.673, 0.147, -0.148, -0.4, 0.252, -0.098, -0.874, 0.245, 3
0, 6, 1, -2.659, -0.101, -0.687, 0.697, 1.081, 1.045, -0.149, 0.184, -0.927, 0.327, 1
0, 6, 1, -2.729, 2.104, -0.505, 0.138, -0.533, 0.455, 0.148, -0.407, -1.059, 0.625, 5
0, 6, 1, -4.036, 2.141, -0.355, -0.602, 0.837, 0.663, -0.013, 0.507, -1.412, 0.21, 8
0, 6, 1, -4.687, 0.406, 0.889, 1.464, 1.618, 1.021, -0.121, -0.398, -0.307, 0.293, 0
0, 6, 1, -2.982, 2.001, -0.915, 0.188, 0.035, 0.467, -0.13, -0.689, -0.684, 0.664, 5
0, 7, 1, -3.581, 1.188, -0.958, 0.189, -0.077, 0.451, 0.049, 0.449, -0.676, 0.919, 3
0, 7, 1, -4.58, 4.116, -0.753, -0.849, 0.516, 0.498, 0.117, 0.181, -1.256, -0.119, 8
0, 7, 1, -3.622, 1.111, -0.972, 0.399, -0.402, 0.527, 0.271, 0.373, -0.716, 0.943, 3
0, 7, 1, -4.469, 4.348, -1.74, -0.886, 0.447, 0.883, 0.374, 0.577, -0.908, -0.089, 7
0, 7, 1, -4.426, 1.167, 0.008, 1.315, 0.189, -0.297, -0.124, -0.244, -0.423, 0.684, 2
1, 8, 0, -2.499, 0.119, -0.82, 0.346, 0.347, 1.696, 0.245, 0.689, -0.084, -0.596, 1
1, 8, 0, -3.915, 2.158, 0.781, 0.643, -1.023, 0.598, -0.718, 0.274, 0.376, 0.77, 8
1, 8, 0, -2.594, 0.621, -0.292, 0.521, 0.26, 1.204, -0.337, 0.261, -0.332, -0.51, 2
1, 8, 0, -2.484, 0.559, 0.624, 1.951, -0.646, 0.381, -1.106, 0.036, 0.24, 1.291, 6
1, 8, 0, -2.295, 0.883, -0.619, -0.041, 0.143, 0.378, -0.602, 0.335, -0.114, -0.391, 3
1, 9, 0, -2.785, 2.792, -1.924, 0.225, -0.985, 1.076, 0.07, -0.071, -0.257, -0.135, 4
1, 9, 0, -2.823, 2.743, -2.012, 0.234, -0.919, 1.103, 0.091, -0.177, -0.143, -0.09, 4
1, 9, 0, -4.782, 3.325, -0.071, 0.663, -0.913, 1.012, -0.033, -0.103, 0.483, -0.202, 9
1, 9, 0, -2.691, 2.111, -1.067, 0.174, -0.649, 0.431, -0.017, 0.655, -0.498, -0.292, 5
1, 9, 0, -3.735, 2.096, -0.818, 0.463, -0.221, 1.144, 0.023, 0.224, -0.745, -0.325, 10
1, 9, 0, -3.871, 1.694, -0.606, 1.428, 0.044, 0.844, -0.013, 0.126, -1.218, -0.553, 1
1, 9, 0, -2.937, 2.183, -1.291, 0.355, -0.372, 0.57, 0.045, 0.452, -0.705, -0.263, 5
1, 9, 0, -3.239, 2.916, -1.406, -0.455, -0.454, 1.219, 0.078, 0.383, -0.776, -0.413, 6
1, 10, 0, -3.707, 1.486, -0.494, 0.402, 0.183, 0.186, 0.234, 1.029, -0.856, -0.408, 10
1, 10, 0, -4.083, 2.315, -0.375, 0.52, -0.019, -0.211, -0.172, 1.054, 0.387, 0.168, 8
1, 10, 0, -3.661, 1.292, -0.433, 0.34, 0.098, 0.363, 0.246, 0.911, -0.415, -0.507, 10
1, 10, 0, -2.544, 2.725, -0.067, -0.787, -0.903, 0.97, 0.524, 0.32, 0.283, -0.822, 4
1, 11, 0, -2.012, 1.134, -1.029, 0.205, 0.661, 0.359, 0.456, 0.372, -0.939, -0.613, 2
1, 11, 0, -2.131, 1.487, -0.302, -0.272, 0.012, 0.067, 0.149, 0.022, -0.133, -0.322, 3
1, 11, 0, -3.242, 2.901, -0.632, -0.332, -0.421, 0.226, 0.536, 0.142, 0.623, -0.616, 6
1, 11, 0, -3.311, 2.946, -0.808, -0.3, -0.457, 0.324, 0.515, 0.149, 0.533, -0.718, 6
1, 12, 1, -3.012, 2.252, -0.806, 0.389, -0.11, 0.649, -0.328, 0.321, -0.559, 0.234, 10
1, 12, 1, -3.705, -0.204, 0.274, 1.569, 0.883, 1.366, -0.94, -0.691, -0.162, 0.598, 0
1, 12, 1, -4.283, 2.829, 0.296, 0.086, -0.544, 0.501, -0.317, 0.995, -0.34, -1.113, 9
1, 12, 1, -2.919, 3.48, -0.823, -0.751, -0.416, 1.045, 0.609, 0.18, -1.172, 0.123, 6
1, 12, 1, -4.299, 2.775, 0.244, 0.177, -0.436, 0.261, -0.308, 1.175, -0.227, -1.115, 9
1, 12, 1, -3.972, 3.24, -0.829, 0.069, -0.617, 0.977, 0.532, 0.498, -0.191, -0.91, 8
1, 12, 1, -3.292, 2.595, -0.578, 0.42, -0.233, 0.391, -0.241, 0.437, -0.541, -0.021, 10
1, 12, 1, -2.527, -0.926, -0.571, 1.613, 0.628, 1.229, -0.687, -0.808, -0.354, 0.625, 0
1, 13, 1, -3.483, 2.628, -0.383, 0.838, 0.2, 0.102, -0.162, -0.547, -0.791, 1.018, 10
1, 13, 1, -3.999, 2.138, 0.295, 1.086, 0.699, -0.127, -0.634, -0.4, -0.505, 0.856, 1
1, 13, 1, -3.963, 2.272, -0.534, 0.977, 0.329, 0.514, -0.363, -0.425, -0.712, 0.41, 8
1, 13, 1, -3.966, 2.003, 0.391, 1.034, 0.659, -0.191, -0.448, -0.397, -0.769, 0.969, 1
1, 13, 1, -3.456, 2.027, -0.862, 0.887, 0.281, 0.435, -0.307, -0.387, -0.6, 0.725, 5
1, 13, 1, -3.567, 2.081, -0.579, 0.845, 0.126, 0.381, -0.179, -0.51, -0.846, 0.987, 5
1, 13, 1, -4.118, 2.542, -0.2, 1.616, 1.106, -0.06, -0.728, -0.544, -0.912, -0.101, 9
1, 14, 1, -3.811, 2.123, 0.278, 1.552, 0.754, 0.492, -0.584, -0.433, -0.988, 0.652, 1
1, 14, 1, -3.059, 2.895, -0.847, -0.364, -0.484, 1.025, 0.502, 0.506, -0.733, 0.078, 6
1, 14, 1, -3.242, 1.615, -0.829, 1.589, 0.09, 0.051, -0.504, -0.211, -0.513, 1.005, 2
1, 14, 1, -3.052, 3.059, -1.668, -0.208, 0.466, 0.724, -0.237, -0.175, -0.315, 0.411, 4
1, 14, 1, -3.66, 3.618, -1.051, -0.748, 0.08, 1.022, 0.914, 0.613, 0.023, -0.448, 7
1, 14, 1, -4.145, 2.739, -0.115, 0.907, 0.669, 0.478, -1.183, -0.24, -0.887, -0.365, 9
1, 14, 1, -3.018, 3.014, -1.486, -0.105, -0.131, 0.929, 0.226, -0.463, -0.555, 0.598, 4
0, 0, 0, -2.304, 1.784, -1.506, 0.981, -0.961, 0.806, -0.294, -0.002, 0.119, -0.76, 3
0, 0, 0, -3.951, 2.25, 0.127, 1.772, -1.906, 0.567, -0.432, 1.045, 0.598, -0.293, 7
0, 0, 0, -3.635, 2.25, -0.394, 1.012, -1.693, 0.117, 0.665, 0.281, 0.343, -0.003, 6
0, 0, 0, -3.618, 1.576, -1.14, 0.699, -0.741, 1.633, -0.387, 1.086, 0.235, -0.388, 8
0, 0, 0, -2.69, 1.652, -1.261, 0.674, -0.964, 1.449, -0.593, 1.005, -0.303, -0.541, 10
0, 0, 0, -2.299, 1.848, -1.695, 1.065, -0.861, 1.047, -0.607, 0.313, -0.253, -0.759, 3
0, 0, 0, -3.459, 2.086, -0.595, 0.937, -1.841, 0.6, 0.457, 0.4, 0.473, -0.211, 6
0, 0, 0, -2.302, 0.85, -1.646, 0.455, -0.488, 1.491, -0.617, 0.819, -0.887, -0.08, 2
0, 0, 0, -3.065, 2.372, -1.002, 0.496, -1.295, 0.86, 0.327, -0.404, 0.067, -0.155, 5
0, 1, 0, -3.941, 3.353, 0.486, -0.506, -1.12, 0.101, 0.297, 0.711, -0.078, 0.648, 7
0, 1, 0, -4.473, 0.373, 0.858, 0.919, 0.778, 1.272, 0.653, -0.216, -0.891, -0.627, 0
0, 1, 0, -4.676, 2.537, 0.075, 0.73, -0.933, 1.493, 0.049, 0.076, 0.254, 0.276, 9
0, 1, 0, -4.477, 0.246, 1.087, 1.108, 0.682, 1.057, 0.424, -0.264, -1.195, -0.52, 0
0, 1, 0, -3.917, 3.496, 0.409, -0.531, -1.15, 0.017, 0.605, 0.977, -0.328, 0.447, 7
0, 1, 0, -4.759, 2.696, 0.104, 0.697, -0.787, 1.114, 0.205, -0.066, 0.369, 0.306, 9
0, 1, 0, -2.05, 0.065, -0.938, -0.037, 0.082, 1.561, 0.393, 0.835, -0.029, -0.394, 1
0, 1, 0, -1.978, 1.542, -1.487, -0.096, -0.025, 0.32, -0.063, 0.097, -0.073, -0.381, 3
0, 1, 0, -4.16, 3.329, 0.275, 0.394, -1.287, 0.693, 0.483, 0.121, 0.286, 0.153, 8
0, 2, 0, -1.393, -0.305, -2.29, 1.1, -0.254, 2.327, 0.363, 0.795, -1.521, -0.756, 0
0, 2, 0, -3.763, 3.252, -0.262, 1.52, -1.684, -0.225, 0.235, 0.989, 0.616, 0.046, 7
0, 2, 0, -3.549, 1.905, -0.509, 1.963, -1.2, 0.847, -0.157, 0.842, 0.625, -0.586, 8
0, 2, 0, -1.28, 0.798, -1.647, 0.968, -0.418, 1.609, -0.031, 1.224, -0.374, 0.044, 2
0, 2, 0, -3.693, 3.067, -0.273, 1.619, -1.905, 0.045, 0.006, 1.347, 0.346, 0.36, 7
0, 2, 0, -1.4, 0.316, -1.894, 0.83, -0.242, 2.038, 0.003, 1.667, -0.515, -0.087, 1
0, 2, 0, -1.512, 1.492, -1.053, 1.262, -0.809, 0.941, -0.122, 0.807, -0.206, 0.145, 3
0, 3, 0, -3.601, 0.742, -0.238, 0.332, -0.561, 1.275, -0.014, 0.844, 0.558, 0.659, 9
0, 3, 0, -2.559, 2.3, 0.408, -0.001, -1.077, 0.125, -0.254, 0.975, 0.07, -0.47, 4
0, 3, 0, -1.656, -0.496, -1.719, 0.363, -0.002, 1.637, 0.535, 1.319, -0.012, -0.49, 0
0, 3, 0, -1.388, 0.215, -1.105, -0.295, -0.39, 1.282, 0.356, 0.816, 0.292, -0.376, 1
0, 3, 0, -2.531, 1.802, 0.739, 0.236, -1.169, -0.069, -0.349, 0.903, 0.123, -0.119, 4
0, 3, 0, -2.475, 1.498, 0.864, 0.397, -1.17, -0.234, -0.388, 0.825, 0.16, 0.057, 4

