0.39, 1.0, 0.38, 0.41, 0.5, 0.0, 0.5, 0.27, MIT
0.34, 0.46, 0.52, 0.19, 0.5, 0.0, 0.53, 0.26, CYT
0.44, 0.51, 0.53, 0.3, 0.5, 0.0, 0.53, 0.22, CYT
0.65, 0.66, 0.37, 0.12, 0.5, 0.0, 0.52, 0.27, ME3
0.47, 0.52, 0.54, 0.25, 0.5, 0.0, 0.54, 0.29, MIT
0.85, 0.69, 0.34, 0.31, 0.5, 0.0, 0.57, 0.3, ME1
0.46, 0.56, 0.56, 0.25, 0.5, 0.0, 0.43, 0.22, NUC
0.37, 0.55, 0.52, 0.13, 0.5, 0.0, 0.42, 0.8, CYT
0.57, 0.51, 0.34, 0.13, 0.5, 0.0, 0.53, 0.27, MIT
0.49, 0.6, 0.54, 0.35, 0.5, 0.0, 0.53, 0.46, NUC
0.25, 0.33, 0.48, 0.18, 0.5, 0.0, 0.42, 0.33, NUC
0.5, 0.52, 0.51, 0.22, 0.5, 0.0, 0.46, 0.37, CYT
0.6, 0.46, 0.51, 0.1, 0.5, 0.0, 0.48, 0.31, CYT
0.44, 0.39, 0.63, 0.11, 0.5, 0.0, 0.49, 0.26, NUC
0.4, 0.65, 0.38, 0.17, 0.5, 0.0, 0.57, 0.22, ME3
0.48, 0.54, 0.56, 0.29, 0.5, 0.0, 0.51, 0.43, NUC
0.39, 0.39, 0.65, 0.16, 0.5, 0.0, 0.45, 0.22, CYT
0.43, 0.28, 0.41, 0.32, 0.5, 0.0, 0.52, 0.22, ME3
0.41, 0.49, 0.55, 0.13, 0.5, 0.0, 0.55, 0.22, CYT
0.41, 0.39, 0.61, 0.17, 0.5, 0.0, 0.5, 0.61, NUC
0.44, 0.65, 0.49, 0.16, 0.5, 0.0, 0.48, 0.31, NUC
0.42, 0.5, 0.59, 0.17, 0.5, 0.0, 0.51, 0.22, CYT
0.38, 0.42, 0.5, 0.19, 0.5, 0.0, 0.44, 0.22, CYT
0.79, 0.79, 0.42, 0.26, 0.5, 0.0, 0.6, 0.22, ME1
0.49, 0.5, 0.42, 0.43, 0.5, 0.0, 0.5, 0.36, VAC
0.33, 0.46, 0.53, 0.12, 0.5, 0.0, 0.5, 0.27, CYT
0.53, 0.42, 0.53, 0.19, 0.5, 0.0, 0.47, 0.22, CYT
0.34, 0.42, 0.48, 0.19, 0.5, 0.0, 0.46, 0.31, NUC
0.48, 0.39, 0.56, 0.23, 0.5, 0.0, 0.6, 0.22, CYT
0.36, 0.51, 0.51, 0.17, 0.5, 0.0, 0.52, 0.22, VAC
0.41, 0.48, 0.51, 0.2, 0.5, 0.0, 0.51, 0.22, CYT
1.0, 0.8, 0.29, 0.36, 0.5, 0.0, 0.52, 0.22, ME1
0.45, 0.51, 0.43, 0.22, 0.5, 0.0, 0.57, 0.22, NUC
0.49, 0.49, 0.4, 0.2, 0.5, 0.0, 0.48, 0.26, ME3
0.45, 0.39, 0.46, 0.29, 0.5, 0.0, 0.42, 0.22, MIT
0.69, 0.57, 0.39, 0.19, 0.5, 0.0, 0.48, 0.39, ME2
0.32, 0.45, 0.39, 0.14, 0.5, 0.0, 0.45, 0.22, ME3
0.28, 0.48, 0.36, 0.16, 0.5, 0.0, 0.53, 0.22, ME3
0.52, 0.65, 0.36, 0.26, 0.5, 0.0, 0.44, 0.22, ME3
0.64, 0.44, 0.56, 0.15, 0.5, 0.0, 0.56, 0.22, CYT
0.51, 0.46, 0.41, 0.36, 0.5, 0.0, 0.49, 0.22, ME3
0.41, 0.45, 0.46, 0.23, 0.5, 0.0, 0.5, 0.7, CYT
0.61, 0.48, 0.54, 0.25, 0.5, 0.0, 0.5, 0.22, CYT
0.38, 0.32, 0.64, 0.41, 0.5, 0.0, 0.44, 0.11, CYT
0.58, 0.51, 0.49, 0.27, 0.5, 0.0, 0.57, 0.29, CYT
0.48, 0.23, 0.57, 0.27, 0.5, 0.0, 0.48, 0.47, NUC
0.42, 0.35, 0.54, 0.18, 0.5, 0.0, 0.56, 0.22, CYT
0.52, 0.56, 0.54, 0.53, 0.5, 0.0, 0.45, 0.22, MIT
0.36, 0.49, 0.3, 0.22, 0.5, 0.0, 0.52, 0.31, ME3
0.39, 0.44, 0.28, 0.12, 0.5, 0.0, 0.46, 0.27, ME3
0.78, 0.48, 0.47, 0.3, 0.5, 0.0, 0.53, 0.47, ME2
0.57, 0.58, 0.58, 0.35, 0.5, 0.0, 0.49, 0.22, MIT
0.75, 0.67, 0.51, 0.29, 0.5, 0.0, 0.52, 0.36, MIT
0.75, 0.66, 0.64, 0.39, 0.5, 0.0, 0.46, 0.32, MIT
0.42, 0.28, 0.51, 0.23, 0.5, 0.0, 0.53, 0.27, NUC
0.47, 0.47, 0.54, 0.19, 0.5, 0.0, 0.51, 0.33, NUC
0.3, 0.33, 0.55, 0.12, 0.5, 0.0, 0.53, 0.38, CYT
0.55, 0.57, 0.51, 0.07, 0.5, 0.0, 0.55, 0.22, CYT
0.29, 0.26, 0.43, 0.17, 0.5, 0.0, 0.55, 0.3, ME3
0.43, 0.67, 0.48, 0.27, 0.5, 0.0, 0.53, 0.22, MIT
0.58, 0.47, 0.54, 0.11, 0.5, 0.0, 0.51, 0.26, NUC
0.46, 0.53, 0.52, 0.15, 0.5, 0.0, 0.58, 0.22, CYT
0.86, 0.68, 0.39, 0.24, 0.5, 0.0, 0.54, 0.22, ME2
0.41, 0.54, 0.39, 0.2, 0.5, 0.0, 0.51, 0.22, ME3
0.64, 0.59, 0.56, 0.23, 0.5, 0.0, 0.46, 0.22, CYT
0.6, 0.47, 0.45, 0.22, 0.5, 0.0, 0.51, 0.29, CYT
0.81, 0.85, 0.47, 0.37, 0.5, 0.0, 0.56, 0.22, EXC
0.69, 0.7, 0.52, 0.36, 0.5, 0.0, 0.46, 0.22, EXC
0.47, 0.52, 0.5, 0.4, 0.5, 0.0, 0.41, 0.22, CYT
0.44, 0.59, 0.36, 0.16, 0.5, 0.0, 0.52, 0.22, ME3
0.62, 0.51, 0.52, 0.42, 0.5, 0.0, 0.54, 0.27, NUC
0.35, 0.58, 0.54, 0.16, 0.5, 0.0, 0.51, 0.22, NUC
0.48, 0.54, 0.5, 0.17, 0.5, 0.0, 0.53, 0.22, NUC
0.26, 0.36, 0.47, 0.34, 0.5, 0.0, 0.53, 0.72, NUC
0.42, 0.31, 0.5, 0.15, 0.5, 0.0, 0.53, 0.22, NUC
0.71, 0.59, 0.48, 0.43, 0.5, 0.0, 0.59, 0.22, MIT
0.54, 0.49, 0.49, 0.2, 0.5, 0.0, 0.52, 0.22, CYT
0.31, 0.44, 0.53, 0.23, 0.5, 0.0, 0.51, 0.32, NUC
0.66, 0.45, 0.5, 0.23, 0.5, 0.0, 0.49, 0.22, CYT
0.48, 0.64, 0.61, 0.23, 0.5, 0.0, 0.6, 0.22, CYT
0.59, 0.5, 0.52, 0.28, 0.5, 0.0, 0.55, 0.25, CYT
0.52, 0.77, 0.38, 0.34, 0.5, 0.0, 0.51, 0.22, MIT
0.35, 0.66, 0.49, 0.21, 0.5, 0.0, 0.54, 0.25, CYT
0.53, 0.38, 0.66, 0.25, 0.5, 0.0, 0.43, 0.22, NUC
0.41, 0.45, 0.53, 0.17, 0.5, 0.0, 0.51, 0.25, NUC
0.46, 0.54, 0.71, 0.15, 0.5, 0.0, 0.59, 0.22, MIT
0.44, 0.53, 0.52, 0.23, 0.5, 0.83, 0.51, 0.22, POX
0.36, 0.68, 0.38, 0.08, 0.5, 0.0, 0.53, 0.25, VAC
0.27, 0.36, 0.6, 0.33, 0.5, 0.0, 0.37, 0.31, NUC
0.53, 0.61, 0.52, 0.21, 0.5, 0.0, 0.55, 0.3, NUC
0.52, 0.54, 0.5, 0.21, 0.5, 0.0, 0.48, 0.3, CYT
0.58, 0.6, 0.43, 0.12, 0.5, 0.0, 0.55, 0.22, ME3
0.57, 0.59, 0.44, 0.16, 0.5, 0.0, 0.52, 0.22, ME2
0.55, 0.46, 0.46, 0.31, 0.5, 0.0, 0.58, 0.48, NUC
0.58, 0.6, 0.51, 0.24, 0.5, 0.0, 0.53, 0.22, CYT
0.54, 0.55, 0.42, 0.22, 0.5, 0.0, 0.48, 0.22, ME3
0.81, 0.82, 0.41, 0.36, 0.5, 0.0, 0.39, 0.22, EXC
0.44, 0.44, 0.49, 0.15, 0.5, 0.0, 0.46, 0.27, NUC
0.5, 0.5, 0.48, 0.17, 0.5, 0.0, 0.47, 0.26, CYT
0.45, 0.56, 0.49, 0.17, 0.5, 0.0, 0.52, 0.22, CYT
0.6, 0.4, 0.59, 0.18, 0.5, 0.0, 0.48, 0.22, CYT
0.59, 0.43, 0.52, 0.19, 0.5, 0.0, 0.55, 0.27, CYT
0.49, 0.43, 0.48, 0.15, 0.5, 0.0, 0.55, 0.25, CYT
0.6, 0.48, 0.44, 0.52, 0.5, 0.0, 0.54, 0.63, NUC
0.51, 0.48, 0.58, 0.22, 0.5, 0.0, 0.5, 0.28, NUC
0.51, 0.52, 0.48, 0.5, 0.5, 0.0, 0.51, 0.22, MIT
0.67, 0.51, 0.53, 0.28, 0.5, 0.0, 0.51, 0.22, MIT
0.89, 0.81, 0.36, 0.71, 0.5, 0.0, 0.55, 0.63, ME1
0.42, 0.32, 0.61, 0.13, 0.5, 0.0, 0.14, 0.27, NUC
0.38, 0.49, 0.54, 1.0, 0.5, 0.0, 0.5, 0.27, CYT
0.43, 0.32, 0.56, 0.27, 0.5, 0.0, 0.47, 0.27, NUC
0.27, 0.56, 0.56, 0.18, 0.5, 0.0, 0.52, 0.22, CYT
0.52, 0.49, 0.57, 0.57, 0.5, 0.0, 0.51, 0.22, NUC
0.26, 0.38, 0.52, 0.36, 0.5, 0.0, 0.48, 0.56, NUC
0.32, 0.47, 0.55, 0.25, 0.5, 0.0, 0.49, 0.22, MIT
0.42, 0.5, 0.53, 0.22, 0.5, 0.83, 0.5, 0.22, POX
0.74, 0.56, 0.35, 0.36, 0.5, 0.0, 0.51, 0.25, ME2
0.59, 0.57, 0.43, 0.26, 0.5, 0.0, 0.51, 0.22, MIT
0.6, 0.62, 0.54, 0.4, 0.5, 0.0, 0.5, 0.22, MIT
0.52, 0.5, 0.59, 0.31, 0.5, 0.0, 0.5, 0.22, MIT
0.64, 0.64, 0.56, 0.21, 0.5, 0.0, 0.5, 0.22, MIT
0.65, 0.53, 0.55, 0.52, 0.5, 0.0, 0.47, 0.27, MIT
0.43, 0.4, 0.5, 0.18, 0.5, 0.0, 0.5, 0.28, CYT
0.53, 0.61, 0.51, 0.49, 0.5, 0.0, 0.54, 0.27, MIT
0.43, 0.28, 0.53, 0.34, 0.5, 0.0, 0.55, 0.57, NUC
0.45, 0.41, 0.58, 0.48, 0.5, 0.0, 0.53, 0.64, NUC
0.69, 0.62, 0.49, 0.0, 1.0, 0.0, 0.47, 0.22, NUC
0.41, 0.49, 0.58, 0.22, 0.5, 0.0, 0.52, 0.22, MIT
0.39, 0.28, 0.54, 0.14, 0.5, 0.0, 0.59, 0.22, MIT
0.33, 0.38, 0.45, 0.19, 0.5, 0.0, 0.54, 0.37, NUC
0.5, 0.57, 0.62, 0.25, 0.5, 0.0, 0.51, 0.22, MIT
0.74, 0.72, 0.5, 0.28, 0.5, 0.0, 0.5, 0.27, EXC
0.54, 0.53, 0.48, 0.14, 0.5, 0.0, 0.49, 0.33, NUC
0.46, 0.62, 0.54, 0.25, 0.5, 0.0, 0.46, 0.22, CYT
0.49, 0.45, 0.57, 0.24, 0.5, 0.0, 0.47, 0.38, NUC
0.28, 0.51, 0.55, 0.19, 0.5, 0.0, 0.57, 0.22, CYT
0.36, 0.33, 0.38, 0.15, 0.5, 0.0, 0.55, 0.36, ME3
0.29, 0.4, 0.41, 0.48, 0.5, 0.0, 0.53, 0.3, NUC
0.61, 0.39, 0.53, 0.14, 0.5, 0.0, 0.43, 0.26, NUC
0.39, 0.16, 0.59, 0.08, 0.5, 0.0, 0.51, 0.27, NUC
0.38, 0.4, 0.59, 0.25, 0.5, 0.0, 0.44, 0.22, CYT
0.43, 0.33, 0.54, 0.37, 0.5, 0.0, 0.38, 0.16, CYT
0.38, 0.44, 0.55, 0.44, 0.5, 0.0, 0.47, 0.51, NUC
0.52, 0.46, 0.56, 0.25, 0.5, 0.0, 0.52, 0.22, NUC
0.43, 0.33, 0.67, 0.12, 0.5, 0.0, 0.43, 0.23, CYT
0.69, 0.54, 0.55, 0.23, 0.5, 0.0, 0.73, 0.22, CYT
0.44, 0.62, 0.53, 0.27, 0.5, 0.0, 0.49, 0.22, NUC
0.52, 0.43, 0.61, 0.22, 0.5, 0.0, 0.45, 0.22, CYT

