0, 3, 0, -3.193, 2.026, 0.83, 0.813, -1.205, 0.036, -0.95, 0.786, 1.045, 0.21, 6
0, 3, 0, -2.058, -0.61, -1.497, 0.696, 0.072, 1.802, 0.626, 1.303, -0.192, -0.538, 0
0, 4, 1, -2.758, 2.067, -0.31, -0.543, -0.687, 0.091, 0.881, 0.172, -0.454, -0.093, 4
0, 4, 1, -2.861, 2.091, -0.411, -0.438, -0.643, 0.317, 0.817, 0.104, -0.481, -0.252, 4
0, 4, 1, -4.071, 2.754, -0.232, -0.262, 0.356, 0.694, 0.381, 0.5, -0.721, -0.859, 8
0, 4, 1, -3.128, 0.28, 0.955, 1.264, 0.753, 0.437, -0.841, -0.517, -0.473, 0.0, 1
0, 4, 1, -2.986, 2.072, -0.311, -0.083, -0.878, 0.449, 0.916, 0.082, -0.905, -0.109, 4
0, 5, 1, -4.694, 3.229, -1.153, 0.702, 0.452, 0.298, 0.454, 0.001, -0.264, -1.399, 9
0, 5, 1, -4.188, 3.229, -0.456, 1.077, -1.385, -0.104, 0.459, 0.558, 0.701, -0.32, 7
0, 5, 1, -3.594, -0.137, -0.028, 1.018, 1.069, 0.723, 0.695, -0.982, -1.433, 0.249, 0
0, 5, 1, -3.086, 1.01, -0.627, 1.508, 0.338, 0.747, -0.479, -0.323, -1.087, 0.645, 2
0, 5, 1, -2.75, 1.475, -0.848, 0.364, -0.275, 0.02, -0.003, -0.782, -0.291, 0.167, 3
0, 5, 1, -4.175, 3.32, -0.446, 0.988, -1.48, 0.133, 0.507, 0.605, 0.691, -0.462, 7
0, 5, 1, -2.656, 1.263, -0.527, 0.464, -0.612, 0.668, -0.16, 0.857, -0.416, -0.596, 5
0, 5, 1, -3.246, 2.796, -0.867, -0.205, -0.316, 0.808, 0.824, 0.062, -0.118, -0.749, 6
0, 6, 1, -4.964, 2.78, 0.474, 0.047, 0.417, -0.328, 0.334, 0.474, -1.26, -0.221, 9
0, 6, 1, -1.926, 2.172, -0.571, 0.257, -0.159, -0.493, 0.27, -0.153, -0.673, -0.005, 3
0, 6, 1, -5.02, 2.551, 0.562, -0.136, 0.531, -0.064, 0.373, 0.631, -1.407, -0.267, 9
0, 6, 1, -2.563, 2.829, -0.283, -0.368, -1.593, 0.408, 0.121, 0.933, -0.946, -0.356, 4
0, 6, 1, -4.417, 3.765, -1.225, -0.853, 0.041, 0.536, 0.885, 0.533, -0.757, -0.789, 7
0, 6, 1, -4.07, 2.254, -0.28, -0.722, 0.696, 0.683, 0.243, 0.689, -1.45, 0.19, 8
0, 6, 1, -5.158, 2.488, 1.064, -0.343, 0.352, 0.18, -0.05, 0.817, -1.308, -0.249, 9
0, 6, 1, -4.2, 2.201, -0.31, -0.392, 0.968, 0.7, -0.328, 0.129, -0.896, 0.15, 8
0, 7, 1, -5.058, 2.236, 1.381, 1.885, -0.259, -0.483, -0.562, 0.123, -0.063, 0.663, 0
0, 7, 1, -4.181, 1.646, 0.736, 1.286, 0.724, -0.511, -1.126, -0.45, -0.648, 0.995, 1
0, 7, 1, -3.749, 3.018, -0.755, -0.452, -0.666, 0.209, 0.741, 0.9, -1.613, 0.128, 6
0, 7, 1, -3.417, 1.984, -1.148, 0.234, -0.778, 0.411, 0.494, 0.13, -0.704, 0.764, 5
0, 7, 1, -3.887, 3.172, -0.739, -0.69, -0.548, 0.33, 0.569, 0.98, -1.609, 0.283, 6
0, 7, 1, -4.469, 4.348, -1.74, -0.886, 0.447, 0.883, 0.374, 0.577, -0.908, -0.089, 7
0, 7, 1, -3.597, 2.146, -1.492, -0.142, -0.297, 0.815, 0.87, -0.49, -0.471, 0.41, 4
1, 8, 0, -1.149, -0.904, -1.988, 0.739, -0.06, 1.206, 0.864, 1.196, -0.3, -0.467, 0
1, 8, 0, -2.613, -0.092, -0.54, 0.484, 0.389, 1.741, 0.198, 0.257, -0.375, -0.604, 1
1, 8, 0, -4.848, 1.115, 0.932, 1.615, -0.589, 0.592, -0.446, -0.366, -0.447, 1.294, 9
1, 8, 0, -2.594, 0.621, -0.292, 0.521, 0.26, 1.204, -0.337, 0.261, -0.332, -0.51, 2
1, 8, 0, -2.696, 1.26, 0.436, 0.657, -1.161, 0.805, 0.062, 0.575, 0.182, -0.334, 5
1, 8, 0, -4.756, 0.965, 0.959, 2.287, -0.527, 0.454, -0.41, -0.362, -0.862, 1.088, 9
1, 9, 0, -3.231, 3.003, -1.161, -0.315, -0.816, 0.87, 0.311, 0.677, -0.565, -0.7, 6
1, 9, 0, -4.139, 3.363, -1.464, 0.459, -0.066, 1.045, -0.146, 0.172, -0.124, -0.864, 8
1, 9, 0, -1.926, 0.689, -1.433, 0.716, -0.588, 0.269, -0.044, 0.716, -0.245, -0.285, 2
1, 9, 0, -3.871, 1.694, -0.606, 1.428, 0.044, 0.844, -0.013, 0.126, -1.218, -0.553, 1
1, 9, 0, -2.914, 2.541, -1.567, 0.067, -1.051, 1.207, 0.006, 0.289, -0.325, -0.343, 4
1, 10, 0, -4.052, 0.35, -0.314, 1.734, 0.127, 1.667, 0.512, -0.377, -0.358, -0.855, 0
1, 10, 0, -2.395, 1.929, -1.496, 0.372, 0.065, 0.009, 0.149, 0.813, -0.484, -0.672, 3
1, 10, 0, -2.445, 2.678, -0.816, -0.743, 0.076, 1.117, -0.057, 0.018, 0.281, -0.72, 5
1, 10, 0, -2.6, 1.219, -1.315, 0.589, 0.311, 0.364, 0.451, 0.35, -0.556, -0.314, 2
1, 10, 0, -2.444, 2.529, -0.487, -0.814, -0.151, 1.285, 0.077, -0.064, 0.287, -0.638, 5
1, 10, 0, -2.45, 1.993, -1.08, -0.09, 0.367, 0.324, -0.164, 0.684, -0.181, -1.013, 3
1, 11, 0, -2.012, 1.134, -1.029, 0.205, 0.661, 0.359, 0.456, 0.372, -0.939, -0.613, 2
1, 11, 0, -3.823, 3.536, -2.07, 0.245, -0.442, 1.125, 0.73, 0.538, -0.006, -0.64, 7
1, 11, 0, -3.265, 1.933, -0.316, 0.602, 0.438, 0.336, 0.048, 0.134, -0.16, -0.991, 10
1, 11, 0, -2.162, 1.533, -0.267, -0.287, -0.026, 0.122, 0.168, -0.024, -0.268, -0.27, 3
1, 11, 0, -3.329, 1.788, -0.517, 0.597, 0.503, 0.278, 0.121, 0.176, -0.159, -0.98, 10
1, 11, 0, -2.391, -0.347, -1.474, 0.843, 0.089, 2.021, 0.417, 0.502, -0.86, -0.978, 0
1, 11, 0, -2.385, 1.01, -0.754, 0.37, 0.785, 0.471, 0.415, 0.318, -0.797, -0.679, 2
1, 11, 0, -4.494, 1.535, -0.495, 1.715, 0.044, 1.892, -0.367, 0.362, -0.583, -0.291, 9
1, 12, 1, -2.247, 3.42, -0.887, -0.823, -0.297, 0.774, 0.185, -0.242, -0.79, 0.046, 4
1, 12, 1, -2.489, 2.401, -0.44, -0.367, -0.069, 0.533, 0.011, 0.118, -0.621, -0.188, 5
1, 12, 1, -3.067, 2.549, -0.851, 0.505, 0.044, 0.574, -0.377, 0.147, -0.606, 0.189, 10
1, 12, 1, -3.266, 0.577, -0.261, 1.481, 0.874, 0.301, -0.496, -0.012, -0.623, 0.879, 1
1, 12, 1, -1.959, 2.285, -0.089, -0.262, -0.013, 0.019, -0.233, -0.068, -0.268, -0.022, 3
1, 13, 1, -4.057, 1.925, 0.521, 1.331, 0.273, -0.167, -0.365, -0.665, -0.512, 0.716, 1
1, 13, 1, -3.483, 2.628, -0.383, 0.838, 0.2, 0.102, -0.162, -0.547, -0.791, 1.018, 10
1, 13, 1, -3.797, 4.314, -1.596, -0.476, 0.044, 0.903, 0.129, -0.141, -0.646, -0.318, 7
1, 13, 1, -3.999, 2.138, 0.295, 1.086, 0.699, -0.127, -0.634, -0.4, -0.505, 0.856, 1
1, 13, 1, -3.206, 1.899, -0.933, 0.733, 0.261, 0.565, -0.225, -0.339, -0.677, 0.765, 5
1, 13, 1, -4.763, 1.305, 1.231, 1.548, 0.308, -0.152, -0.792, -0.124, -0.107, 0.885, 0
1, 13, 1, -3.055, 1.4, -0.686, 0.964, -1.29, 0.545, 0.337, -0.299, -0.173, 0.69, 3
1, 13, 1, -3.194, 1.589, -0.774, 0.814, -1.087, 0.618, 0.218, -0.45, -0.003, 0.526, 3
1, 13, 1, -3.57, 3.41, -1.576, 0.563, 0.002, 0.759, 0.285, -0.466, -1.409, 0.586, 6
1, 13, 1, -3.862, 2.109, -0.65, 0.99, 0.724, 0.641, -0.293, -0.519, -1.055, 0.653, 8
1, 14, 1, -3.441, 1.975, -0.395, 1.024, -0.052, -0.167, -0.445, 0.168, -0.684, 1.04, 2
1, 14, 1, -2.871, 3.13, -1.3, 0.008, -0.288, 0.483, 0.258, -0.342, -0.614, 0.83, 5
1, 14, 1, -3.709, 1.665, 0.138, 1.551, 0.975, 0.923, -0.396, -0.234, -1.154, 0.736, 1
1, 14, 1, -2.643, 2.021, -1.265, 0.759, -0.442, 0.159, -0.032, -0.145, -0.164, 0.86, 3
1, 14, 1, -3.461, 0.04, 0.553, 1.854, 0.386, 0.568, -1.003, -0.638, -1.04, 1.051, 0
1, 14, 1, -3.743, 3.629, -0.874, -0.79, -0.312, 1.759, 0.679, 0.565, -0.521, -0.485, 7
1, 14, 1, -3.98, 2.459, 0.068, 0.023, 0.237, 1.029, -0.189, 0.521, -0.773, -0.5, 8
1, 14, 1, -3.291, 2.324, -0.679, 0.285, 0.441, 0.557, -0.227, 0.115, -1.046, 0.697, 10
0, 0, 0, -3.648, 1.812, -1.378, 1.578, 0.065, 1.577, -0.466, 0.702, 0.06, -0.836, 9
0, 0, 0, -2.54, 2.144, -1.024, 0.933, -1.567, 1.024, 0.188, -0.047, 0.309, -0.633, 4
0, 0, 0, -2.887, 2.131, -0.83, 0.682, -1.557, 0.818, 0.448, -0.382, 0.207, -0.402, 5
0, 0, 0, -3.635, 2.25, -0.394, 1.012, -1.693, 0.117, 0.665, 0.281, 0.343, -0.003, 6
0, 0, 0, -3.74, 1.832, -1.384, 1.587, 0.049, 1.642, -0.516, 0.707, -0.169, -0.522, 9
0, 0, 0, -3.062, 0.351, -1.071, 1.061, -0.355, 1.99, -0.21, 0.796, -0.358, -0.299, 1
0, 0, 0, -2.081, 1.05, -1.778, 0.411, -0.518, 1.46, -0.576, 0.735, -0.866, -0.172, 2
0, 0, 0, -2.724, 2.067, -1.142, 0.923, -1.157, 1.17, -0.276, 0.172, -0.008, -0.649, 4
0, 0, 0, -3.459, 2.086, -0.595, 0.937, -1.841, 0.6, 0.457, 0.4, 0.473, -0.211, 6
0, 1, 0, -4.161, 2.937, 0.157, 0.336, -0.968, 0.641, 0.088, 0.237, 0.565, 0.823, 8
0, 1, 0, -4.275, 0.162, 0.728, 0.662, 0.94, 1.269, 0.711, 0.073, -0.827, -0.655, 0
0, 1, 0, -1.709, 0.486, -0.953, -0.346, 0.02, 0.786, 0.145, 0.564, -0.229, -0.322, 2
0, 1, 0, -4.323, 2.853, 0.385, 0.209, -1.096, 0.431, 0.119, 0.268, 0.131, 0.654, 8
0, 1, 0, -3.917, 3.496, 0.409, -0.531, -1.15, 0.017, 0.605, 0.977, -0.328, 0.447, 7
0, 1, 0, -3.082, 1.633, -0.118, -0.147, -0.484, 1.176, -0.086, -0.072, 0.086, -0.564, 10
0, 1, 0, -3.058, 1.678, -0.351, -0.255, 0.038, 0.692, -0.173, 0.226, 0.202, -0.593, 10
0, 2, 0, -3.813, 3.705, -0.157, 1.561, -1.503, -0.366, -0.581, 1.412, 0.29, -0.099, 7
0, 2, 0, -2.979, 1.795, -0.87, 1.427, -0.93, 1.323, -0.212, 1.286, -0.135, -0.496, 10
0, 2, 0, -3.33, 1.529, -0.552, 2.023, -0.845, 0.016, 0.049, 0.512, 0.396, 0.386, 8
0, 2, 0, -2.867, 1.391, -0.817, 1.595, -0.883, 1.143, -0.427, 1.159, 0.17, -0.456, 10
0, 2, 0, -2.679, 1.731, -0.09, 2.003, -1.009, 0.038, -0.822, 1.232, 0.128, 0.72, 6

