0, 3, 0, -1.823, -0.578, -1.624, 0.52, 0.052, 1.711, 0.535, 1.318, -0.115, -0.505, 0
0, 3, 0, -2.475, 1.498, 0.864, 0.397, -1.17, -0.234, -0.388, 0.825, 0.16, 0.057, 4
0, 3, 0, -2.933, 0.717, 0.829, 1.508, -0.517, 0.069, -1.163, 0.021, 0.866, 1.066, 6
0, 3, 0, -1.537, 0.043, -1.125, -0.213, -0.378, 1.265, 0.33, 0.87, 0.293, -0.393, 1
0, 3, 0, -3.482, 1.127, 0.899, 1.993, -1.385, -0.05, -1.273, 0.647, 0.844, 1.044, 7
0, 3, 0, -3.246, 0.712, 0.39, 0.82, -1.352, 1.074, 0.197, 0.857, -0.056, 0.485, 8
0, 4, 1, -3.034, -1.274, 0.263, 1.521, 0.66, 1.622, -0.361, -0.468, -0.74, 0.517, 0
0, 4, 1, -3.224, 0.487, 0.822, 1.324, 0.753, 0.352, -0.976, -0.562, -0.489, 0.172, 1
0, 4, 1, -2.837, 0.528, 0.241, 1.629, 0.23, -0.545, -0.643, -0.231, -0.186, 0.45, 2
0, 4, 1, -3.278, 0.324, 1.047, 1.152, 0.725, 0.168, -0.839, -0.381, -0.687, 0.013, 1
0, 4, 1, -3.682, 3.672, 0.041, -0.508, -0.905, 0.028, 0.492, 0.654, -0.722, -0.318, 6
0, 4, 1, -3.253, 1.025, -0.286, 0.713, -0.036, 0.539, 0.476, -0.116, -0.945, -0.108, 5
0, 5, 1, -3.844, 1.056, -0.19, 1.685, 0.617, 1.245, -0.811, -0.506, -1.128, 0.076, 1
0, 5, 1, -2.905, 2.311, -0.658, 0.022, -1.121, 0.25, 0.467, 0.484, -0.157, -0.676, 4
0, 5, 1, -3.236, 2.745, -0.806, -0.2, -0.386, 0.358, 0.889, 0.516, -0.297, -1.075, 6
0, 5, 1, -3.046, 1.462, -0.823, 0.935, -0.44, 0.849, 0.085, 0.865, -0.178, -0.954, 10
0, 5, 1, -3.124, 2.733, -0.857, -0.334, -0.312, 0.587, 0.849, 0.475, -0.174, -0.899, 6
0, 5, 1, -3.005, 1.472, -0.716, 0.535, -0.392, 0.054, -0.054, -0.686, -0.29, 0.153, 3
0, 6, 1, -2.665, 1.633, -0.384, -0.111, -0.001, 0.234, 0.033, 0.478, -1.558, 0.219, 10
0, 6, 1, -4.107, 2.17, 0.206, -0.811, 0.334, 0.633, 0.402, 1.097, -1.327, -0.04, 8
0, 6, 1, -2.812, 1.954, -0.661, 0.109, -0.011, 0.11, 0.187, 0.096, -1.538, 0.592, 10
0, 6, 1, -3.152, 0.086, -0.325, 0.868, 1.084, 0.753, -0.522, -0.005, -0.821, 0.483, 1
0, 6, 1, -2.558, 0.755, -0.66, 1.366, 0.038, -0.011, -0.443, -0.531, -0.062, 0.418, 2
0, 6, 1, -2.01, 2.164, -0.626, 0.389, -0.24, -0.441, 0.103, -0.27, -0.647, 0.165, 3
0, 6, 1, -2.521, 2.271, -0.277, 0.27, -0.909, 0.274, 0.348, -0.028, -1.177, 0.432, 5
0, 6, 1, -3.025, 2.711, -0.147, -0.034, -1.34, 0.049, 0.364, 1.099, -1.02, -0.652, 6
0, 6, 1, -4.415, 3.737, -1.313, -0.815, 0.168, 0.59, 0.975, 0.42, -0.825, -0.748, 7
0, 6, 1, -2.907, 1.992, -0.904, 0.205, 0.011, 0.346, -0.031, -0.148, -1.262, 0.487, 10
0, 7, 1, -3.654, 1.222, -0.574, 0.248, -0.299, 0.158, 0.154, 0.553, -0.58, 0.617, 3
0, 7, 1, -3.975, 3.066, -0.506, -0.827, -0.478, 0.434, 0.356, 0.939, -1.309, 0.204, 6
0, 7, 1, -5.143, 2.051, 1.216, 1.898, -0.555, -0.466, -0.842, 0.011, 0.461, 0.193, 0
0, 7, 1, -4.403, 1.409, 0.551, 1.496, 0.673, -0.616, -0.787, -0.382, -0.696, 1.139, 1
0, 7, 1, -5.04, 5.074, -1.721, -0.264, 0.279, 0.176, 0.003, -0.609, -0.177, 0.422, 9
1, 8, 0, -3.816, 3.426, 0.224, -0.384, -1.733, 0.434, -0.322, 1.333, 0.653, 0.577, 7
1, 8, 0, -2.499, 0.119, -0.82, 0.346, 0.347, 1.696, 0.245, 0.689, -0.084, -0.596, 1
1, 8, 0, -2.592, 1.617, 0.267, 0.38, -0.777, 0.487, -0.206, 0.733, 0.592, -0.403, 5
1, 8, 0, -2.677, 0.486, -0.061, 0.517, 0.222, 1.102, -0.425, -0.096, -0.373, -0.484, 2
1, 8, 0, -3.366, -0.826, -0.405, 1.643, 0.603, 1.226, 0.524, 0.293, -0.858, -0.668, 0
1, 8, 0, -1.53, 0.029, -0.925, 0.054, -0.565, 1.593, 0.123, 1.117, 0.338, 0.026, 1
1, 8, 0, -2.71, 0.809, 0.754, 1.903, -0.764, 0.378, -1.123, 0.162, 0.405, 1.163, 6
1, 8, 0, -2.295, 0.883, -0.619, -0.041, 0.143, 0.378, -0.602, 0.335, -0.114, -0.391, 3
1, 9, 0, -3.73, 1.872, -0.801, 0.555, -0.427, 0.791, 0.196, 0.65, -0.744, -0.372, 10
1, 9, 0, -3.019, 0.058, -1.265, 1.497, 0.171, 1.997, 0.178, 0.847, -1.16, -0.548, 0
1, 9, 0, -2.008, 0.785, -1.489, 0.654, -0.685, 0.313, -0.085, 0.856, -0.516, -0.053, 2
1, 9, 0, -4.033, 4.071, -0.586, 0.127, -1.447, 0.62, 0.197, 0.711, 0.48, -0.306, 7
1, 9, 0, -4.718, 3.281, -0.203, 0.651, -0.883, 1.413, -0.663, 0.583, 0.237, -0.307, 9
1, 9, 0, -1.928, 1.578, -0.997, 0.672, -1.287, 0.381, 0.249, 0.006, -0.167, -0.637, 3
1, 9, 0, -2.561, 2.191, -0.955, 0.214, -0.841, 0.386, -0.083, 0.74, -0.612, -0.196, 5
1, 9, 0, -1.948, 1.536, -1.012, 0.537, -1.229, 0.183, 0.46, -0.002, -0.178, -0.576, 3
1, 9, 0, -2.8, 2.609, -1.726, 0.036, -0.941, 1.039, 0.191, 0.044, -0.165, -0.234, 4
1, 9, 0, -4.074, 4.187, -0.555, 0.052, -1.603, 0.73, -0.061, 0.981, 0.249, -0.25, 7
1, 9, 0, -2.029, 0.698, -1.482, 0.813, -0.681, 0.422, 0.016, 0.751, -0.3, -0.237, 2
1, 10, 0, -4.103, 3.812, 0.255, -0.103, -0.994, 0.097, -0.345, 2.039, 0.02, -0.43, 7
1, 10, 0, -3.863, 3.245, -0.996, 0.486, -0.348, 0.19, 0.558, 1.342, 0.176, -0.318, 8
1, 10, 0, -3.894, 0.117, -0.407, 1.973, 0.043, 1.891, 0.411, -0.095, -0.436, -1.015, 0
1, 10, 0, -3.983, 3.695, 0.096, -0.333, -1.01, 0.169, -0.108, 1.674, 0.262, -0.231, 7
1, 10, 0, -4.617, 3.033, -0.909, 0.604, -0.341, 0.636, 0.294, 0.527, 0.48, -0.558, 9
1, 10, 0, -3.896, 2.768, -0.816, -0.014, -0.125, 0.168, 0.307, 1.203, 0.246, -0.118, 8
1, 10, 0, -4.083, 2.315, -0.375, 0.52, -0.019, -0.211, -0.172, 1.054, 0.387, 0.168, 8
1, 10, 0, -4.805, 3.228, -0.501, 0.602, -0.532, 0.745, 0.09, 0.445, 0.756, -0.42, 9
1, 10, 0, -3.661, 1.292, -0.433, 0.34, 0.098, 0.363, 0.246, 0.911, -0.415, -0.507, 10
1, 10, 0, -2.544, 2.725, -0.067, -0.787, -0.903, 0.97, 0.524, 0.32, 0.283, -0.822, 4
1, 10, 0, -4.047, 2.626, -0.597, 0.823, -0.266, 0.048, 0.049, 0.882, 0.359, -0.203, 8
1, 11, 0, -4.138, 1.128, -0.601, 1.553, -0.019, 2.039, -0.176, 0.262, -0.551, -0.362, 9
1, 11, 0, -2.318, 1.097, -0.832, 0.26, 0.821, 0.588, 0.402, 0.327, -0.852, -0.773, 2
1, 11, 0, -2.729, 1.595, -0.15, 0.167, 0.015, 0.377, 0.083, -0.038, 0.166, -0.672, 5
1, 12, 1, -2.027, 2.157, -0.297, -0.211, -0.266, 0.086, -0.176, -0.179, -0.283, 0.292, 3
1, 12, 1, -3.705, -0.204, 0.274, 1.569, 0.883, 1.366, -0.94, -0.691, -0.162, 0.598, 0
1, 12, 1, -3.909, 3.674, -0.648, 0.088, -0.365, 0.199, 0.424, 0.336, -0.012, -0.252, 8
1, 12, 1, -1.899, 2.135, 0.092, -0.11, -0.145, 0.081, -0.067, -0.104, -0.408, -0.099, 3
1, 12, 1, -2.577, 2.449, -0.38, 0.174, -0.41, 0.383, 0.19, 0.097, -0.489, -0.084, 5
1, 12, 1, -3.818, 3.159, -0.298, -0.058, -0.348, 0.194, 0.593, 0.211, 0.531, -0.014, 8
1, 12, 1, -2.852, -0.805, -0.313, 1.565, 0.688, 1.467, -0.664, -0.916, -0.279, 0.489, 0
1, 12, 1, -2.851, 1.412, -0.184, 1.281, 0.0, -0.146, -0.172, -0.419, -0.307, 0.874, 2
1, 12, 1, -2.818, 3.685, -1.413, -0.558, 0.025, 0.871, 0.688, -0.144, -0.93, 0.282, 6
1, 12, 1, -3.396, 3.867, -1.029, -0.603, -0.573, 0.78, 1.209, 0.228, -0.673, -0.562, 7
1, 13, 1, -2.942, 2.642, -1.217, 0.384, -0.994, 1.467, 0.134, -0.458, -0.465, 0.646, 4
1, 13, 1, -3.075, 1.824, -0.905, 0.727, 0.155, 0.608, -0.075, -0.377, -0.74, 0.852, 5
1, 13, 1, -4.001, 2.284, -0.365, 2.106, 1.006, -0.028, -0.825, -0.39, -0.898, 0.099, 9
1, 13, 1, -3.99, 2.008, 0.503, 0.845, 0.774, -0.114, -0.641, -0.282, -0.734, 0.877, 1
1, 13, 1, -3.004, 1.09, -0.328, 1.652, -0.679, 0.287, -0.297, -0.695, -0.145, 0.71, 2
1, 13, 1, -3.636, 2.719, -0.178, 0.665, 0.099, -0.084, -0.333, -0.362, -1.049, 0.978, 10
1, 14, 1, -4.145, 2.739, -0.115, 0.907, 0.669, 0.478, -1.183, -0.24, -0.887, -0.365, 9
1, 14, 1, -3.018, 3.014, -1.486, -0.105, -0.131, 0.929, 0.226, -0.463, -0.555, 0.598, 4
1, 14, 1, -3.002, 2.944, -1.379, -0.188, -0.131, 0.957, 0.346, -0.392, -0.711, 0.617, 4
0, 0, 0, -3.032, 1.739, -1.141, 0.737, -0.834, 1.386, -0.575, 0.679, -0.018, -0.823, 10
0, 0, 0, -3.673, 1.811, -1.405, 1.621, 0.044, 1.572, -0.453, 0.745, -0.066, -0.733, 9
0, 0, 0, -3.543, 1.391, -1.22, 0.699, -0.769, 1.579, -0.379, 1.158, 0.181, -0.178, 8
0, 0, 0, -3.141, 1.873, -1.131, 0.941, -0.759, 1.224, -0.354, 0.016, -0.218, -0.568, 4
0, 1, 0, -2.67, 2.696, -0.231, -0.028, -1.014, 0.486, -0.137, 0.448, 0.285, -0.482, 4
0, 1, 0, -4.65, 2.455, 0.013, 0.681, -0.8, 1.434, 0.126, 0.036, 0.382, 0.278, 9
0, 1, 0, -4.473, 0.373, 0.858, 0.919, 0.778, 1.272, 0.653, -0.216, -0.891, -0.627, 0
0, 1, 0, -3.84, 3.745, 0.121, -0.656, -1.066, 0.329, 0.734, 0.875, -0.295, 0.418, 7
0, 1, 0, -2.945, 1.724, -0.312, -0.239, -0.447, 1.36, 0.014, -0.102, 0.021, -0.564, 10
0, 1, 0, -2.351, 1.53, 0.086, -0.075, -0.426, 0.125, -0.197, 0.033, 0.848, -0.038, 5
0, 2, 0, -1.768, 0.786, -1.468, 1.077, -0.347, 1.704, -0.171, 1.076, -0.691, -0.06, 2
0, 2, 0, -1.475, 1.557, -1.009, 1.202, -0.846, 0.883, -0.138, 0.822, -0.165, 0.198, 3
0, 2, 0, -1.824, 1.682, -0.669, 1.483, -1.036, 0.711, -0.249, 1.193, -0.274, 0.224, 5
0, 2, 0, -2.574, 1.814, -0.167, 1.826, -1.156, 0.12, -0.609, 1.543, 0.11, 0.75, 6

