0, 2, 0, -2.52, 1.52, -0.959, 1.296, -1.103, 1.149, -0.268, 1.249, 0.092, -0.682, 10
0, 3, 0, -2.026, 1.75, -0.526, -0.131, 0.266, -0.055, 0.084, 0.063, 0.047, -0.691, 3
0, 3, 0, -3.57, 1.366, 0.97, 1.957, -1.262, 0.002, -1.275, 0.585, 0.754, 0.993, 7
0, 3, 0, -2.507, 1.528, 0.852, 0.331, -1.231, -0.259, -0.265, 0.856, 0.07, 0.069, 4
0, 3, 0, -2.076, 1.413, -0.584, 0.19, -0.35, 0.518, -0.406, 0.313, 0.027, -0.724, 3
0, 4, 1, -3.118, 0.356, 0.377, 1.447, 0.868, 0.407, -0.915, -0.546, -0.637, 0.169, 1
0, 4, 1, -2.681, 0.531, 0.252, 1.239, 0.469, -0.339, -0.652, -0.417, -0.246, 0.412, 2
0, 4, 1, -2.555, 1.421, -0.8, -0.233, -0.078, 0.244, 0.771, -0.112, -0.707, 0.165, 5
0, 4, 1, -3.485, -0.86, 0.582, 1.501, 0.578, 1.48, -0.663, -0.602, -0.318, 0.575, 0
0, 4, 1, -1.596, 0.885, -0.199, 0.199, -0.115, -0.474, 0.428, -0.113, -0.61, 0.131, 3
0, 4, 1, -2.846, 1.01, -0.219, -0.083, 0.091, 0.076, 0.442, 0.509, -1.181, -0.021, 10
0, 4, 1, -3.693, -0.568, 0.727, 1.236, 0.612, 1.502, -0.804, -0.763, -0.346, 0.788, 0
0, 5, 1, -2.665, 0.772, -1.009, 1.307, 0.287, 0.855, -0.466, -0.19, -0.721, 0.407, 2
0, 5, 1, -3.741, 2.7, -1.593, 0.782, -0.298, 1.378, 0.184, 1.458, -0.134, -1.297, 8
0, 5, 1, -3.268, -0.079, -0.693, 0.763, 1.043, 1.194, 0.892, -1.293, -1.033, 0.199, 0
0, 5, 1, -2.591, 1.809, -0.659, -0.016, -0.673, 0.588, 0.084, 0.182, -0.094, -0.372, 5
0, 5, 1, -3.354, 2.85, -0.887, 0.01, -0.551, 0.293, 0.901, 0.32, -0.302, -1.023, 6
0, 5, 1, -4.228, 3.111, -0.38, 1.16, -1.188, -0.362, 0.516, 0.507, 0.669, -0.074, 7
0, 5, 1, -4.708, 3.269, -1.121, 0.701, 0.437, 0.176, 0.552, 0.004, -0.168, -1.484, 9
0, 5, 1, -2.859, 2.255, -0.676, 0.098, -1.086, 0.041, 0.732, 0.305, -0.141, -0.636, 4
0, 5, 1, -3.426, 0.584, -0.469, 1.776, 0.566, 1.686, 0.07, 0.081, -1.483, -0.141, 1
0, 5, 1, -3.404, 0.506, -0.591, 1.627, 0.66, 1.456, 0.068, 0.381, -1.494, -0.453, 1
0, 5, 1, -4.076, 3.336, -0.688, 0.677, -1.472, 0.461, 0.682, 0.724, 0.717, -0.409, 7
0, 6, 1, -5.08, 2.241, 0.971, -0.374, 0.501, 0.226, 0.144, 0.851, -1.319, -0.3, 9
0, 6, 1, -2.452, 0.279, -0.805, 1.141, 0.239, 0.176, -0.104, -0.752, -0.334, 0.731, 2
0, 6, 1, -2.982, 2.001, -0.915, 0.188, 0.035, 0.467, -0.13, -0.689, -0.684, 0.664, 5
0, 7, 1, -4.902, 4.49, -0.564, -0.536, -0.164, -0.298, 0.842, -0.158, -0.906, 0.358, 9
0, 7, 1, -4.471, 4.096, -0.809, -0.881, 0.646, 0.539, 0.04, 0.142, -1.555, -0.023, 8
0, 7, 1, -4.947, 4.637, -0.444, -0.953, -0.119, -0.249, 0.594, 0.27, -0.783, 0.265, 9
0, 7, 1, -4.058, 1.072, 0.157, 1.136, 0.385, -0.687, -0.583, -0.185, -0.3, 1.177, 2
0, 7, 1, -4.151, 2.069, -0.605, 0.111, 0.41, 0.354, -0.284, -0.381, -0.507, 0.737, 10
0, 7, 1, -3.828, 2.367, -0.836, -0.343, -0.466, 0.116, 1.172, -0.175, -0.275, 0.117, 4
0, 7, 1, -5.049, 4.846, -0.678, -0.877, -0.09, 0.005, 0.253, -0.078, -0.178, 0.131, 9
0, 7, 1, -3.622, 0.988, -1.108, 0.685, -0.693, 0.754, 0.442, 0.166, -0.458, 0.738, 3
1, 8, 0, -2.632, 0.881, 0.71, 1.8, -0.75, 0.33, -1.128, 0.177, 0.339, 1.166, 6
1, 8, 0, -3.81, 1.91, 0.527, 0.478, -0.972, 0.945, -0.28, 0.719, 0.482, 0.829, 8
1, 9, 0, -2.045, 0.819, -1.46, 0.652, -0.701, 0.352, -0.087, 0.793, -0.567, -0.013, 2
1, 9, 0, -3.055, 0.088, -1.217, 1.562, 0.186, 2.059, 0.054, 0.639, -1.121, -0.757, 0
1, 9, 0, -3.19, 3.101, -1.659, -0.182, -0.436, 0.828, 0.272, 0.502, -0.857, -0.516, 6
1, 9, 0, -2.937, 2.183, -1.291, 0.355, -0.372, 0.57, 0.045, 0.452, -0.705, -0.263, 5
1, 10, 0, -3.548, 1.611, -0.85, 0.374, 0.168, 0.318, 0.463, 0.863, -1.131, -0.334, 10
1, 10, 0, -3.045, 3.312, 0.171, -0.605, -1.027, 0.924, 0.353, 0.897, 0.365, -0.871, 6
1, 10, 0, -2.79, 2.665, 0.036, -0.44, -0.604, 0.811, 0.098, 0.723, 0.134, -0.91, 4
1, 10, 0, -4.717, 3.059, -0.682, 0.532, -0.48, 0.731, 0.174, 0.493, 0.635, -0.473, 9
1, 10, 0, -3.034, 0.452, -0.946, 0.931, 0.128, 1.514, 0.142, 0.932, -0.104, -0.974, 1
1, 11, 0, -2.565, 1.871, -0.269, 0.187, -0.656, 0.267, -0.328, 0.184, 0.348, -0.511, 4
1, 11, 0, -3.911, 3.703, -1.965, 0.132, -0.209, 0.929, 0.811, 0.495, -0.142, -0.519, 7
1, 11, 0, -2.458, 1.586, -0.359, 0.376, -0.244, 0.134, -0.163, 0.298, 0.444, -0.711, 5
1, 11, 0, -3.311, 2.946, -0.808, -0.3, -0.457, 0.324, 0.515, 0.149, 0.533, -0.718, 6
1, 11, 0, -2.904, 0.458, -0.656, 0.832, 0.61, 0.805, 0.568, 0.041, -0.114, -0.615, 1
1, 11, 0, -3.285, 1.547, -0.897, 0.917, 0.127, 0.402, -0.011, 0.502, -0.557, -0.715, 10
1, 12, 1, -3.699, -0.251, 0.268, 1.585, 0.85, 1.381, -0.867, -0.71, -0.19, 0.567, 0
1, 12, 1, -3.189, 2.62, -0.833, 0.45, 0.009, 0.444, -0.348, 0.126, -0.614, 0.081, 10
1, 12, 1, -2.919, 3.48, -0.823, -0.751, -0.416, 1.045, 0.609, 0.18, -1.172, 0.123, 6
1, 12, 1, -2.527, -0.926, -0.571, 1.613, 0.628, 1.229, -0.687, -0.808, -0.354, 0.625, 0
1, 12, 1, -3.905, 3.147, -1.259, 0.304, -0.216, 1.055, 0.578, 0.353, -0.517, -0.871, 8
1, 13, 1, -3.029, 1.747, -0.899, 0.674, -1.046, 0.558, 0.204, -0.155, -0.237, 0.655, 3
1, 13, 1, -2.926, 2.673, -1.242, 0.396, -1.029, 1.548, 0.05, -0.592, -0.331, 0.595, 4
1, 13, 1, -3.963, 2.272, -0.534, 0.977, 0.329, 0.514, -0.363, -0.425, -0.712, 0.41, 8
1, 13, 1, -3.341, 1.714, -0.773, 0.771, -0.976, 0.625, 0.078, -0.438, -0.084, 0.607, 3
1, 14, 1, -3.811, 2.123, 0.278, 1.552, 0.754, 0.492, -0.584, -0.433, -0.988, 0.652, 1
1, 14, 1, -3.977, 2.976, 0.309, -0.259, 0.026, 0.816, -0.317, 0.492, -0.674, -0.659, 8
1, 14, 1, -3.451, 2.257, -0.845, 0.432, 0.486, 0.266, -0.215, 0.006, -1.082, 0.759, 10
1, 14, 1, -3.369, 1.784, -0.603, 1.303, 0.007, -0.044, -0.459, -0.012, -0.591, 1.047, 2
1, 14, 1, -3.674, 1.513, 0.038, 1.604, 0.907, 1.045, -0.166, -0.295, -1.13, 0.594, 1
1, 14, 1, -3.052, 3.059, -1.668, -0.208, 0.466, 0.724, -0.237, -0.175, -0.315, 0.411, 4
1, 14, 1, -2.918, 2.897, -1.069, -0.077, -0.261, 0.55, 0.317, -0.322, -0.776, 0.79, 5
1, 14, 1, -4.094, 2.499, -0.149, 1.017, 0.683, 0.536, -1.023, -0.127, -1.142, -0.421, 9
1, 14, 1, -3.572, 0.228, 0.52, 1.791, 0.382, 0.573, -0.961, -0.74, -0.936, 1.007, 0
1, 14, 1, -3.706, 3.627, -0.889, -0.789, -0.093, 1.223, 0.814, 0.563, 0.062, -0.449, 7
1, 14, 1, -3.946, 2.545, 0.447, -0.001, 0.043, 0.788, -0.102, 0.68, -0.637, -0.545, 8
1, 14, 1, -3.32, 1.553, -0.586, 1.688, -0.262, 0.392, -0.478, -0.461, -0.522, 0.929, 2
1, 14, 1, -2.924, 2.731, -1.138, 0.066, 0.1, 0.683, 0.162, -0.399, -0.882, 0.827, 5
0, 0, 0, -2.598, 1.938, -0.846, 1.062, -1.633, 0.764, 0.394, -0.15, 0.277, -0.396, 4
0, 0, 0, -2.859, 1.627, -1.14, 0.769, -0.948, 1.39, -0.608, 0.956, -0.204, -0.727, 10
0, 0, 0, -4.074, 2.281, 0.152, 1.556, -1.613, -0.047, 0.222, 0.252, 0.775, 0.125, 7
0, 0, 0, -3.604, 0.235, -0.836, 1.786, -0.153, 1.642, -0.096, 0.488, -0.524, -1.003, 0
0, 0, 0, -4.238, 2.437, 0.036, 1.158, -2.127, 0.554, 0.12, 0.823, 0.565, -0.293, 7
0, 1, 0, -1.816, 0.458, -0.947, -0.341, 0.085, 0.75, 0.144, 0.462, -0.24, -0.266, 2
0, 1, 0, -2.321, 1.303, 0.32, -0.085, -0.278, 0.001, -0.094, -0.283, 0.852, 0.022, 5
0, 1, 0, -3.141, 3.314, -0.996, -0.394, -0.19, -0.312, 0.137, 0.631, 0.547, -0.247, 6
0, 1, 0, -1.952, 1.469, -1.375, 0.105, -0.154, 0.17, -0.047, 0.336, -0.098, -0.41, 3
0, 1, 0, -1.856, 0.063, -1.011, -0.238, -0.152, 1.461, 0.572, 0.775, 0.154, -0.31, 1
0, 1, 0, -3.092, 3.014, -0.307, -0.016, -0.956, 0.195, -0.227, 0.367, 0.958, -0.092, 6
0, 2, 0, -3.834, 3.749, -0.183, 1.518, -1.585, -0.281, -0.334, 1.191, 0.425, -0.104, 7
0, 2, 0, -1.501, 1.611, -1.003, 1.156, -0.883, 0.901, -0.169, 0.862, -0.151, 0.164, 3
0, 2, 0, -3.549, 1.905, -0.509, 1.963, -1.2, 0.847, -0.157, 0.842, 0.625, -0.586, 8
0, 2, 0, -4.373, 2.463, -0.171, 1.501, -0.639, 0.292, 0.518, -0.114, 1.127, 0.332, 9
0, 2, 0, -2.53, 1.492, -0.936, 1.21, -1.154, 1.316, -0.267, 1.149, 0.226, -0.77, 10
0, 2, 0, -1.215, -0.288, -2.423, 0.834, -0.379, 2.266, 0.503, 1.337, -1.36, -0.682, 0
0, 2, 0, -1.4, 0.316, -1.894, 0.83, -0.242, 2.038, 0.003, 1.667, -0.515, -0.087, 1
0, 2, 0, -1.494, 0.663, -1.58, 1.191, -0.252, 1.777, -0.072, 1.189, -0.409, 0.09, 2
0, 2, 0, -1.512, 1.492, -1.053, 1.262, -0.809, 0.941, -0.122, 0.807, -0.206, 0.145, 3
0, 2, 0, -2.274, 1.653, -0.226, 1.857, -0.971, 0.327, -0.605, 1.121, 0.121, 0.291, 4
0, 2, 0, -1.804, 1.556, -0.803, 1.388, -0.989, 0.751, -0.029, 0.963, -0.228, 0.297, 5
0, 2, 0, -2.447, 1.914, -0.208, 1.641, -1.159, 0.104, -0.539, 1.58, 0.058, 0.786, 6
0, 2, 0, -3.675, 3.132, -0.241, 1.587, -1.75, -0.222, 0.039, 1.052, 0.545, 0.233, 7
0, 2, 0, -3.425, 1.724, -0.638, 1.573, -1.041, 1.204, -0.124, 1.258, 0.548, -0.507, 8
0, 2, 0, -4.376, 2.216, -0.269, 1.32, -0.66, 0.159, 0.719, 0.008, 1.058, 0.472, 9

