0, 3, 0, -3.601, 0.742, -0.238, 0.332, -0.561, 1.275, -0.014, 0.844, 0.558, 0.659, 9
0, 3, 0, -1.507, -0.457, -1.728, 0.256, -0.081, 1.571, 0.556, 1.291, 0.121, -0.456, 0
0, 3, 0, -1.425, 0.256, -1.13, -0.284, -0.394, 1.253, 0.306, 0.893, 0.272, -0.378, 1
0, 3, 0, -2.007, 1.814, -0.581, -0.027, 0.127, 0.081, 0.089, -0.016, 0.115, -0.719, 3
0, 3, 0, -1.79, 0.793, -1.041, 0.214, 0.215, 0.694, 0.121, 0.583, -0.403, -0.487, 2
0, 3, 0, -2.834, 0.654, 0.733, 1.434, -0.716, -0.028, -0.841, 0.239, 0.92, 0.885, 6
0, 4, 1, -1.566, 0.93, -0.181, -0.155, -0.164, -0.277, 0.144, -0.047, -0.694, 0.282, 3
0, 4, 1, -2.497, 1.607, -0.621, -0.446, -0.226, -0.152, 1.16, 0.122, -0.809, 0.495, 5
0, 4, 1, -4.16, 2.814, 0.557, 0.604, 0.584, 0.477, -0.272, 0.784, -0.999, -0.781, 9
0, 4, 1, -2.91, 0.918, -0.138, -0.382, 0.115, 0.29, 0.418, 0.757, -0.898, -0.189, 10
0, 4, 1, -4.188, 2.637, 0.502, 0.552, 0.735, 0.395, -0.026, 0.803, -0.874, -0.913, 9
0, 4, 1, -3.439, 2.711, 1.067, 0.029, -1.12, -0.212, 0.062, 1.44, -0.353, -0.42, 6
0, 4, 1, -4.129, 2.686, 0.308, -0.125, 0.117, 0.393, 0.199, 0.308, -0.478, -0.909, 8
0, 4, 1, -3.543, 0.624, 0.674, 1.413, 0.653, -0.445, -0.803, -0.256, -0.65, 0.423, 1
0, 4, 1, -3.661, 3.266, -0.117, -0.237, -0.755, 0.092, 0.686, 0.381, -0.58, -0.687, 6
0, 5, 1, -2.685, 1.971, -0.857, 0.033, -0.638, 0.484, 0.143, 0.159, -0.218, -0.343, 5
0, 5, 1, -3.618, 0.916, -0.4, 1.771, 0.666, 1.535, -0.389, -0.342, -1.279, -0.109, 1
0, 5, 1, -2.846, 2.43, -0.78, -0.153, -0.905, 0.24, 0.746, 0.14, -0.114, -0.746, 4
0, 5, 1, -3.777, 2.064, -0.983, 0.846, -0.373, 0.96, -0.04, 1.331, 0.247, -1.09, 8
0, 5, 1, -3.394, 0.557, -0.573, 1.704, 0.608, 1.644, 0.109, 0.2, -1.507, -0.225, 1
0, 5, 1, -4.172, 3.188, -0.375, 1.028, -1.41, 0.008, 0.513, 0.635, 0.802, -0.28, 7
0, 5, 1, -2.98, 1.29, -0.842, 0.955, -0.491, 0.572, 0.267, 0.692, 0.084, -1.1, 10
0, 6, 1, -2.708, 2.396, 0.728, 0.336, -1.437, -0.344, -0.411, 1.469, -0.022, -0.717, 6
0, 6, 1, -4.341, 3.514, -0.453, -1.047, -0.469, 0.51, 0.618, 0.801, -0.399, -0.777, 7
0, 6, 1, -4.045, 2.193, 0.2, -0.745, 0.215, 0.387, 0.625, 1.477, -1.207, -0.27, 8
0, 6, 1, -2.282, 0.673, -0.798, 1.286, 0.308, 0.01, -0.411, -0.61, -0.266, 0.584, 2
0, 6, 1, -5.069, 2.119, 0.826, -0.274, 0.576, 0.145, 0.308, 1.001, -1.412, -0.306, 9
0, 6, 1, -2.601, 2.735, -0.322, -0.255, -1.67, 0.229, 0.202, 1.01, -0.871, -0.461, 4
0, 6, 1, -2.64, 2.704, -0.345, -0.23, -1.649, 0.064, 0.275, 0.952, -0.651, -0.571, 4
0, 7, 1, -3.494, 1.207, -0.607, 0.242, -0.43, 0.131, 0.236, 0.545, -0.593, 0.678, 3
0, 7, 1, -4.125, 2.3, -0.167, -0.27, 0.103, 0.32, -0.467, -0.254, -0.415, 0.863, 10
0, 7, 1, -4.393, 2.137, 0.57, 1.397, 0.293, -0.836, -0.966, -0.461, -0.277, 1.184, 1
0, 7, 1, -4.173, 2.299, -0.298, -0.13, 0.122, 0.319, -0.388, -0.328, -0.48, 0.99, 10
0, 7, 1, -5.011, 4.976, -0.868, -1.215, 0.17, -0.018, 0.543, 0.154, -0.841, 0.707, 9
0, 7, 1, -3.85, 2.28, -1.055, -0.335, -0.164, 0.41, 0.913, -0.391, -0.338, 0.26, 4
0, 7, 1, -4.122, 1.735, -1.34, 0.615, 0.03, 0.353, 0.345, -0.104, -0.54, 0.988, 5
1, 8, 0, -1.093, -0.922, -2.091, 0.844, 0.009, 1.247, 0.891, 1.453, -0.089, -0.4, 0
1, 8, 0, -2.633, 0.672, -0.372, 0.439, 0.437, 0.907, -0.402, -0.04, -0.366, -0.741, 2
1, 8, 0, -3.835, 3.339, 0.29, -0.126, -1.68, 0.195, -0.368, 1.328, 0.523, 0.861, 7
1, 8, 0, -2.982, 0.522, -0.1, 0.362, -0.66, 1.115, -0.305, 0.859, 0.637, 0.344, 10
1, 8, 0, -3.824, 1.832, 1.093, 1.024, -1.09, 0.56, -0.336, 0.299, 0.126, 1.005, 8
1, 8, 0, -4.717, 0.829, 0.853, 1.98, -0.546, 0.688, -0.434, -0.424, -0.636, 1.245, 9
1, 8, 0, -3.312, -0.776, -0.504, 1.39, 0.86, 1.257, 0.222, 0.314, -0.715, -0.765, 0
1, 8, 0, -1.222, 0.491, -0.716, 0.004, -0.323, 1.108, -0.148, 0.773, 0.387, -0.073, 2
1, 8, 0, -3.947, 2.102, 0.305, 0.462, -0.765, 1.037, -0.618, 0.741, 0.345, 0.269, 8
1, 9, 0, -3.485, 1.092, -0.674, 1.395, -0.027, 1.039, -0.047, 0.384, -0.761, -0.934, 1
1, 9, 0, -1.929, 0.777, -1.415, 0.598, -0.579, 0.215, -0.061, 0.733, -0.333, -0.235, 2
1, 9, 0, -4.049, 4.039, -0.558, 0.064, -1.676, 1.024, 0.047, 1.024, -0.091, -0.283, 7
1, 9, 0, -3.152, 3.176, -1.573, -0.204, -0.485, 0.723, 0.308, 0.652, -0.872, -0.586, 6
1, 9, 0, -3.731, 1.927, -0.705, 0.453, -0.372, 1.149, 0.046, 0.323, -0.627, -0.331, 10
1, 9, 0, -2.691, 2.111, -1.067, 0.174, -0.649, 0.431, -0.017, 0.655, -0.498, -0.292, 5
1, 9, 0, -4.069, 4.205, -0.614, -0.06, -1.462, 0.476, 0.381, 0.589, 0.405, -0.259, 7
1, 9, 0, -4.884, 3.63, -0.279, 0.496, -0.67, 0.792, -0.005, -0.137, 0.532, -0.184, 9
1, 9, 0, -3.756, 2.204, -0.716, 0.529, -0.284, 1.121, 0.022, 0.127, -0.782, -0.394, 10
1, 10, 0, -2.482, 1.896, -1.289, 0.112, 0.285, 0.096, 0.022, 0.832, -0.333, -0.764, 3
1, 10, 0, -2.434, 2.903, -1.341, -0.411, 0.372, 0.843, -0.022, 0.336, 0.123, -0.747, 5
1, 10, 0, -4.089, 3.712, 0.315, -0.05, -0.929, 0.018, -0.35, 1.77, 0.244, -0.301, 7
1, 10, 0, -3.96, 3.373, -1.235, 0.152, 0.031, 0.664, 0.558, 0.841, -0.133, -0.317, 8
1, 10, 0, -2.7, 2.686, -0.043, -0.528, -0.626, 0.917, 0.167, 0.652, 0.1, -0.937, 4
1, 10, 0, -2.817, 1.268, -1.127, 0.707, 0.399, 0.406, 0.289, 0.319, -0.691, -0.379, 2
1, 10, 0, -3.337, -0.347, -0.79, 2.129, -0.058, 2.079, 0.295, 0.246, -0.687, -1.241, 0
1, 11, 0, -2.463, -0.197, -1.264, 1.15, 0.234, 1.833, 0.066, 0.738, -1.382, -0.498, 0
1, 11, 0, -4.019, 3.52, -1.058, -0.2, -0.545, 1.348, 0.351, 0.82, -0.868, -0.434, 8
1, 11, 0, -2.596, 1.867, -0.208, 0.208, -0.574, 0.146, -0.214, 0.116, 0.395, -0.541, 4
1, 11, 0, -2.378, 1.568, -0.243, 0.407, -0.428, 0.229, -0.293, 0.297, 0.372, -0.512, 5
1, 11, 0, -4.135, 3.651, -0.751, -0.066, -0.789, 1.131, 0.496, 0.788, -0.883, -0.351, 8
1, 11, 0, -2.941, 0.71, -0.855, 0.902, 0.635, 0.924, 0.466, 0.01, -0.342, -0.588, 1
1, 11, 0, -2.306, 1.086, -0.59, 0.106, 0.931, 0.733, 0.213, 0.274, -0.684, -0.911, 2
1, 11, 0, -2.453, -0.32, -1.368, 1.04, 0.174, 1.985, 0.158, 0.59, -1.318, -0.587, 0
1, 11, 0, -2.957, 0.596, -0.756, 0.89, 0.58, 0.836, 0.543, 0.036, -0.232, -0.579, 1
1, 11, 0, -2.733, 2.026, -0.71, 0.377, -0.774, 0.284, -0.469, 0.693, 0.205, -0.74, 4
1, 12, 1, -2.814, 1.515, -0.088, 0.597, -0.033, -0.29, -0.445, 0.113, -0.136, 0.662, 2
1, 12, 1, -2.883, 3.576, -1.198, -0.562, -0.162, 0.974, 0.764, -0.03, -1.023, 0.346, 6
1, 13, 1, -3.554, 3.386, -1.703, 0.555, -0.072, 1.073, 0.237, -0.625, -1.067, -0.176, 6
1, 13, 1, -3.52, 3.318, -1.867, 0.691, 0.263, 0.822, 0.14, -0.62, -1.098, 0.083, 6
1, 13, 1, -3.857, 2.133, -0.58, 0.996, 0.502, 0.65, -0.283, -0.468, -0.983, 0.613, 8
1, 13, 1, -3.792, 4.29, -1.531, -0.125, -0.312, 0.624, 0.324, -0.053, -0.942, -0.301, 7
1, 14, 1, -2.584, 2.091, -1.451, 0.889, -0.464, 0.285, -0.213, -0.245, -0.138, 1.206, 3
1, 14, 1, -4.008, 2.141, -0.18, 1.041, 0.688, 0.712, -0.879, -0.201, -1.066, -0.549, 9
1, 14, 1, -3.836, 0.508, 0.645, 1.721, 0.28, 0.303, -0.911, -0.592, -0.631, 1.023, 0
1, 14, 1, -3.634, 3.589, -1.075, -0.709, 0.058, 1.051, 0.878, 0.627, -0.111, -0.437, 7
1, 14, 1, -3.432, 2.235, -0.753, 0.361, 0.435, 0.425, -0.193, 0.012, -1.166, 0.794, 10
1, 14, 1, -3.661, 0.3, 0.53, 1.816, 0.333, 0.444, -0.858, -0.732, -0.809, 0.995, 0
1, 14, 1, -3.232, 1.551, -0.832, 1.674, -0.042, 0.296, -0.553, -0.443, -0.413, 0.96, 2
1, 14, 1, -2.938, 2.782, -1.111, -0.076, 0.0, 0.582, 0.252, -0.4, -0.773, 0.838, 5
0, 0, 0, -2.287, 1.809, -1.498, 1.012, -1.053, 1.06, -0.567, 0.235, -0.091, -0.795, 3
0, 0, 0, -3.941, 2.305, 0.124, 1.771, -1.815, 0.593, -0.435, 0.992, 0.575, -0.301, 7
0, 0, 0, -2.304, 1.784, -1.506, 0.981, -0.961, 0.806, -0.294, -0.002, 0.119, -0.76, 3
0, 0, 0, -2.946, 1.649, -1.167, 0.788, -0.909, 1.3, -0.562, 0.902, -0.07, -0.842, 10
0, 0, 0, -2.299, 1.848, -1.695, 1.065, -0.861, 1.047, -0.607, 0.313, -0.253, -0.759, 3
0, 1, 0, -1.657, 0.056, -1.044, -0.32, -0.316, 1.321, 0.638, 0.8, 0.298, -0.159, 1
0, 1, 0, -2.554, 1.117, 0.42, -0.022, -0.645, 0.02, 0.145, -0.327, 0.66, 0.073, 5
0, 1, 0, -1.978, 1.542, -1.487, -0.096, -0.025, 0.32, -0.063, 0.097, -0.073, -0.381, 3
0, 1, 0, -2.748, 3.217, -0.976, -0.213, -0.792, 0.771, -0.032, 0.223, 0.043, -0.825, 4
0, 1, 0, -2.489, 1.773, -0.18, -0.152, -0.353, 0.133, -0.186, 0.207, 0.788, -0.285, 5
0, 2, 0, -1.298, -0.295, -2.433, 0.955, -0.278, 2.252, 0.285, 0.915, -1.569, -0.562, 0
0, 2, 0, -2.308, 2.023, -0.203, 1.493, -1.223, 0.379, -0.481, 1.403, -0.045, 0.402, 4
0, 2, 0, -4.333, 2.438, -0.219, 1.372, -0.761, 0.306, 0.594, -0.022, 1.103, 0.19, 9
0, 2, 0, -2.624, 1.653, -0.156, 2.023, -1.052, 0.086, -0.752, 1.341, 0.196, 0.71, 6

