0.019, 0.004, 0.064, 0.045, 0.033, 0.069, 0.09, 0.145, 0.074, 0.035, 0.146, 0.347, 0.32, 0.282, 0.017, 0.057, 0.216, 0.456, 0.382, 0.563, 0.648, 0.724, 0.824, 0.877, 1.0, 0.858, 0.656, 0.509, 0.482, 0.453, 0.452, 0.453, 0.538, 0.531, 0.536, 0.527, 0.426, 0.244, 0.12, 0.384, 0.411, 0.507, 0.422, 0.248, 0.159, 0.112, 0.065, 0.079, 0.032, 0.007, 0.003, 0.009, 0.012, 0.011, 0.009, 0.014, 0.007, 0.002, 0.006, 0.012, R
0.02, 0.012, 0.012, 0.024, 0.055, 0.021, 0.089, 0.084, 0.134, 0.12, 0.174, 0.139, 0.204, 0.258, 0.262, 0.21, 0.253, 0.321, 0.433, 0.476, 0.533, 0.606, 0.67, 0.748, 0.893, 0.94, 1.0, 0.978, 0.847, 0.764, 0.67, 0.499, 0.372, 0.22, 0.142, 0.268, 0.263, 0.31, 0.339, 0.212, 0.117, 0.266, 0.22, 0.154, 0.146, 0.104, 0.122, 0.074, 0.049, 0.022, 0.003, 0.008, 0.004, 0.006, 0.008, 0.004, 0.004, 0.003, 0.001, 0.002, R
0.026, 0.007, 0.034, 0.079, 0.104, 0.078, 0.142, 0.118, 0.045, 0.094, 0.113, 0.084, 0.072, 0.197, 0.263, 0.419, 0.505, 0.671, 0.792, 0.838, 0.876, 0.942, 1.0, 0.993, 0.958, 0.865, 0.722, 0.58, 0.496, 0.489, 0.408, 0.244, 0.177, 0.247, 0.352, 0.376, 0.291, 0.231, 0.317, 0.355, 0.374, 0.444, 0.326, 0.196, 0.086, 0.169, 0.199, 0.122, 0.063, 0.032, 0.025, 0.021, 0.026, 0.018, 0.004, 0.007, 0.012, 0.008, 0.008, 0.007, M
0.023, 0.085, 0.1, 0.043, 0.112, 0.165, 0.16, 0.212, 0.33, 0.352, 0.333, 0.364, 0.402, 0.473, 0.52, 0.657, 0.843, 0.848, 0.834, 0.845, 0.8, 0.854, 0.964, 1.0, 0.936, 0.941, 0.907, 0.71, 0.632, 0.567, 0.35, 0.245, 0.17, 0.329, 0.367, 0.233, 0.241, 0.256, 0.189, 0.194, 0.307, 0.278, 0.031, 0.124, 0.185, 0.175, 0.108, 0.073, 0.024, 0.019, 0.016, 0.017, 0.019, 0.026, 0.014, 0.012, 0.012, 0.009, 0.001, 0.004, M
0.037, 0.059, 0.063, 0.053, 0.026, 0.142, 0.207, 0.273, 0.307, 0.26, 0.348, 0.4, 0.457, 0.595, 0.792, 0.827, 0.809, 0.898, 0.983, 0.898, 0.889, 0.937, 0.912, 0.794, 0.672, 0.632, 0.486, 0.339, 0.483, 0.382, 0.308, 0.127, 0.074, 0.151, 0.191, 0.182, 0.171, 0.095, 0.283, 0.301, 0.16, 0.148, 0.288, 0.205, 0.106, 0.14, 0.106, 0.053, 0.04, 0.018, 0.035, 0.012, 0.006, 0.024, 0.003, 0.009, 0.012, 0.011, 0.01, 0.013, M
0.097, 0.082, 0.063, 0.061, 0.062, 0.121, 0.094, 0.422, 0.574, 0.502, 0.349, 0.17, 0.208, 0.309, 0.422, 0.531, 0.244, 0.188, 0.191, 0.832, 1.0, 0.408, 0.096, 0.193, 0.242, 0.379, 0.289, 0.345, 0.378, 0.521, 0.232, 0.334, 0.478, 0.612, 0.67, 0.738, 0.736, 0.779, 0.679, 0.526, 0.276, 0.154, 0.202, 0.223, 0.422, 0.307, 0.133, 0.135, 0.106, 0.05, 0.021, 0.007, 0.008, 0.03, 0.019, 0.021, 0.013, 0.02, 0.021, 0.004, M
0.018, 0.014, 0.041, 0.063, 0.06, 0.081, 0.209, 0.346, 0.528, 0.596, 0.625, 0.451, 0.369, 0.286, 0.164, 0.042, 0.178, 0.439, 0.695, 0.81, 0.855, 0.872, 0.86, 0.92, 0.873, 0.808, 0.869, 0.841, 0.579, 0.375, 0.348, 0.464, 0.65, 0.69, 0.567, 0.519, 0.506, 0.388, 0.376, 0.374, 0.26, 0.159, 0.188, 0.227, 0.158, 0.121, 0.088, 0.085, 0.036, 0.022, 0.009, 0.012, 0.006, 0.019, 0.011, 0.013, 0.008, 0.016, 0.016, 0.008, M
0.031, 0.022, 0.043, 0.019, 0.096, 0.183, 0.111, 0.17, 0.28, 0.443, 0.522, 0.561, 0.538, 0.405, 0.224, 0.178, 0.23, 0.272, 0.521, 0.69, 0.82, 0.878, 0.76, 0.762, 0.715, 0.729, 0.869, 0.951, 0.835, 0.573, 0.436, 0.429, 0.424, 0.316, 0.129, 0.148, 0.206, 0.24, 0.517, 0.517, 0.149, 0.241, 0.342, 0.449, 0.462, 0.2, 0.078, 0.123, 0.078, 0.009, 0.025, 0.02, 0.006, 0.005, 0.008, 0.004, 0.002, 0.006, 0.007, 0.005, M
0.016, 0.021, 0.028, 0.06, 0.046, 0.078, 0.136, 0.078, 0.104, 0.157, 0.248, 0.278, 0.29, 0.296, 0.319, 0.189, 0.173, 0.223, 0.243, 0.315, 0.41, 0.381, 0.49, 0.629, 0.752, 0.798, 0.883, 0.992, 0.922, 0.698, 0.617, 0.507, 0.392, 0.352, 0.218, 0.124, 0.159, 0.163, 0.236, 0.248, 0.244, 0.272, 0.118, 0.116, 0.145, 0.188, 0.195, 0.149, 0.051, 0.016, 0.019, 0.015, 0.006, 0.008, 0.009, 0.004, 0.006, 0.006, 0.005, 0.002, M
0.02, 0.037, 0.043, 0.021, 0.095, 0.099, 0.154, 0.16, 0.311, 0.211, 0.161, 0.158, 0.224, 0.064, 0.066, 0.227, 0.31, 0.3, 0.508, 0.48, 0.578, 0.507, 0.433, 0.555, 0.671, 0.642, 0.71, 0.808, 0.679, 0.386, 0.131, 0.26, 0.512, 0.755, 0.854, 0.851, 0.669, 0.61, 0.494, 0.274, 0.051, 0.283, 0.282, 0.426, 0.264, 0.139, 0.105, 0.134, 0.038, 0.032, 0.023, 0.003, 0.006, 0.016, 0.007, 0.017, 0.018, 0.008, 0.009, 0.003, R
0.019, 0.017, 0.029, 0.03, 0.046, 0.069, 0.058, 0.11, 0.242, 0.313, 0.479, 0.524, 0.439, 0.344, 0.287, 0.389, 0.442, 0.389, 0.409, 0.501, 0.727, 0.938, 1.0, 0.983, 0.993, 0.916, 0.824, 0.696, 0.454, 0.328, 0.252, 0.396, 0.415, 0.331, 0.144, 0.192, 0.321, 0.337, 0.568, 0.55, 0.323, 0.045, 0.313, 0.339, 0.413, 0.364, 0.207, 0.086, 0.06, 0.027, 0.012, 0.004, 0.014, 0.014, 0.017, 0.013, 0.011, 0.012, 0.011, 0.007, M
0.022, 0.002, 0.008, 0.01, 0.044, 0.091, 0.089, 0.066, 0.162, 0.145, 0.144, 0.095, 0.062, 0.164, 0.071, 0.084, 0.259, 0.268, 0.309, 0.468, 0.596, 0.724, 0.877, 0.921, 0.928, 0.994, 1.0, 0.907, 0.854, 0.729, 0.65, 0.607, 0.559, 0.597, 0.628, 0.546, 0.479, 0.396, 0.209, 0.165, 0.184, 0.065, 0.076, 0.049, 0.035, 0.03, 0.024, 0.038, 0.012, 0.007, 0.005, 0.003, 0.013, 0.01, 0.004, 0.006, 0.003, 0.004, 0.002, 0.003, R
0.024, 0.019, 0.047, 0.044, 0.066, 0.074, 0.138, 0.11, 0.138, 0.138, 0.094, 0.026, 0.15, 0.285, 0.574, 0.828, 0.867, 0.813, 0.904, 0.905, 1.0, 0.998, 0.987, 0.976, 0.901, 0.972, 0.968, 0.763, 0.443, 0.382, 0.473, 0.401, 0.338, 0.317, 0.222, 0.073, 0.269, 0.189, 0.071, 0.106, 0.069, 0.03, 0.089, 0.146, 0.135, 0.039, 0.055, 0.047, 0.02, 0.01, 0.016, 0.009, 0.015, 0.008, 0.002, 0.008, 0.004, 0.003, 0.004, 0.002, R
0.008, 0.009, 0.006, 0.025, 0.034, 0.055, 0.053, 0.096, 0.101, 0.124, 0.11, 0.122, 0.187, 0.338, 0.323, 0.272, 0.394, 0.643, 0.727, 0.867, 0.967, 0.985, 0.948, 0.804, 0.683, 0.514, 0.309, 0.083, 0.402, 0.234, 0.19, 0.124, 0.172, 0.235, 0.249, 0.365, 0.338, 0.159, 0.099, 0.109, 0.104, 0.084, 0.139, 0.082, 0.068, 0.066, 0.12, 0.069, 0.015, 0.027, 0.017, 0.018, 0.013, 0.009, 0.01, 0.002, 0.006, 0.006, 0.006, 0.003, R
0.019, 0.061, 0.038, 0.077, 0.139, 0.081, 0.057, 0.022, 0.104, 0.119, 0.124, 0.16, 0.352, 0.448, 0.377, 0.576, 0.643, 0.679, 0.716, 0.547, 0.54, 0.636, 0.785, 0.776, 0.578, 0.486, 0.418, 0.246, 0.072, 0.061, 0.182, 0.449, 0.598, 0.378, 0.25, 0.577, 0.885, 0.841, 0.357, 0.313, 0.61, 0.638, 0.271, 0.142, 0.126, 0.129, 0.079, 0.083, 0.052, 0.022, 0.036, 0.033, 0.013, 0.012, 0.011, 0.002, 0.004, 0.004, 0.011, 0.008, R
0.012, 0.015, 0.014, 0.008, 0.021, 0.106, 0.102, 0.044, 0.093, 0.073, 0.074, 0.062, 0.106, 0.118, 0.172, 0.258, 0.323, 0.382, 0.424, 0.422, 0.445, 0.408, 0.331, 0.401, 0.447, 0.522, 0.755, 0.95, 1.0, 0.908, 0.828, 0.757, 0.726, 0.615, 0.568, 0.576, 0.532, 0.367, 0.167, 0.087, 0.065, 0.189, 0.268, 0.289, 0.234, 0.167, 0.102, 0.12, 0.07, 0.017, 0.011, 0.009, 0.002, 0.008, 0.006, 0.003, 0.003, 0.004, 0.007, 0.004, R
0.024, 0.022, 0.032, 0.057, 0.033, 0.051, 0.09, 0.071, 0.057, 0.039, 0.193, 0.243, 0.291, 0.261, 0.381, 0.5, 0.302, 0.366, 0.679, 0.731, 0.505, 0.444, 0.699, 0.813, 0.778, 0.894, 0.893, 0.891, 0.861, 0.806, 0.554, 0.245, 0.346, 0.162, 0.247, 0.556, 0.468, 0.098, 0.158, 0.075, 0.332, 0.374, 0.267, 0.108, 0.142, 0.169, 0.074, 0.063, 0.014, 0.023, 0.006, 0.016, 0.015, 0.009, 0.011, 0.009, 0.005, 0.002, 0.007, 0.002, R
0.023, 0.032, 0.017, 0.023, 0.041, 0.012, 0.022, 0.08, 0.236, 0.246, 0.224, 0.152, 0.173, 0.31, 0.438, 0.56, 0.682, 0.616, 0.68, 0.844, 0.992, 1.0, 0.798, 0.543, 0.395, 0.518, 0.565, 0.304, 0.188, 0.396, 0.229, 0.354, 0.419, 0.24, 0.185, 0.376, 0.433, 0.363, 0.252, 0.187, 0.105, 0.234, 0.199, 0.11, 0.068, 0.03, 0.067, 0.078, 0.046, 0.025, 0.015, 0.012, 0.004, 0.012, 0.004, 0.011, 0.005, 0.009, 0.001, 0.009, M
0.02, 0.018, 0.027, 0.023, 0.072, 0.083, 0.123, 0.13, 0.208, 0.272, 0.219, 0.304, 0.296, 0.206, 0.091, 0.161, 0.18, 0.218, 0.203, 0.151, 0.052, 0.214, 0.433, 0.594, 0.693, 0.758, 0.879, 0.906, 0.853, 0.909, 0.966, 0.931, 0.777, 0.664, 0.66, 0.688, 0.694, 0.593, 0.577, 0.622, 0.584, 0.453, 0.491, 0.576, 0.501, 0.404, 0.312, 0.223, 0.108, 0.041, 0.025, 0.013, 0.005, 0.01, 0.01, 0.009, 0.008, 0.002, 0.005, 0.004, M
0.022, 0.006, 0.016, 0.049, 0.052, 0.085, 0.081, 0.183, 0.223, 0.181, 0.255, 0.298, 0.262, 0.189, 0.067, 0.267, 0.427, 0.629, 0.778, 0.769, 0.81, 0.849, 0.944, 0.945, 0.966, 0.804, 0.497, 0.396, 0.386, 0.557, 0.731, 0.855, 0.942, 0.873, 0.667, 0.469, 0.155, 0.175, 0.361, 0.521, 0.518, 0.37, 0.224, 0.082, 0.04, 0.078, 0.105, 0.103, 0.076, 0.022, 0.017, 0.009, 0.005, 0.002, 0.008, 0.006, 0.002, 0.007, 0.007, 0.004, M
0.052, 0.055, 0.084, 0.032, 0.116, 0.092, 0.103, 0.061, 0.146, 0.284, 0.28, 0.309, 0.266, 0.38, 0.563, 0.438, 0.262, 0.12, 0.668, 0.94, 0.783, 0.535, 0.681, 0.917, 0.761, 0.822, 0.887, 0.609, 0.297, 0.11, 0.132, 0.062, 0.099, 0.401, 0.367, 0.105, 0.192, 0.393, 0.429, 0.255, 0.115, 0.22, 0.188, 0.144, 0.215, 0.236, 0.112, 0.025, 0.028, 0.018, 0.005, 0.008, 0.012, 0.004, 0.012, 0.01, 0.008, 0.005, 0.005, 0.005, R

