0.009, 0.018, 0.006, 0.006, 0.026, 0.046, 0.047, 0.006, 0.042, 0.064, 0.089, 0.16, 0.154, 0.277, 0.218, 0.28, 0.349, 0.282, 0.248, 0.3, 0.43, 0.468, 0.452, 0.503, 0.622, 0.657, 0.663, 0.732, 0.853, 1.0, 0.845, 0.635, 0.631, 0.621, 0.698, 0.587, 0.489, 0.368, 0.204, 0.147, 0.222, 0.145, 0.149, 0.121, 0.114, 0.079, 0.036, 0.015, 0.008, 0.012, 0.002, 0.007, 0.006, 0.013, 0.011, 0.005, 0.009, 0.005, 0.006, 0.002, R
0.036, 0.163, 0.164, 0.142, 0.113, 0.131, 0.211, 0.227, 0.299, 0.374, 0.304, 0.039, 0.268, 0.54, 0.62, 0.726, 0.835, 0.689, 0.445, 0.392, 0.56, 0.754, 0.831, 1.0, 0.876, 0.709, 0.701, 0.501, 0.394, 0.446, 0.407, 0.077, 0.142, 0.04, 0.36, 0.685, 0.708, 0.36, 0.061, 0.303, 0.397, 0.387, 0.238, 0.206, 0.229, 0.17, 0.159, 0.179, 0.102, 0.015, 0.022, 0.011, 0.007, 0.02, 0.016, 0.006, 0.008, 0.009, 0.011, 0.007, R
0.024, 0.029, 0.075, 0.052, 0.023, 0.083, 0.068, 0.2, 0.288, 0.367, 0.297, 0.084, 0.191, 0.504, 0.635, 0.68, 0.75, 0.66, 0.451, 0.296, 0.402, 0.679, 0.83, 1.0, 0.824, 0.712, 0.773, 0.612, 0.494, 0.565, 0.491, 0.182, 0.181, 0.111, 0.46, 0.665, 0.642, 0.217, 0.195, 0.495, 0.492, 0.404, 0.24, 0.139, 0.178, 0.195, 0.172, 0.152, 0.093, 0.018, 0.024, 0.008, 0.004, 0.01, 0.01, 0.003, 0.013, 0.007, 0.011, 0.009, R
0.025, 0.081, 0.051, 0.024, 0.172, 0.382, 0.373, 0.358, 0.343, 0.22, 0.265, 0.322, 0.558, 0.692, 0.794, 0.715, 0.351, 0.201, 0.268, 0.43, 0.528, 0.349, 0.143, 0.545, 0.634, 0.771, 0.684, 0.802, 0.807, 0.831, 0.779, 0.505, 0.141, 0.277, 0.508, 0.479, 0.136, 0.23, 0.279, 0.383, 0.293, 0.116, 0.17, 0.129, 0.091, 0.08, 0.057, 0.02, 0.011, 0.015, 0.008, 0.018, 0.007, 0.008, 0.004, 0.012, 0.003, 0.004, 0.008, 0.005, R
0.028, 0.06, 0.066, 0.023, 0.084, 0.167, 0.115, 0.11, 0.137, 0.177, 0.2, 0.287, 0.328, 0.377, 0.417, 0.504, 0.618, 0.802, 0.933, 0.94, 0.928, 0.945, 0.833, 0.777, 0.701, 0.615, 0.581, 0.445, 0.371, 0.289, 0.218, 0.171, 0.358, 0.395, 0.287, 0.24, 0.362, 0.331, 0.376, 0.477, 0.406, 0.366, 0.232, 0.145, 0.102, 0.111, 0.066, 0.027, 0.024, 0.018, 0.011, 0.015, 0.017, 0.016, 0.005, 0.007, 0.005, 0.003, 0.004, 0.008, M
0.014, 0.03, 0.012, 0.008, 0.024, 0.025, 0.028, 0.013, 0.049, 0.087, 0.11, 0.108, 0.109, 0.102, 0.06, 0.091, 0.131, 0.276, 0.366, 0.527, 0.581, 0.618, 0.588, 0.464, 0.542, 0.737, 0.909, 1.0, 0.825, 0.544, 0.335, 0.088, 0.16, 0.417, 0.658, 0.739, 0.796, 0.749, 0.68, 0.471, 0.236, 0.17, 0.273, 0.402, 0.412, 0.347, 0.274, 0.179, 0.092, 0.028, 0.017, 0.008, 0.004, 0.002, 0.004, 0.006, 0.007, 0.004, 0.004, 0.003, M
0.02, 0.039, 0.038, 0.008, 0.025, 0.063, 0.075, 0.058, 0.136, 0.17, 0.173, 0.247, 0.314, 0.33, 0.276, 0.206, 0.116, 0.188, 0.339, 0.393, 0.428, 0.542, 0.645, 0.722, 0.785, 0.798, 0.885, 0.958, 0.899, 0.683, 0.611, 0.548, 0.506, 0.448, 0.24, 0.14, 0.177, 0.174, 0.333, 0.402, 0.301, 0.208, 0.121, 0.026, 0.03, 0.069, 0.078, 0.078, 0.037, 0.006, 0.009, 0.013, 0.01, 0.004, 0.006, 0.007, 0.004, 0.004, 0.005, 0.005, M
0.016, 0.024, 0.015, 0.049, 0.099, 0.142, 0.146, 0.122, 0.17, 0.192, 0.236, 0.272, 0.305, 0.299, 0.223, 0.174, 0.246, 0.31, 0.357, 0.428, 0.427, 0.374, 0.458, 0.609, 0.722, 0.76, 0.871, 1.0, 0.982, 0.719, 0.585, 0.419, 0.376, 0.326, 0.194, 0.139, 0.167, 0.128, 0.167, 0.257, 0.226, 0.278, 0.161, 0.134, 0.198, 0.123, 0.155, 0.106, 0.049, 0.01, 0.022, 0.012, 0.011, 0.006, 0.003, 0.008, 0.003, 0.005, 0.002, 0.002, M
0.027, 0.038, 0.049, 0.085, 0.113, 0.11, 0.135, 0.234, 0.311, 0.4, 0.394, 0.331, 0.293, 0.176, 0.174, 0.204, 0.209, 0.268, 0.243, 0.184, 0.28, 0.617, 0.802, 0.831, 0.844, 0.849, 0.917, 1.0, 0.79, 0.537, 0.647, 0.65, 0.496, 0.218, 0.099, 0.043, 0.171, 0.198, 0.188, 0.111, 0.17, 0.058, 0.064, 0.139, 0.064, 0.058, 0.064, 0.104, 0.073, 0.028, 0.015, 0.009, 0.004, 0.004, 0.004, 0.01, 0.005, 0.005, 0.006, 0.01, M
0.032, 0.01, 0.03, 0.056, 0.076, 0.096, 0.099, 0.102, 0.103, 0.215, 0.308, 0.342, 0.299, 0.14, 0.124, 0.153, 0.19, 0.243, 0.212, 0.24, 0.327, 0.595, 0.83, 0.904, 0.989, 0.991, 0.945, 1.0, 0.909, 0.741, 0.769, 0.712, 0.53, 0.213, 0.093, 0.13, 0.116, 0.123, 0.177, 0.034, 0.156, 0.082, 0.115, 0.169, 0.095, 0.008, 0.079, 0.126, 0.065, 0.018, 0.005, 0.006, 0.009, 0.014, 0.006, 0.006, 0.003, 0.003, 0.006, 0.007, M
0.006, 0.027, 0.022, 0.056, 0.094, 0.115, 0.071, 0.1, 0.167, 0.186, 0.248, 0.271, 0.293, 0.264, 0.188, 0.14, 0.203, 0.261, 0.278, 0.335, 0.383, 0.4, 0.511, 0.686, 0.749, 0.784, 0.902, 1.0, 0.889, 0.651, 0.608, 0.446, 0.295, 0.173, 0.149, 0.08, 0.177, 0.138, 0.24, 0.205, 0.197, 0.278, 0.138, 0.068, 0.066, 0.166, 0.181, 0.124, 0.052, 0.004, 0.018, 0.007, 0.006, 0.007, 0.007, 0.008, 0.004, 0.002, 0.003, 0.001, M
0.014, 0.004, 0.005, 0.029, 0.056, 0.093, 0.103, 0.088, 0.16, 0.191, 0.158, 0.111, 0.12, 0.117, 0.142, 0.222, 0.266, 0.271, 0.386, 0.572, 0.68, 0.875, 1.0, 0.895, 0.842, 0.917, 0.931, 0.905, 0.823, 0.699, 0.583, 0.492, 0.456, 0.516, 0.567, 0.528, 0.514, 0.374, 0.228, 0.119, 0.109, 0.043, 0.107, 0.058, 0.005, 0.047, 0.041, 0.029, 0.019, 0.009, 0.002, 0.004, 0.008, 0.01, 0.01, 0.002, 0.004, 0.003, 0.003, 0.003, R
0.018, 0.017, 0.05, 0.028, 0.026, 0.035, 0.036, 0.054, 0.026, 0.047, 0.053, 0.185, 0.104, 0.095, 0.091, 0.169, 0.157, 0.038, 0.132, 0.209, 0.198, 0.095, 0.196, 0.124, 0.062, 0.214, 0.464, 0.647, 0.634, 0.611, 0.705, 0.538, 0.593, 0.844, 0.948, 0.97, 0.777, 0.631, 0.576, 0.615, 0.545, 0.481, 0.341, 0.192, 0.113, 0.064, 0.091, 0.098, 0.056, 0.019, 0.009, 0.004, 0.018, 0.017, 0.008, 0.005, 0.011, 0.018, 0.029, 0.006, R
0.037, 0.04, 0.032, 0.029, 0.082, 0.134, 0.116, 0.066, 0.016, 0.051, 0.091, 0.254, 0.146, 0.127, 0.122, 0.167, 0.142, 0.128, 0.186, 0.114, 0.207, 0.022, 0.24, 0.255, 0.024, 0.192, 0.475, 0.7, 0.682, 0.644, 0.706, 0.537, 0.66, 0.871, 0.952, 0.96, 0.771, 0.677, 0.643, 0.672, 0.604, 0.516, 0.38, 0.228, 0.152, 0.08, 0.08, 0.075, 0.057, 0.018, 0.006, 0.009, 0.016, 0.016, 0.008, 0.007, 0.014, 0.007, 0.008, 0.007, R
0.02, 0.003, 0.014, 0.006, 0.013, 0.015, 0.054, 0.021, 0.05, 0.11, 0.084, 0.094, 0.12, 0.042, 0.003, 0.016, 0.062, 0.213, 0.344, 0.381, 0.382, 0.476, 0.631, 0.752, 0.868, 0.879, 0.79, 0.836, 0.963, 0.962, 0.924, 0.89, 0.971, 0.965, 0.789, 0.531, 0.272, 0.195, 0.137, 0.31, 0.379, 0.41, 0.336, 0.3, 0.275, 0.202, 0.104, 0.045, 0.034, 0.012, 0.007, 0.011, 0.007, 0.006, 0.003, 0.001, 0.001, 0.002, 0.006, 0.004, R
0.016, 0.063, 0.074, 0.061, 0.023, 0.105, 0.134, 0.064, 0.152, 0.078, 0.179, 0.268, 0.179, 0.104, 0.198, 0.323, 0.375, 0.259, 0.368, 0.351, 0.561, 0.523, 0.547, 0.695, 0.635, 0.676, 0.85, 0.802, 0.656, 0.859, 0.666, 0.537, 0.312, 0.376, 0.28, 0.088, 0.332, 0.424, 0.18, 0.374, 0.463, 0.161, 0.249, 0.32, 0.226, 0.115, 0.048, 0.094, 0.082, 0.017, 0.024, 0.026, 0.014, 0.023, 0.019, 0.018, 0.011, 0.009, 0.008, 0.011, M
0.109, 0.128, 0.093, 0.123, 0.128, 0.173, 0.195, 0.426, 0.683, 0.576, 0.473, 0.236, 0.102, 0.29, 0.471, 0.466, 0.142, 0.085, 0.326, 0.901, 0.931, 0.486, 0.135, 0.16, 0.274, 0.561, 0.365, 0.614, 0.547, 0.847, 0.564, 0.544, 0.509, 0.625, 0.85, 0.841, 0.842, 0.914, 0.771, 0.488, 0.372, 0.447, 0.459, 0.449, 0.562, 0.43, 0.094, 0.079, 0.027, 0.015, 0.014, 0.046, 0.021, 0.008, 0.012, 0.017, 0.01, 0.02, 0.018, 0.019, M
0.026, 0.043, 0.055, 0.068, 0.078, 0.125, 0.13, 0.173, 0.279, 0.295, 0.251, 0.26, 0.225, 0.212, 0.127, 0.119, 0.179, 0.218, 0.165, 0.074, 0.062, 0.238, 0.482, 0.637, 0.753, 0.896, 0.994, 0.996, 0.933, 0.934, 0.885, 0.769, 0.686, 0.639, 0.638, 0.663, 0.598, 0.456, 0.313, 0.416, 0.432, 0.403, 0.42, 0.456, 0.396, 0.297, 0.21, 0.156, 0.088, 0.026, 0.012, 0.009, 0.006, 0.002, 0.004, 0.008, 0.003, 0.006, 0.005, 0.005, M
0.016, 0.02, 0.02, 0.039, 0.075, 0.144, 0.149, 0.148, 0.244, 0.282, 0.369, 0.375, 0.393, 0.331, 0.108, 0.114, 0.345, 0.544, 0.647, 0.728, 0.789, 0.826, 0.87, 0.784, 0.714, 0.57, 0.291, 0.464, 0.641, 0.74, 0.807, 0.842, 1.0, 0.954, 0.676, 0.39, 0.125, 0.363, 0.636, 0.812, 0.766, 0.542, 0.261, 0.172, 0.281, 0.276, 0.198, 0.15, 0.122, 0.049, 0.003, 0.008, 0.003, 0.003, 0.008, 0.002, 0.008, 0.011, 0.008, 0.003, M
0.076, 0.067, 0.048, 0.039, 0.059, 0.065, 0.121, 0.247, 0.356, 0.446, 0.415, 0.395, 0.426, 0.414, 0.453, 0.533, 0.731, 0.619, 0.203, 0.464, 0.415, 0.429, 0.573, 0.54, 0.316, 0.228, 0.7, 1.0, 0.726, 0.472, 0.51, 0.546, 0.288, 0.098, 0.195, 0.418, 0.46, 0.322, 0.283, 0.243, 0.198, 0.244, 0.185, 0.084, 0.069, 0.053, 0.036, 0.008, 0.023, 0.005, 0.016, 0.003, 0.005, 0.01, 0.011, 0.002, 0.007, 0.005, 0.011, 0.009, R
0.021, 0.013, 0.053, 0.057, 0.065, 0.143, 0.134, 0.204, 0.157, 0.157, 0.233, 0.178, 0.151, 0.192, 0.206, 0.231, 0.236, 0.13, 0.381, 0.586, 0.45, 0.488, 1.0, 0.868, 0.472, 0.534, 0.62, 0.714, 0.56, 0.373, 0.248, 0.192, 0.139, 0.332, 0.288, 0.323, 0.261, 0.204, 0.24, 0.132, 0.068, 0.033, 0.072, 0.098, 0.079, 0.052, 0.05, 0.023, 0.022, 0.014, 0.031, 0.039, 0.015, 0.002, 0.01, 0.01, 0.008, 0.018, 0.011, 0.007, R

