0.009, 0.021, 0.021, 0.05, 0.066, 0.08, 0.097, 0.087, 0.074, 0.084, 0.158, 0.09, 0.031, 0.186, 0.297, 0.203, 0.126, 0.166, 0.166, 0.209, 0.231, 0.446, 0.663, 0.693, 0.766, 0.821, 0.705, 0.756, 0.747, 0.639, 0.485, 0.333, 0.536, 0.874, 0.857, 0.672, 0.345, 0.315, 0.27, 0.26, 0.274, 0.359, 0.438, 0.246, 0.076, 0.019, 0.08, 0.075, 0.037, 0.016, 0.03, 0.011, 0.011, 0.01, 0.003, 0.01, 0.01, 0.004, 0.007, 0.011, R
0.035, 0.071, 0.033, 0.027, 0.037, 0.079, 0.108, 0.069, 0.03, 0.088, 0.108, 0.098, 0.225, 0.282, 0.21, 0.124, 0.17, 0.094, 0.109, 0.141, 0.127, 0.315, 0.143, 0.226, 0.576, 0.788, 0.716, 0.6, 0.558, 0.63, 0.766, 0.894, 0.844, 0.681, 0.838, 1.0, 0.95, 0.787, 0.565, 0.348, 0.258, 0.23, 0.295, 0.336, 0.302, 0.219, 0.132, 0.108, 0.056, 0.004, 0.01, 0.016, 0.024, 0.004, 0.02, 0.011, 0.004, 0.01, 0.009, 0.005, R
0.026, 0.019, 0.025, 0.006, 0.035, 0.07, 0.126, 0.108, 0.152, 0.163, 0.103, 0.219, 0.154, 0.263, 0.294, 0.298, 0.07, 0.14, 0.299, 0.392, 0.36, 0.24, 0.421, 0.568, 0.609, 0.632, 0.655, 0.767, 1.0, 0.846, 0.551, 0.444, 0.517, 0.427, 0.18, 0.079, 0.054, 0.191, 0.256, 0.215, 0.277, 0.284, 0.173, 0.082, 0.034, 0.093, 0.102, 0.031, 0.021, 0.032, 0.013, 0.012, 0.012, 0.005, 0.007, 0.002, 0.004, 0.001, 0.004, 0.008, R
0.046, 0.044, 0.035, 0.046, 0.007, 0.089, 0.18, 0.174, 0.16, 0.141, 0.269, 0.326, 0.454, 0.578, 0.447, 0.223, 0.216, 0.32, 0.292, 0.424, 0.446, 0.238, 0.642, 0.897, 0.892, 0.753, 0.684, 0.839, 1.0, 0.836, 0.543, 0.458, 0.807, 0.697, 0.392, 0.156, 0.16, 0.216, 0.518, 0.478, 0.234, 0.36, 0.278, 0.181, 0.035, 0.047, 0.032, 0.041, 0.016, 0.009, 0.012, 0.007, 0.003, 0.011, 0.016, 0.015, 0.007, 0.008, 0.012, 0.006, R
0.049, 0.028, 0.059, 0.127, 0.177, 0.191, 0.222, 0.077, 0.125, 0.203, 0.095, 0.25, 0.221, 0.32, 0.334, 0.332, 0.278, 0.298, 0.295, 0.173, 0.326, 0.383, 0.352, 0.541, 0.523, 0.448, 0.534, 0.532, 0.391, 0.346, 0.409, 0.464, 0.558, 0.573, 0.636, 0.756, 0.69, 0.618, 0.538, 0.562, 0.651, 0.48, 0.374, 0.28, 0.198, 0.244, 0.179, 0.171, 0.076, 0.024, 0.027, 0.008, 0.013, 0.016, 0.006, 0.012, 0.019, 0.014, 0.033, 0.044, M
0.011, 0.022, 0.027, 0.038, 0.122, 0.206, 0.149, 0.093, 0.135, 0.18, 0.249, 0.297, 0.367, 0.439, 0.526, 0.676, 0.74, 0.828, 0.903, 0.958, 1.0, 0.998, 0.89, 0.749, 0.637, 0.674, 0.721, 0.682, 0.551, 0.479, 0.392, 0.253, 0.109, 0.139, 0.255, 0.33, 0.282, 0.214, 0.227, 0.214, 0.235, 0.287, 0.26, 0.192, 0.126, 0.1, 0.095, 0.121, 0.073, 0.017, 0.021, 0.027, 0.015, 0.026, 0.01, 0.004, 0.005, 0.014, 0.01, 0.002, M
0.041, 0.044, 0.045, 0.084, 0.042, 0.122, 0.2, 0.152, 0.082, 0.198, 0.231, 0.302, 0.394, 0.505, 0.587, 0.661, 0.742, 0.801, 0.846, 0.794, 0.88, 0.838, 0.785, 0.848, 0.743, 0.643, 0.551, 0.352, 0.317, 0.335, 0.206, 0.103, 0.317, 0.404, 0.428, 0.454, 0.37, 0.374, 0.384, 0.349, 0.438, 0.426, 0.285, 0.281, 0.24, 0.037, 0.08, 0.054, 0.018, 0.006, 0.022, 0.004, 0.014, 0.011, 0.005, 0.016, 0.014, 0.008, 0.025, 0.02, M
0.036, 0.048, 0.03, 0.021, 0.141, 0.192, 0.135, 0.161, 0.17, 0.144, 0.199, 0.215, 0.286, 0.357, 0.398, 0.436, 0.533, 0.63, 0.7, 0.744, 0.838, 0.864, 0.901, 0.943, 0.954, 1.0, 0.955, 0.974, 0.896, 0.72, 0.546, 0.316, 0.252, 0.197, 0.219, 0.153, 0.071, 0.15, 0.176, 0.228, 0.132, 0.106, 0.197, 0.169, 0.188, 0.118, 0.078, 0.05, 0.049, 0.019, 0.025, 0.012, 0.019, 0.006, 0.01, 0.005, 0.007, 0.011, 0.007, 0.003, M
0.025, 0.012, 0.028, 0.076, 0.122, 0.154, 0.119, 0.123, 0.212, 0.253, 0.286, 0.296, 0.334, 0.429, 0.52, 0.609, 0.724, 0.758, 0.773, 0.81, 0.9, 0.925, 0.936, 0.985, 0.978, 1.0, 0.99, 0.908, 0.731, 0.576, 0.447, 0.372, 0.208, 0.096, 0.049, 0.141, 0.255, 0.205, 0.161, 0.223, 0.177, 0.229, 0.252, 0.146, 0.067, 0.096, 0.149, 0.113, 0.046, 0.019, 0.014, 0.003, 0.007, 0.015, 0.001, 0.013, 0.005, 0.024, 0.008, 0.007, M
0.137, 0.123, 0.138, 0.148, 0.178, 0.143, 0.177, 0.216, 0.163, 0.207, 0.426, 0.548, 0.713, 0.7, 0.678, 0.794, 0.938, 0.892, 0.915, 0.783, 0.796, 0.798, 0.772, 0.662, 0.486, 0.557, 0.47, 0.564, 0.452, 0.337, 0.268, 0.234, 0.305, 0.302, 0.275, 0.104, 0.176, 0.316, 0.36, 0.274, 0.13, 0.246, 0.34, 0.175, 0.068, 0.106, 0.064, 0.053, 0.053, 0.027, 0.017, 0.012, 0.013, 0.034, 0.006, 0.007, 0.002, 0.008, 0.015, 0.005, M
0.032, 0.025, 0.017, 0.048, 0.09, 0.106, 0.102, 0.121, 0.124, 0.153, 0.213, 0.254, 0.269, 0.28, 0.189, 0.148, 0.216, 0.242, 0.299, 0.334, 0.379, 0.396, 0.523, 0.691, 0.787, 0.834, 0.92, 1.0, 0.899, 0.646, 0.597, 0.436, 0.3, 0.229, 0.187, 0.092, 0.183, 0.174, 0.245, 0.241, 0.252, 0.318, 0.168, 0.068, 0.119, 0.183, 0.188, 0.111, 0.031, 0.014, 0.014, 0.011, 0.006, 0.004, 0.007, 0.001, 0.005, 0.004, 0.0, 0.006, M
0.024, 0.032, 0.042, 0.04, 0.079, 0.077, 0.088, 0.114, 0.159, 0.205, 0.265, 0.31, 0.238, 0.192, 0.143, 0.174, 0.178, 0.285, 0.504, 0.617, 0.762, 0.812, 0.779, 0.879, 0.881, 0.947, 1.0, 0.974, 0.845, 0.615, 0.43, 0.316, 0.287, 0.202, 0.121, 0.027, 0.058, 0.126, 0.107, 0.108, 0.036, 0.12, 0.206, 0.205, 0.188, 0.205, 0.172, 0.107, 0.048, 0.017, 0.019, 0.01, 0.007, 0.008, 0.004, 0.003, 0.003, 0.001, 0.004, 0.006, M
0.012, 0.074, 0.037, 0.022, 0.008, 0.054, 0.111, 0.107, 0.171, 0.227, 0.317, 0.288, 0.266, 0.231, 0.189, 0.179, 0.23, 0.372, 0.622, 0.726, 0.793, 0.804, 0.807, 0.917, 0.933, 0.956, 1.0, 0.982, 0.868, 0.638, 0.4, 0.324, 0.284, 0.241, 0.232, 0.126, 0.069, 0.07, 0.144, 0.148, 0.044, 0.047, 0.148, 0.174, 0.156, 0.165, 0.118, 0.072, 0.032, 0.006, 0.02, 0.014, 0.01, 0.01, 0.003, 0.003, 0.004, 0.004, 0.006, 0.004, M
0.03, 0.062, 0.065, 0.092, 0.162, 0.229, 0.218, 0.203, 0.146, 0.085, 0.248, 0.364, 0.278, 0.283, 0.324, 0.434, 0.564, 0.456, 0.435, 0.643, 0.393, 0.199, 0.354, 0.916, 0.937, 0.462, 0.277, 0.661, 0.803, 0.42, 0.519, 0.696, 0.579, 0.889, 0.786, 0.713, 0.762, 0.44, 0.301, 0.316, 0.281, 0.29, 0.053, 0.187, 0.155, 0.163, 0.125, 0.075, 0.045, 0.006, 0.015, 0.003, 0.015, 0.007, 0.021, 0.008, 0.015, 0.005, 0.02, 0.007, R
0.006, 0.012, 0.007, 0.011, 0.022, 0.028, 0.053, 0.058, 0.105, 0.111, 0.094, 0.083, 0.092, 0.091, 0.149, 0.167, 0.127, 0.137, 0.11, 0.129, 0.215, 0.289, 0.424, 0.617, 0.817, 0.962, 0.828, 0.582, 0.467, 0.354, 0.273, 0.141, 0.186, 0.218, 0.236, 0.172, 0.059, 0.062, 0.185, 0.245, 0.298, 0.304, 0.228, 0.148, 0.11, 0.118, 0.061, 0.033, 0.028, 0.01, 0.002, 0.007, 0.002, 0.003, 0.005, 0.004, 0.003, 0.004, 0.001, 0.004, R
0.027, 0.009, 0.014, 0.028, 0.041, 0.076, 0.103, 0.114, 0.079, 0.152, 0.168, 0.137, 0.136, 0.134, 0.214, 0.535, 0.683, 0.56, 0.309, 0.323, 0.443, 0.557, 0.578, 0.617, 0.813, 0.982, 0.982, 0.917, 0.742, 0.774, 0.847, 0.735, 0.667, 0.608, 0.624, 0.597, 0.572, 0.524, 0.292, 0.154, 0.2, 0.203, 0.221, 0.178, 0.135, 0.137, 0.075, 0.047, 0.032, 0.018, 0.004, 0.008, 0.001, 0.002, 0.007, 0.004, 0.012, 0.013, 0.007, 0.009, R
0.013, 0.015, 0.064, 0.173, 0.256, 0.256, 0.295, 0.411, 0.498, 0.592, 0.583, 0.542, 0.547, 0.531, 0.498, 0.698, 0.829, 0.784, 0.822, 0.936, 1.0, 0.922, 0.784, 0.547, 0.456, 0.592, 0.545, 0.397, 0.088, 0.238, 0.2, 0.059, 0.254, 0.201, 0.033, 0.155, 0.121, 0.245, 0.317, 0.32, 0.305, 0.084, 0.127, 0.138, 0.114, 0.052, 0.007, 0.028, 0.037, 0.012, 0.015, 0.009, 0.004, 0.01, 0.012, 0.001, 0.018, 0.009, 0.012, 0.006, R
0.029, 0.064, 0.039, 0.017, 0.048, 0.082, 0.099, 0.032, 0.074, 0.086, 0.041, 0.047, 0.084, 0.094, 0.147, 0.081, 0.118, 0.218, 0.333, 0.326, 0.211, 0.23, 0.336, 0.426, 0.461, 0.261, 0.087, 0.286, 0.561, 0.834, 0.81, 0.725, 0.805, 0.944, 1.0, 0.896, 0.552, 0.304, 0.234, 0.238, 0.332, 0.382, 0.158, 0.223, 0.158, 0.143, 0.163, 0.113, 0.057, 0.013, 0.017, 0.004, 0.005, 0.008, 0.008, 0.008, 0.01, 0.016, 0.01, 0.001, R
0.072, 0.157, 0.111, 0.108, 0.067, 0.18, 0.111, 0.279, 0.141, 0.08, 0.253, 0.392, 0.338, 0.161, 0.189, 0.331, 0.228, 0.218, 0.185, 0.517, 0.534, 0.63, 0.844, 0.676, 0.582, 0.614, 0.881, 0.838, 0.387, 0.505, 0.546, 0.424, 0.153, 0.495, 0.698, 0.711, 0.565, 0.487, 0.552, 0.443, 0.525, 0.608, 0.525, 0.136, 0.427, 0.444, 0.219, 0.09, 0.12, 0.063, 0.023, 0.031, 0.013, 0.008, 0.028, 0.012, 0.009, 0.015, 0.016, 0.013, M
0.012, 0.007, 0.028, 0.058, 0.092, 0.127, 0.158, 0.193, 0.236, 0.217, 0.118, 0.075, 0.278, 0.376, 0.509, 0.659, 0.707, 0.753, 0.836, 0.859, 0.962, 0.984, 0.87, 0.64, 0.507, 0.54, 0.693, 0.849, 0.821, 0.596, 0.295, 0.276, 0.288, 0.189, 0.145, 0.096, 0.089, 0.084, 0.089, 0.155, 0.232, 0.222, 0.104, 0.172, 0.202, 0.179, 0.111, 0.04, 0.03, 0.008, 0.004, 0.005, 0.003, 0.002, 0.001, 0.003, 0.002, 0.006, 0.003, 0.005, M
0.029, 0.045, 0.028, 0.017, 0.038, 0.099, 0.12, 0.183, 0.21, 0.304, 0.299, 0.425, 0.634, 0.82, 1.0, 0.999, 0.951, 0.902, 0.723, 0.512, 0.207, 0.398, 0.589, 0.287, 0.204, 0.578, 0.539, 0.375, 0.341, 0.507, 0.558, 0.478, 0.33, 0.22, 0.141, 0.286, 0.381, 0.416, 0.405, 0.33, 0.271, 0.265, 0.072, 0.124, 0.119, 0.109, 0.062, 0.049, 0.026, 0.008, 0.01, 0.004, 0.001, 0.004, 0.001, 0.009, 0.006, 0.003, 0.005, 0.006, R

