0.007, 0.023, 0.051, 0.044, 0.025, 0.064, 0.042, 0.113, 0.191, 0.248, 0.161, 0.092, 0.24, 0.322, 0.43, 0.265, 0.067, 0.144, 0.237, 0.26, 0.249, 0.39, 0.638, 0.804, 0.703, 0.687, 0.7, 0.856, 1.0, 0.962, 0.9, 0.758, 0.69, 0.569, 0.44, 0.455, 0.296, 0.159, 0.168, 0.084, 0.117, 0.175, 0.273, 0.17, 0.019, 0.021, 0.035, 0.042, 0.009, 0.02, 0.02, 0.017, 0.016, 0.006, 0.004, 0.007, 0.004, 0.005, 0.019, 0.01, R
0.026, 0.045, 0.039, 0.024, 0.132, 0.132, 0.161, 0.214, 0.085, 0.056, 0.089, 0.086, 0.153, 0.152, 0.185, 0.287, 0.201, 0.275, 0.502, 0.217, 0.498, 0.526, 0.365, 0.577, 0.516, 0.572, 0.401, 0.365, 0.668, 0.866, 0.805, 0.408, 0.338, 0.509, 0.678, 0.731, 0.606, 0.704, 0.885, 0.898, 0.775, 0.725, 0.773, 0.776, 0.601, 0.451, 0.31, 0.186, 0.096, 0.021, 0.021, 0.01, 0.015, 0.01, 0.013, 0.02, 0.002, 0.02, 0.026, 0.018, R
0.013, 0.008, 0.019, 0.014, 0.044, 0.067, 0.061, 0.013, 0.09, 0.092, 0.144, 0.148, 0.209, 0.256, 0.26, 0.198, 0.239, 0.313, 0.408, 0.453, 0.489, 0.567, 0.623, 0.674, 0.828, 0.882, 0.92, 0.896, 0.755, 0.674, 0.646, 0.501, 0.366, 0.23, 0.136, 0.212, 0.24, 0.267, 0.286, 0.206, 0.166, 0.263, 0.255, 0.17, 0.147, 0.129, 0.093, 0.072, 0.032, 0.026, 0.014, 0.004, 0.003, 0.002, 0.002, 0.005, 0.014, 0.014, 0.003, 0.006, R
0.131, 0.234, 0.306, 0.426, 0.401, 0.179, 0.185, 0.006, 0.193, 0.223, 0.291, 0.226, 0.314, 0.33, 0.366, 0.396, 0.439, 0.467, 0.526, 0.374, 0.224, 0.197, 0.434, 0.653, 0.507, 0.28, 0.416, 0.595, 0.524, 0.418, 0.371, 0.238, 0.086, 0.144, 0.29, 0.458, 0.372, 0.337, 0.38, 0.418, 0.36, 0.271, 0.165, 0.195, 0.281, 0.225, 0.192, 0.15, 0.066, 0.019, 0.016, 0.036, 0.021, 0.015, 0.018, 0.001, 0.011, 0.013, 0.018, 0.023, M
0.059, 0.121, 0.127, 0.15, 0.144, 0.056, 0.083, 0.067, 0.137, 0.235, 0.321, 0.426, 0.52, 0.491, 0.595, 0.722, 0.904, 0.911, 0.872, 0.769, 0.733, 0.522, 0.31, 0.317, 0.227, 0.164, 0.175, 0.184, 0.205, 0.167, 0.277, 0.31, 0.34, 0.444, 0.505, 0.281, 0.168, 0.263, 0.32, 0.193, 0.093, 0.044, 0.078, 0.072, 0.04, 0.055, 0.108, 0.114, 0.077, 0.026, 0.022, 0.033, 0.011, 0.009, 0.016, 0.012, 0.004, 0.01, 0.023, 0.012, M
0.012, 0.018, 0.045, 0.11, 0.191, 0.092, 0.076, 0.109, 0.076, 0.101, 0.25, 0.399, 0.381, 0.475, 0.616, 0.646, 0.802, 0.921, 0.983, 0.963, 0.865, 0.832, 0.828, 0.801, 0.61, 0.485, 0.436, 0.431, 0.44, 0.383, 0.303, 0.304, 0.32, 0.229, 0.213, 0.235, 0.32, 0.446, 0.366, 0.272, 0.175, 0.178, 0.22, 0.106, 0.057, 0.031, 0.024, 0.047, 0.01, 0.006, 0.003, 0.016, 0.01, 0.008, 0.027, 0.028, 0.01, 0.005, 0.015, 0.009, M
0.009, 0.033, 0.031, 0.038, 0.13, 0.18, 0.191, 0.169, 0.187, 0.172, 0.223, 0.311, 0.414, 0.516, 0.537, 0.511, 0.644, 0.733, 0.816, 0.886, 0.989, 1.0, 0.875, 0.863, 0.907, 0.867, 0.775, 0.66, 0.562, 0.402, 0.233, 0.116, 0.11, 0.043, 0.062, 0.196, 0.212, 0.324, 0.41, 0.294, 0.191, 0.17, 0.101, 0.151, 0.143, 0.11, 0.117, 0.097, 0.07, 0.028, 0.022, 0.015, 0.011, 0.024, 0.016, 0.006, 0.008, 0.006, 0.009, 0.007, M
0.01, 0.031, 0.054, 0.041, 0.061, 0.104, 0.102, 0.139, 0.259, 0.374, 0.423, 0.45, 0.54, 0.43, 0.333, 0.35, 0.343, 0.285, 0.406, 0.683, 0.765, 0.667, 0.57, 0.6, 0.648, 0.861, 0.982, 0.938, 0.844, 0.607, 0.54, 0.689, 0.598, 0.324, 0.052, 0.316, 0.359, 0.388, 0.572, 0.431, 0.305, 0.439, 0.43, 0.483, 0.508, 0.195, 0.154, 0.204, 0.105, 0.025, 0.036, 0.018, 0.002, 0.01, 0.013, 0.004, 0.004, 0.003, 0.003, 0.003, M
0.01, 0.04, 0.068, 0.069, 0.089, 0.093, 0.096, 0.214, 0.255, 0.295, 0.402, 0.515, 0.49, 0.413, 0.358, 0.345, 0.307, 0.294, 0.435, 0.726, 0.815, 0.81, 0.666, 0.696, 0.775, 0.869, 1.0, 0.994, 0.879, 0.648, 0.588, 0.641, 0.497, 0.276, 0.03, 0.336, 0.317, 0.413, 0.628, 0.498, 0.261, 0.47, 0.481, 0.492, 0.529, 0.222, 0.14, 0.189, 0.095, 0.013, 0.031, 0.024, 0.008, 0.014, 0.017, 0.001, 0.011, 0.004, 0.004, 0.002, M
0.039, 0.011, 0.027, 0.026, 0.041, 0.049, 0.105, 0.169, 0.21, 0.247, 0.268, 0.305, 0.286, 0.229, 0.116, 0.213, 0.206, 0.222, 0.324, 0.433, 0.507, 0.594, 0.708, 0.764, 0.888, 0.971, 0.988, 0.981, 0.946, 0.854, 0.646, 0.34, 0.383, 0.32, 0.133, 0.044, 0.123, 0.203, 0.165, 0.104, 0.107, 0.211, 0.242, 0.163, 0.077, 0.072, 0.091, 0.081, 0.05, 0.01, 0.009, 0.008, 0.008, 0.003, 0.008, 0.004, 0.007, 0.004, 0.002, 0.001, M
0.026, 0.036, 0.014, 0.027, 0.021, 0.034, 0.066, 0.14, 0.184, 0.235, 0.272, 0.244, 0.166, 0.034, 0.13, 0.171, 0.218, 0.318, 0.371, 0.455, 0.57, 0.74, 0.806, 0.884, 0.943, 1.0, 0.938, 0.76, 0.712, 0.836, 0.762, 0.457, 0.172, 0.155, 0.164, 0.187, 0.266, 0.171, 0.096, 0.077, 0.085, 0.208, 0.25, 0.186, 0.144, 0.147, 0.099, 0.004, 0.015, 0.012, 0.018, 0.015, 0.013, 0.005, 0.004, 0.006, 0.004, 0.004, 0.006, 0.012, M
0.022, 0.012, 0.017, 0.015, 0.061, 0.103, 0.114, 0.088, 0.116, 0.087, 0.156, 0.078, 0.1, 0.092, 0.066, 0.113, 0.174, 0.257, 0.329, 0.391, 0.544, 0.612, 0.702, 0.761, 0.797, 0.91, 0.881, 0.795, 0.799, 0.718, 0.641, 0.631, 0.593, 0.617, 0.65, 0.676, 0.625, 0.512, 0.389, 0.327, 0.251, 0.153, 0.132, 0.166, 0.122, 0.098, 0.045, 0.027, 0.018, 0.009, 0.002, 0.005, 0.005, 0.01, 0.013, 0.012, 0.005, 0.002, 0.001, 0.002, R
0.022, 0.022, 0.027, 0.014, 0.036, 0.078, 0.091, 0.091, 0.115, 0.097, 0.12, 0.11, 0.119, 0.176, 0.239, 0.214, 0.193, 0.176, 0.075, 0.126, 0.2, 0.157, 0.26, 0.539, 0.844, 1.0, 0.868, 0.674, 0.554, 0.464, 0.361, 0.206, 0.162, 0.209, 0.31, 0.234, 0.106, 0.038, 0.053, 0.129, 0.224, 0.192, 0.159, 0.094, 0.084, 0.067, 0.034, 0.047, 0.036, 0.014, 0.008, 0.014, 0.004, 0.005, 0.007, 0.002, 0.005, 0.002, 0.001, 0.002, R
0.034, 0.029, 0.048, 0.054, 0.079, 0.08, 0.114, 0.123, 0.124, 0.084, 0.036, 0.069, 0.17, 0.326, 0.46, 0.622, 0.733, 0.784, 0.799, 0.826, 1.0, 0.981, 0.962, 0.96, 0.912, 0.909, 0.793, 0.588, 0.347, 0.424, 0.463, 0.341, 0.285, 0.285, 0.174, 0.055, 0.119, 0.115, 0.086, 0.181, 0.126, 0.08, 0.038, 0.127, 0.112, 0.05, 0.095, 0.068, 0.026, 0.017, 0.003, 0.015, 0.011, 0.003, 0.004, 0.017, 0.014, 0.002, 0.007, 0.005, R
0.004, 0.006, 0.015, 0.034, 0.031, 0.028, 0.04, 0.027, 0.032, 0.045, 0.049, 0.1, 0.142, 0.119, 0.063, 0.091, 0.118, 0.143, 0.122, 0.11, 0.185, 0.372, 0.438, 0.571, 0.665, 0.748, 0.765, 0.856, 0.972, 0.922, 0.75, 0.721, 0.776, 0.606, 0.502, 0.45, 0.395, 0.428, 0.443, 0.375, 0.197, 0.051, 0.079, 0.127, 0.153, 0.069, 0.04, 0.053, 0.023, 0.007, 0.006, 0.006, 0.012, 0.005, 0.006, 0.009, 0.004, 0.0, 0.005, 0.004, R
0.047, 0.051, 0.082, 0.125, 0.178, 0.307, 0.301, 0.236, 0.383, 0.376, 0.302, 0.291, 0.23, 0.141, 0.158, 0.243, 0.447, 0.596, 0.674, 0.797, 0.832, 0.781, 0.863, 0.737, 0.412, 0.26, 0.339, 0.379, 0.449, 0.628, 0.745, 0.733, 0.77, 0.787, 0.605, 0.586, 0.638, 0.728, 0.629, 0.532, 0.407, 0.179, 0.162, 0.253, 0.19, 0.164, 0.06, 0.021, 0.044, 0.018, 0.011, 0.019, 0.012, 0.006, 0.004, 0.005, 0.005, 0.008, 0.003, 0.003, R
0.066, 0.058, 0.084, 0.037, 0.046, 0.077, 0.077, 0.113, 0.235, 0.184, 0.287, 0.413, 0.365, 0.198, 0.284, 0.404, 0.584, 0.679, 0.609, 0.486, 0.325, 0.201, 0.208, 0.169, 0.248, 0.274, 0.298, 0.466, 0.699, 0.747, 0.796, 0.798, 0.672, 0.694, 0.744, 0.817, 0.891, 1.0, 0.875, 0.706, 0.68, 0.59, 0.462, 0.364, 0.149, 0.122, 0.131, 0.12, 0.058, 0.024, 0.014, 0.014, 0.019, 0.004, 0.004, 0.003, 0.002, 0.016, 0.011, 0.008, R
0.041, 0.114, 0.052, 0.023, 0.065, 0.112, 0.179, 0.241, 0.268, 0.206, 0.155, 0.267, 0.314, 0.29, 0.353, 0.508, 0.464, 0.186, 0.447, 0.408, 0.54, 0.479, 0.433, 0.611, 0.509, 0.461, 0.724, 0.899, 0.883, 0.92, 0.8, 0.603, 0.212, 0.287, 0.403, 0.28, 0.309, 0.355, 0.254, 0.143, 0.587, 0.643, 0.583, 0.429, 0.489, 0.578, 0.432, 0.264, 0.179, 0.077, 0.08, 0.038, 0.014, 0.027, 0.013, 0.017, 0.01, 0.022, 0.01, 0.008, M
0.03, 0.069, 0.099, 0.102, 0.08, 0.063, 0.013, 0.081, 0.176, 0.1, 0.052, 0.09, 0.266, 0.31, 0.352, 0.389, 0.396, 0.245, 0.236, 0.304, 0.311, 0.47, 0.553, 0.453, 0.446, 0.467, 0.462, 0.699, 0.763, 0.702, 0.738, 0.745, 0.793, 0.523, 0.397, 0.304, 0.131, 0.241, 0.178, 0.16, 0.566, 0.644, 0.424, 0.457, 0.576, 0.529, 0.329, 0.128, 0.07, 0.033, 0.034, 0.046, 0.028, 0.017, 0.009, 0.005, 0.02, 0.013, 0.012, 0.002, M
0.021, 0.013, 0.002, 0.045, 0.071, 0.156, 0.152, 0.121, 0.167, 0.134, 0.078, 0.037, 0.123, 0.261, 0.428, 0.612, 0.744, 0.813, 0.901, 0.96, 0.916, 0.914, 0.785, 0.513, 0.344, 0.329, 0.257, 0.368, 0.576, 0.619, 0.461, 0.362, 0.443, 0.386, 0.309, 0.214, 0.111, 0.139, 0.152, 0.1, 0.164, 0.19, 0.131, 0.178, 0.2, 0.076, 0.073, 0.075, 0.045, 0.013, 0.017, 0.012, 0.002, 0.005, 0.005, 0.003, 0.002, 0.004, 0.005, 0.002, M

