1, 12, 1, -3.498, 1.669, 0.076, 1.53, 0.38, -0.135, -0.814, -0.208, -0.307, 1.053, 1
1, 12, 1, -3.396, 3.867, -1.029, -0.603, -0.573, 0.78, 1.209, 0.228, -0.673, -0.562, 7
1, 12, 1, -3.35, 2.713, -0.472, 0.4, -0.196, 0.248, -0.224, 0.53, -0.358, -0.091, 10
1, 13, 1, -3.065, 1.781, -0.915, 0.698, 0.175, 0.662, -0.086, -0.361, -0.774, 0.951, 5
1, 13, 1, -3.492, 3.446, -1.734, 0.705, -0.23, 1.339, 0.092, -0.698, -1.143, -0.05, 6
1, 13, 1, -4.062, 2.358, -0.31, 1.895, 1.095, 0.049, -0.87, -0.524, -0.98, -0.065, 9
1, 14, 1, -3.048, 2.817, -0.703, -0.396, -0.639, 0.92, 0.674, 0.686, -0.611, -0.053, 6
1, 14, 1, -3.572, 0.228, 0.52, 1.791, 0.382, 0.573, -0.961, -0.74, -0.936, 1.007, 0
1, 14, 1, -2.938, 2.782, -1.111, -0.076, 0.0, 0.582, 0.252, -0.4, -0.773, 0.838, 5
1, 14, 1, -3.952, 2.489, 0.287, 0.012, 0.141, 0.892, -0.087, 0.613, -0.685, -0.623, 8
0, 0, 0, -2.598, 1.938, -0.846, 1.062, -1.633, 0.764, 0.394, -0.15, 0.277, -0.396, 4
0, 0, 0, -2.304, 1.784, -1.506, 0.981, -0.961, 0.806, -0.294, -0.002, 0.119, -0.76, 3
0, 0, 0, -2.887, 2.131, -0.83, 0.682, -1.557, 0.818, 0.448, -0.382, 0.207, -0.402, 5
0, 0, 0, -2.859, 1.627, -1.14, 0.769, -0.948, 1.39, -0.608, 0.956, -0.204, -0.727, 10
0, 0, 0, -3.624, 0.305, -0.708, 1.758, -0.194, 1.675, -0.273, 0.561, -0.577, -0.843, 0
0, 0, 0, -3.687, 1.784, -1.593, 1.603, 0.123, 1.424, -0.225, 0.441, 0.206, -0.714, 9
0, 0, 0, -2.666, 1.516, -1.198, 0.741, -1.066, 1.24, -0.574, 0.965, -0.13, -0.711, 10
0, 1, 0, -2.321, 1.303, 0.32, -0.085, -0.278, 0.001, -0.094, -0.283, 0.852, 0.022, 5
0, 1, 0, -3.054, 3.104, -0.513, -0.085, -0.952, 0.299, -0.269, 0.459, 0.892, -0.308, 6
0, 1, 0, -1.895, -0.012, -0.97, -0.152, -0.161, 1.509, 0.487, 0.809, 0.044, -0.264, 1
0, 1, 0, -3.082, 1.633, -0.118, -0.147, -0.484, 1.176, -0.086, -0.072, 0.086, -0.564, 10
0, 1, 0, -2.788, 3.194, -1.142, -0.313, -0.58, 0.357, 0.281, 0.082, 0.109, -0.858, 4
0, 1, 0, -2.489, 1.773, -0.18, -0.152, -0.353, 0.133, -0.186, 0.207, 0.788, -0.285, 5
0, 2, 0, -1.57, 1.655, -1.04, 1.16, -0.923, 0.961, -0.231, 0.955, -0.273, 0.065, 3
0, 2, 0, -1.384, -0.321, -2.266, 0.937, -0.289, 2.29, 0.463, 1.096, -1.436, -0.701, 0
0, 2, 0, -3.545, 1.926, -0.512, 1.732, -1.109, 1.006, 0.021, 0.82, 0.731, -0.639, 8
0, 2, 0, -2.447, 1.914, -0.208, 1.641, -1.159, 0.104, -0.539, 1.58, 0.058, 0.786, 6
0, 2, 0, -3.425, 1.724, -0.638, 1.573, -1.041, 1.204, -0.124, 1.258, 0.548, -0.507, 8
0, 3, 0, -2.03, 1.764, -0.386, -0.249, 0.18, 0.117, 0.096, -0.121, 0.067, -0.552, 3
0, 3, 0, -1.656, -0.496, -1.719, 0.363, -0.002, 1.637, 0.535, 1.319, -0.012, -0.49, 0
0, 3, 0, -3.57, 1.366, 0.97, 1.957, -1.262, 0.002, -1.275, 0.585, 0.754, 0.993, 7
0, 3, 0, -2.089, 1.695, -0.528, -0.232, 0.385, -0.137, 0.033, 0.071, 0.033, -0.744, 3
0, 3, 0, -2.475, 1.498, 0.864, 0.397, -1.17, -0.234, -0.388, 0.825, 0.16, 0.057, 4
0, 3, 0, -2.507, 1.528, 0.852, 0.331, -1.231, -0.259, -0.265, 0.856, 0.07, 0.069, 4
0, 3, 0, -3.53, 1.268, 0.903, 1.887, -1.279, 0.008, -1.441, 0.657, 0.873, 1.042, 7
0, 3, 0, -2.704, 0.917, 0.267, 0.314, -0.756, 0.818, -0.114, 0.673, 0.261, 0.056, 10
0, 3, 0, -2.076, 1.413, -0.584, 0.19, -0.35, 0.518, -0.406, 0.313, 0.027, -0.724, 3
0, 3, 0, -2.554, 1.532, 0.812, 0.367, -1.208, -0.352, -0.252, 0.894, 0.05, 0.084, 4
0, 4, 1, -3.406, 2.403, 1.025, 0.108, -1.1, -0.316, 0.099, 1.541, -0.304, -0.671, 6
0, 4, 1, -2.923, 0.919, -0.231, -0.307, 0.075, 0.265, 0.403, 0.691, -1.012, -0.157, 10
0, 4, 1, -3.128, 0.28, 0.955, 1.264, 0.753, 0.437, -0.841, -0.517, -0.473, 0.0, 1
0, 4, 1, -2.689, 0.528, 0.157, 1.501, 0.349, -0.412, -0.49, -0.512, -0.277, 0.422, 2
0, 5, 1, -3.518, 0.716, -0.365, 1.788, 0.584, 1.678, -0.109, -0.016, -1.501, 0.002, 1
0, 5, 1, -3.394, 0.557, -0.573, 1.704, 0.608, 1.644, 0.109, 0.2, -1.507, -0.225, 1
0, 5, 1, -2.656, 1.263, -0.527, 0.464, -0.612, 0.668, -0.16, 0.857, -0.416, -0.596, 5
0, 5, 1, -4.172, 3.188, -0.375, 1.028, -1.41, 0.008, 0.513, 0.635, 0.802, -0.28, 7
0, 5, 1, -4.836, 3.871, -0.684, 0.182, 0.349, -0.176, 0.317, 0.059, -0.024, -1.13, 9
0, 6, 1, -2.21, 0.661, -0.581, 1.139, 0.238, 0.074, -0.625, -0.366, -0.326, 0.557, 2
0, 6, 1, -4.964, 2.78, 0.474, 0.047, 0.417, -0.328, 0.334, 0.474, -1.26, -0.221, 9
0, 6, 1, -2.708, 2.396, 0.728, 0.336, -1.437, -0.344, -0.411, 1.469, -0.022, -0.717, 6
0, 6, 1, -4.384, 3.721, -0.905, -0.965, -0.16, 0.498, 0.809, 0.66, -0.613, -0.831, 7
0, 6, 1, -2.01, 2.164, -0.626, 0.389, -0.24, -0.441, 0.103, -0.27, -0.647, 0.165, 3
0, 6, 1, -2.982, 2.001, -0.915, 0.188, 0.035, 0.467, -0.13, -0.689, -0.684, 0.664, 5
0, 6, 1, -4.2, 2.201, -0.31, -0.392, 0.968, 0.7, -0.328, 0.129, -0.896, 0.15, 8
0, 7, 1, -4.181, 1.646, 0.736, 1.286, 0.724, -0.511, -1.126, -0.45, -0.648, 0.995, 1
0, 7, 1, -3.494, 1.207, -0.607, 0.242, -0.43, 0.131, 0.236, 0.545, -0.593, 0.678, 3
0, 7, 1, -4.373, 4.643, -0.792, -1.332, -0.202, 0.597, 0.192, 1.133, -1.131, -0.28, 7
0, 7, 1, -3.001, 2.263, -1.178, -0.116, -0.922, 0.536, 1.286, -0.506, -0.566, -0.102, 4
0, 7, 1, -4.474, 4.569, -1.069, -1.409, 0.137, 1.049, 0.071, 0.877, -1.355, -0.167, 7
0, 7, 1, -4.471, 4.096, -0.809, -0.881, 0.646, 0.539, 0.04, 0.142, -1.555, -0.023, 8
0, 7, 1, -4.058, 1.072, 0.157, 1.136, 0.385, -0.687, -0.583, -0.185, -0.3, 1.177, 2
0, 7, 1, -3.434, 2.26, -1.065, -0.122, -0.795, 0.363, 1.403, -0.507, -0.375, 0.015, 4
0, 7, 1, -4.149, 1.129, -0.008, 1.215, 0.39, -0.474, -0.4, -0.343, -0.344, 0.886, 2
0, 7, 1, -4.471, 4.461, -1.887, -0.799, 0.719, 0.938, 0.239, 0.342, -1.036, -0.06, 7
0, 7, 1, -5.049, 4.846, -0.678, -0.877, -0.09, 0.005, 0.253, -0.078, -0.178, 0.131, 9
0, 7, 1, -3.85, 2.28, -1.055, -0.335, -0.164, 0.41, 0.913, -0.391, -0.338, 0.26, 4
0, 7, 1, -5.04, 5.074, -1.721, -0.264, 0.279, 0.176, 0.003, -0.609, -0.177, 0.422, 9
0, 7, 1, -4.651, 4.246, -0.823, -0.831, 0.666, 0.546, -0.3, 0.094, -1.343, 0.185, 8
1, 8, 0, -2.505, 0.632, -0.593, 0.304, 0.496, 0.824, -0.162, 0.181, -0.363, -0.764, 2
1, 8, 0, -2.895, 0.682, -0.151, 0.218, -0.689, 1.118, -0.264, 0.922, 0.757, 0.327, 10
1, 8, 0, -2.633, 0.672, -0.372, 0.439, 0.437, 0.907, -0.402, -0.04, -0.366, -0.741, 2
1, 8, 0, -2.698, -1.027, -0.94, 1.796, 0.392, 1.33, 0.866, 0.781, -0.838, -0.663, 0
1, 8, 0, -3.108, 0.926, -0.389, 0.249, -0.461, 0.816, -0.226, 0.818, 0.387, 0.303, 10
1, 8, 0, -4.683, 0.773, 0.888, 2.302, -0.562, 0.395, -0.401, -0.289, -0.839, 1.165, 9
1, 8, 0, -3.958, 4.132, -0.074, -0.19, -1.184, -0.11, -0.679, 1.198, 0.442, 0.563, 7
1, 9, 0, -2.55, 2.391, -1.137, 0.09, -0.948, 0.217, 0.051, 0.723, -0.558, -0.204, 5
1, 9, 0, -3.297, 2.88, -0.859, -0.301, -1.02, 0.798, 0.288, 0.855, -0.528, -0.662, 6
1, 9, 0, -3.587, 1.193, -0.617, 1.34, -0.022, 1.103, -0.072, 0.368, -0.854, -0.767, 1
1, 9, 0, -1.925, 1.517, -0.999, 0.634, -1.27, 0.207, 0.385, 0.004, -0.141, -0.624, 3
1, 9, 0, -3.731, 1.927, -0.705, 0.453, -0.372, 1.149, 0.046, 0.323, -0.627, -0.331, 10
1, 9, 0, -3.117, 0.146, -1.228, 1.635, 0.223, 2.026, 0.036, 0.569, -1.15, -0.767, 0
1, 10, 0, -3.989, 3.582, -1.1, 0.374, -0.12, 0.291, 0.663, 0.96, 0.023, -0.477, 8
1, 10, 0, -3.024, 3.26, 0.35, -0.577, -1.183, 0.872, 0.556, 0.762, 0.395, -0.665, 6
1, 10, 0, -2.951, 2.64, 0.832, -0.387, -1.502, 0.272, 0.756, 0.538, 0.616, -0.399, 6
1, 10, 0, -3.337, -0.347, -0.79, 2.129, -0.058, 2.079, 0.295, 0.246, -0.687, -1.241, 0
1, 10, 0, -2.45, 1.993, -1.08, -0.09, 0.367, 0.324, -0.164, 0.684, -0.181, -1.013, 3
1, 11, 0, -2.639, 1.88, -0.389, 0.204, -0.571, 0.094, -0.233, 0.279, 0.426, -0.598, 4
1, 11, 0, -4.138, 1.128, -0.601, 1.553, -0.019, 2.039, -0.176, 0.262, -0.551, -0.362, 9
1, 11, 0, -2.957, 0.596, -0.756, 0.89, 0.58, 0.836, 0.543, 0.036, -0.232, -0.579, 1
1, 11, 0, -4.319, 1.338, -0.549, 1.678, 0.027, 1.922, -0.228, 0.161, -0.47, -0.442, 9
1, 11, 0, -4.142, 3.454, -0.653, 0.271, -0.598, 0.793, 0.563, 0.52, -0.118, -0.33, 8
1, 11, 0, -2.855, 1.587, -0.03, 0.202, 0.165, 0.445, 0.207, -0.067, -0.013, -0.712, 5
1, 12, 1, -3.705, -0.204, 0.274, 1.569, 0.883, 1.366, -0.94, -0.691, -0.162, 0.598, 0
1, 12, 1, -2.64, 1.322, -0.111, 0.861, 0.026, -0.354, -0.425, 0.083, -0.235, 0.781, 2
1, 12, 1, -2.676, 1.411, -0.098, 1.047, -0.04, -0.131, -0.56, -0.03, -0.192, 0.705, 2
1, 12, 1, -3.49, -0.474, 0.187, 1.747, 0.733, 1.307, -0.816, -0.787, -0.222, 0.41, 0
1, 12, 1, -3.155, 0.613, -0.285, 1.287, 0.882, 0.337, -0.624, 0.067, -0.516, 0.891, 1
1, 12, 1, -2.762, 1.51, -0.145, 1.157, -0.256, 0.041, -0.647, -0.324, -0.128, 0.806, 2
1, 12, 1, -3.818, 3.159, -0.298, -0.058, -0.348, 0.194, 0.593, 0.211, 0.531, -0.014, 8

