1, 12, 1, -4.568, 3.344, -0.005, -0.092, -0.546, 0.479, -0.168, 1.186, -0.565, -1.025, 9
1, 13, 1, -4.711, 1.166, 1.244, 1.746, 0.311, -0.305, -0.691, -0.137, -0.288, 1.023, 0
1, 13, 1, -4.057, 1.925, 0.521, 1.331, 0.273, -0.167, -0.365, -0.665, -0.512, 0.716, 1
1, 13, 1, -2.931, 1.85, -0.896, 0.685, -1.0, 0.504, 0.212, -0.276, -0.203, 0.595, 3
1, 13, 1, -2.964, 1.154, -0.373, 1.511, -0.583, 0.152, -0.012, -0.949, -0.054, 1.16, 2
1, 13, 1, -3.52, 3.318, -1.867, 0.691, 0.263, 0.822, 0.14, -0.62, -1.098, 0.083, 6
1, 13, 1, -3.341, 1.714, -0.773, 0.771, -0.976, 0.625, 0.078, -0.438, -0.084, 0.607, 3
1, 13, 1, -3.567, 2.081, -0.579, 0.845, 0.126, 0.381, -0.179, -0.51, -0.846, 0.987, 5
1, 13, 1, -4.118, 2.542, -0.2, 1.616, 1.106, -0.06, -0.728, -0.544, -0.912, -0.101, 9
1, 13, 1, -3.636, 2.719, -0.178, 0.665, 0.099, -0.084, -0.333, -0.362, -1.049, 0.978, 10
1, 14, 1, -4.008, 2.141, -0.18, 1.041, 0.688, 0.712, -0.879, -0.201, -1.066, -0.549, 9
1, 14, 1, -3.027, 2.903, -0.799, -0.452, -0.503, 1.044, 0.679, 0.483, -0.776, -0.062, 6
1, 14, 1, -3.946, 2.545, 0.447, -0.001, 0.043, 0.788, -0.102, 0.68, -0.637, -0.545, 8
1, 14, 1, -3.546, 1.064, -0.006, 1.455, 0.847, 1.117, 0.073, -0.025, -1.318, 0.557, 1
1, 14, 1, -3.176, 2.997, -1.098, -0.371, -0.418, 1.318, 0.48, 0.472, -0.814, 0.106, 6
1, 14, 1, -2.924, 2.731, -1.138, 0.066, 0.1, 0.683, 0.162, -0.399, -0.882, 0.827, 5
0, 0, 0, -3.327, 0.496, -0.694, 1.365, -0.265, 1.933, -0.363, 0.51, -0.621, -0.488, 1
0, 0, 0, -2.635, 2.147, -1.129, 0.911, -1.407, 1.095, -0.071, 0.118, 0.139, -0.685, 4
0, 0, 0, -3.712, 1.816, -1.171, 0.647, -0.767, 1.698, -0.347, 0.92, 0.159, -0.359, 8
0, 0, 0, -3.062, 0.351, -1.071, 1.061, -0.355, 1.99, -0.21, 0.796, -0.358, -0.299, 1
0, 0, 0, -4.074, 2.281, 0.152, 1.556, -1.613, -0.047, 0.222, 0.252, 0.775, 0.125, 7
0, 0, 0, -2.596, 1.56, -1.249, 0.656, -1.095, 1.292, -0.55, 1.006, -0.15, -0.553, 10
0, 1, 0, -3.141, 3.314, -0.996, -0.394, -0.19, -0.312, 0.137, 0.631, 0.547, -0.247, 6
0, 1, 0, -3.941, 3.353, 0.486, -0.506, -1.12, 0.101, 0.297, 0.711, -0.078, 0.648, 7
0, 1, 0, -4.161, 2.937, 0.157, 0.336, -0.968, 0.641, 0.088, 0.237, 0.565, 0.823, 8
0, 1, 0, -1.709, 0.486, -0.953, -0.346, 0.02, 0.786, 0.145, 0.564, -0.229, -0.322, 2
0, 1, 0, -4.65, 2.455, 0.013, 0.681, -0.8, 1.434, 0.126, 0.036, 0.382, 0.278, 9
0, 1, 0, -2.7, 2.83, -0.389, 0.032, -0.958, 0.44, -0.168, 0.519, 0.169, -0.525, 4
0, 1, 0, -2.724, 2.998, -0.56, -0.077, -0.944, 0.548, -0.08, 0.4, 0.144, -0.63, 4
0, 1, 0, -2.051, 1.508, -1.641, -0.058, -0.102, 0.346, -0.021, 0.109, -0.147, -0.298, 3
0, 1, 0, -3.058, 1.678, -0.351, -0.255, 0.038, 0.692, -0.173, 0.226, 0.202, -0.593, 10
0, 2, 0, -1.077, 0.511, -2.006, 0.305, -0.584, 1.962, 0.089, 1.406, -0.669, -0.027, 1
0, 2, 0, -2.979, 1.795, -0.87, 1.427, -0.93, 1.323, -0.212, 1.286, -0.135, -0.496, 10
0, 2, 0, -4.17, 2.232, -0.389, 1.211, -1.011, 0.57, 0.543, 0.218, 1.206, 0.044, 9
0, 2, 0, -2.176, 1.952, -0.144, 1.659, -1.128, 0.28, -0.658, 1.346, 0.008, 0.505, 4
0, 2, 0, -1.824, 1.682, -0.669, 1.483, -1.036, 0.711, -0.249, 1.193, -0.274, 0.224, 5
0, 3, 0, -1.548, -0.4, -1.659, 0.244, -0.101, 1.562, 0.551, 1.248, 0.129, -0.456, 0
0, 3, 0, -1.891, 0.988, -1.06, 0.119, 0.59, 0.263, 0.372, 0.39, -0.376, -0.655, 2
0, 3, 0, -3.566, 1.504, 0.94, 1.829, -1.224, 0.178, -1.454, 0.92, 0.767, 1.059, 7
0, 3, 0, -2.439, 0.789, 0.082, 0.242, -0.693, 0.595, -0.353, 0.702, 0.413, 0.098, 10
0, 3, 0, -3.198, 1.373, 0.392, 0.423, -1.203, 0.656, -0.428, 0.994, 0.576, 0.865, 8
0, 3, 0, -4.066, 1.05, -0.049, 0.458, -0.357, 1.331, -0.129, 0.848, 0.509, 0.317, 9
0, 3, 0, -1.953, -0.596, -1.543, 0.619, 0.056, 1.742, 0.592, 1.289, -0.163, -0.523, 0
0, 3, 0, -1.921, 0.719, -0.95, 0.299, 0.222, 0.786, 0.128, 0.588, -0.462, -0.491, 2
0, 3, 0, -3.145, 0.863, 0.416, 0.699, -1.378, 0.892, 0.02, 0.89, 0.221, 0.834, 8
0, 4, 1, -3.224, 0.487, 0.822, 1.324, 0.753, 0.352, -0.976, -0.562, -0.489, 0.172, 1
0, 4, 1, -2.681, 0.531, 0.252, 1.239, 0.469, -0.339, -0.652, -0.417, -0.246, 0.412, 2
0, 4, 1, -3.958, 3.922, 0.15, -0.265, -1.201, -0.249, 0.202, 1.163, -0.049, -0.039, 7
0, 4, 1, -3.439, 2.711, 1.067, 0.029, -1.12, -0.212, 0.062, 1.44, -0.353, -0.42, 6
0, 4, 1, -3.02, 1.033, -0.238, -0.286, 0.088, 0.235, 0.372, 0.563, -1.027, -0.151, 10
0, 4, 1, -2.842, 1.343, -0.713, 0.003, 0.126, 0.411, 0.538, -0.077, -0.995, 0.092, 5
0, 4, 1, -4.21, 3.869, 0.164, -0.047, -1.251, -0.102, 0.276, 0.919, 0.091, -0.159, 7
0, 4, 1, -4.497, 3.018, 0.609, 0.115, 0.673, 0.709, -0.03, 0.861, -0.704, -1.038, 9
0, 4, 1, -2.846, 1.01, -0.219, -0.083, 0.091, 0.076, 0.442, 0.509, -1.181, -0.021, 10
0, 4, 1, -1.708, 0.944, -0.14, 0.151, -0.092, -0.481, 0.22, 0.034, -0.692, 0.19, 3
0, 4, 1, -3.253, 1.025, -0.286, 0.713, -0.036, 0.539, 0.476, -0.116, -0.945, -0.108, 5
0, 5, 1, -4.243, 3.354, -0.415, 0.898, -1.027, -0.281, 0.576, 0.48, 0.564, -0.085, 7
0, 5, 1, -3.901, 2.485, -0.95, 0.702, -0.47, 1.146, -0.109, 1.597, 0.146, -1.197, 8
0, 5, 1, -2.859, 2.255, -0.676, 0.098, -1.086, 0.041, 0.732, 0.305, -0.141, -0.636, 4
0, 5, 1, -3.086, 1.01, -0.627, 1.508, 0.338, 0.747, -0.479, -0.323, -1.087, 0.645, 2
0, 5, 1, -3.781, -0.011, 0.102, 1.115, 1.036, 0.651, 0.615, -1.082, -1.272, 0.05, 0
0, 5, 1, -3.858, 0.115, 0.05, 1.17, 0.975, 0.703, 0.585, -1.191, -1.172, -0.076, 0
0, 5, 1, -3.846, 1.426, -0.607, 1.434, -0.072, 1.13, -0.535, 1.159, -0.123, -0.385, 8
0, 6, 1, -2.488, 2.822, -0.239, -0.33, -1.355, 0.284, 0.101, 0.934, -0.966, -0.31, 4
0, 6, 1, -2.335, 2.896, -0.295, -0.42, -0.645, 0.351, 0.12, 0.447, -1.126, 0.11, 5
0, 6, 1, -3.984, 2.29, -0.103, -0.707, 0.297, 0.317, 0.857, 1.403, -1.253, -0.298, 8
0, 6, 1, -2.659, -0.101, -0.687, 0.697, 1.081, 1.045, -0.149, 0.184, -0.927, 0.327, 1
0, 6, 1, -2.103, 0.655, -0.84, 1.195, 0.377, 0.135, -0.504, -0.549, -0.404, 0.602, 2
0, 6, 1, -3.586, -0.38, -0.359, 1.307, 1.587, 0.99, 0.18, -0.831, -0.471, 0.198, 0
0, 6, 1, -2.889, -0.039, -0.494, 0.719, 1.104, 1.003, -0.415, 0.097, -0.855, 0.356, 1
0, 6, 1, -2.601, 2.735, -0.322, -0.255, -1.67, 0.229, 0.202, 1.01, -0.871, -0.461, 4
0, 6, 1, -2.452, 0.279, -0.805, 1.141, 0.239, 0.176, -0.104, -0.752, -0.334, 0.731, 2
0, 7, 1, -3.949, 2.99, -0.643, -0.986, -0.175, 0.768, 0.249, 0.803, -1.479, 0.168, 6
1, 8, 0, -2.632, 0.881, 0.71, 1.8, -0.75, 0.33, -1.128, 0.177, 0.339, 1.166, 6
1, 8, 0, -2.484, 0.559, 0.624, 1.951, -0.646, 0.381, -1.106, 0.036, 0.24, 1.291, 6
1, 8, 0, -3.776, 1.752, 0.92, 0.722, -1.164, 0.774, -0.01, 0.657, 0.248, 1.055, 8
1, 8, 0, -3.992, 3.342, 0.167, 0.086, -1.23, -0.216, -0.824, 0.837, 0.521, 0.978, 7
1, 8, 0, -2.295, 0.883, -0.619, -0.041, 0.143, 0.378, -0.602, 0.335, -0.114, -0.391, 3
1, 8, 0, -4.756, 0.965, 0.959, 2.287, -0.527, 0.454, -0.41, -0.362, -0.862, 1.088, 9
1, 9, 0, -3.137, 0.077, -1.157, 1.589, 0.204, 1.898, 0.17, 0.676, -1.033, -0.635, 0
1, 9, 0, -4.047, 3.899, -0.423, 0.147, -1.273, 0.203, 0.317, 0.531, 0.584, -0.11, 7
1, 9, 0, -3.73, 1.872, -0.801, 0.555, -0.427, 0.791, 0.196, 0.65, -0.744, -0.372, 10
1, 9, 0, -3.019, 0.058, -1.265, 1.497, 0.171, 1.997, 0.178, 0.847, -1.16, -0.548, 0
1, 9, 0, -1.929, 0.777, -1.415, 0.598, -0.579, 0.215, -0.061, 0.733, -0.333, -0.235, 2
1, 9, 0, -2.521, 2.283, -0.954, 0.232, -0.918, 0.253, -0.094, 0.833, -0.704, -0.092, 5
1, 9, 0, -1.998, 1.497, -1.005, 0.519, -1.236, 0.398, 0.273, 0.151, -0.319, -0.49, 3
1, 9, 0, -4.069, 4.205, -0.614, -0.06, -1.462, 0.476, 0.381, 0.589, 0.405, -0.259, 7
1, 10, 0, -2.482, 1.896, -1.289, 0.112, 0.285, 0.096, 0.022, 0.832, -0.333, -0.764, 3
1, 10, 0, -3.548, 1.611, -0.85, 0.374, 0.168, 0.318, 0.463, 0.863, -1.131, -0.334, 10
1, 10, 0, -2.316, 2.007, -1.365, 0.181, 0.206, 0.071, 0.037, 0.814, -0.332, -0.753, 3
1, 11, 0, -2.913, 0.757, -0.819, 1.245, 0.419, 1.17, 0.051, 0.328, -0.96, -0.614, 1
1, 11, 0, -2.378, 1.568, -0.243, 0.407, -0.428, 0.229, -0.293, 0.297, 0.372, -0.512, 5
1, 11, 0, -2.175, 1.631, -0.331, -0.203, -0.159, 0.246, 0.18, -0.093, -0.351, -0.267, 3
1, 11, 0, -2.723, 1.975, -0.636, 0.336, -0.677, 0.156, -0.342, 0.479, 0.381, -0.729, 4
1, 11, 0, -2.729, 1.595, -0.15, 0.167, 0.015, 0.377, 0.083, -0.038, 0.166, -0.672, 5
1, 12, 1, -3.415, -0.538, 0.241, 2.038, 0.622, 1.027, -0.701, -0.66, -0.418, 0.781, 0
1, 12, 1, -2.263, 3.344, -1.165, -0.625, -0.159, 0.926, 0.13, -0.33, -0.783, 0.31, 4
1, 12, 1, -4.386, 3.055, 0.075, -0.018, -0.436, 0.566, -0.288, 0.936, -0.577, -1.01, 9
1, 12, 1, -2.898, 3.393, -0.409, -0.993, -0.587, 1.322, 0.24, 0.231, -1.068, -0.094, 6

