1, 12, 1, -2.026, 2.433, -0.411, 0.064, 0.223, -0.027, -0.424, -0.009, -0.305, 0.345, 3
1, 13, 1, -3.747, 4.267, -1.847, -0.235, 0.38, 0.885, -0.049, -0.258, -0.772, -0.11, 7
1, 13, 1, -3.847, 4.268, -1.521, -0.465, -0.23, 1.067, -0.02, 0.005, -0.577, -0.509, 7
1, 13, 1, -4.001, 2.284, -0.365, 2.106, 1.006, -0.028, -0.825, -0.39, -0.898, 0.099, 9
1, 13, 1, -3.446, 2.44, -0.37, 0.926, 0.194, 0.141, -0.098, -0.557, -0.889, 0.985, 10
1, 13, 1, -3.055, 1.4, -0.686, 0.964, -1.29, 0.545, 0.337, -0.299, -0.173, 0.69, 3
1, 13, 1, -3.371, 2.007, -0.919, 0.843, 0.221, 0.541, -0.317, -0.37, -0.5, 0.652, 5
1, 13, 1, -3.963, 2.272, -0.534, 0.977, 0.329, 0.514, -0.363, -0.425, -0.712, 0.41, 8
1, 13, 1, -3.985, 2.192, -0.426, 2.163, 1.114, 0.016, -0.846, -0.468, -0.858, 0.037, 9
1, 13, 1, -3.57, 3.41, -1.576, 0.563, 0.002, 0.759, 0.285, -0.466, -1.409, 0.586, 6
1, 13, 1, -3.792, 4.29, -1.531, -0.125, -0.312, 0.624, 0.324, -0.053, -0.942, -0.301, 7
1, 14, 1, -3.059, 2.895, -0.847, -0.364, -0.484, 1.025, 0.502, 0.506, -0.733, 0.078, 6
1, 14, 1, -3.451, 2.257, -0.845, 0.432, 0.486, 0.266, -0.215, 0.006, -1.082, 0.759, 10
1, 14, 1, -2.634, 2.076, -1.32, 0.833, -0.547, 0.287, -0.173, -0.203, -0.001, 0.802, 3
1, 14, 1, -3.919, 2.575, 0.471, -0.064, -0.042, 0.88, -0.128, 0.612, -0.504, -0.539, 8
1, 14, 1, -3.232, 1.551, -0.832, 1.674, -0.042, 0.296, -0.553, -0.443, -0.413, 0.96, 2
1, 14, 1, -3.018, 3.014, -1.486, -0.105, -0.131, 0.929, 0.226, -0.463, -0.555, 0.598, 4
1, 14, 1, -3.753, 3.605, -0.899, -0.747, -0.401, 1.765, 0.62, 0.754, -0.835, -0.301, 7
0, 0, 0, -3.673, 1.811, -1.405, 1.621, 0.044, 1.572, -0.453, 0.745, -0.066, -0.733, 9
0, 0, 0, -2.724, 2.067, -1.142, 0.923, -1.157, 1.17, -0.276, 0.172, -0.008, -0.649, 4
0, 0, 0, -2.69, 1.652, -1.261, 0.674, -0.964, 1.449, -0.593, 1.005, -0.303, -0.541, 10
0, 0, 0, -3.684, 1.774, -1.728, 1.611, 0.1, 1.393, -0.193, 0.554, 0.245, -0.919, 9
0, 0, 0, -4.238, 2.437, 0.036, 1.158, -2.127, 0.554, 0.12, 0.823, 0.565, -0.293, 7
0, 1, 0, -4.102, 0.209, 0.414, 0.423, 0.985, 1.434, 0.663, 0.036, -0.784, -0.668, 0
0, 1, 0, -4.275, 0.162, 0.728, 0.662, 0.94, 1.269, 0.711, 0.073, -0.827, -0.655, 0
0, 1, 0, -4.473, 0.373, 0.858, 0.919, 0.778, 1.272, 0.653, -0.216, -0.891, -0.627, 0
0, 1, 0, -2.748, 3.217, -0.976, -0.213, -0.792, 0.771, -0.032, 0.223, 0.043, -0.825, 4
0, 2, 0, -1.768, 0.786, -1.468, 1.077, -0.347, 1.704, -0.171, 1.076, -0.691, -0.06, 2
0, 2, 0, -1.393, -0.305, -2.29, 1.1, -0.254, 2.327, 0.363, 0.795, -1.521, -0.756, 0
0, 2, 0, -3.478, 1.703, -0.557, 2.191, -1.043, 0.339, -0.004, 0.587, 0.45, 0.006, 8
0, 2, 0, -1.891, 1.776, -0.518, 1.461, -1.05, 0.567, -0.307, 1.152, -0.239, 0.325, 5
0, 2, 0, -3.549, 1.905, -0.509, 1.963, -1.2, 0.847, -0.157, 0.842, 0.625, -0.586, 8
0, 2, 0, -2.562, 1.361, -0.94, 1.333, -1.047, 1.208, -0.316, 1.055, 0.354, -0.77, 10
0, 2, 0, -1.28, 0.798, -1.647, 0.968, -0.418, 1.609, -0.031, 1.224, -0.374, 0.044, 2
0, 2, 0, -4.386, 2.271, -0.157, 1.536, -0.614, 0.23, 0.57, -0.117, 1.074, 0.397, 9
0, 2, 0, -2.53, 1.492, -0.936, 1.21, -1.154, 1.316, -0.267, 1.149, 0.226, -0.77, 10
0, 3, 0, -3.299, 1.73, 0.187, 0.121, -1.251, 0.796, -0.366, 1.091, 0.493, 0.436, 8
0, 3, 0, -2.431, 1.873, 0.208, 0.123, -0.634, 0.178, 0.04, 0.612, 0.446, -0.562, 5
0, 3, 0, -2.026, 1.75, -0.526, -0.131, 0.266, -0.055, 0.084, 0.063, 0.047, -0.691, 3
0, 3, 0, -3.482, 1.127, 0.899, 1.993, -1.385, -0.05, -1.273, 0.647, 0.844, 1.044, 7
0, 4, 1, -3.118, 0.356, 0.377, 1.447, 0.868, 0.407, -0.915, -0.546, -0.637, 0.169, 1
0, 4, 1, -2.497, 1.607, -0.621, -0.446, -0.226, -0.152, 1.16, 0.122, -0.809, 0.495, 5
0, 4, 1, -4.079, 2.663, -0.048, -0.315, 0.234, 0.861, 0.335, 0.435, -0.546, -0.928, 8
0, 4, 1, -2.861, 2.091, -0.411, -0.438, -0.643, 0.317, 0.817, 0.104, -0.481, -0.252, 4
0, 4, 1, -3.39, -0.956, 0.476, 1.547, 0.658, 1.504, -0.65, -0.604, -0.295, 0.616, 0
0, 4, 1, -1.596, 0.885, -0.199, 0.199, -0.115, -0.474, 0.428, -0.113, -0.61, 0.131, 3
0, 4, 1, -3.682, 3.672, 0.041, -0.508, -0.905, 0.028, 0.492, 0.654, -0.722, -0.318, 6
0, 5, 1, -2.685, 1.971, -0.857, 0.033, -0.638, 0.484, 0.143, 0.159, -0.218, -0.343, 5
0, 5, 1, -4.694, 3.229, -1.153, 0.702, 0.452, 0.298, 0.454, 0.001, -0.264, -1.399, 9
0, 5, 1, -3.046, 1.462, -0.823, 0.935, -0.44, 0.849, 0.085, 0.865, -0.178, -0.954, 10
0, 5, 1, -3.594, -0.137, -0.028, 1.018, 1.069, 0.723, 0.695, -0.982, -1.433, 0.249, 0
0, 5, 1, -2.75, 1.475, -0.848, 0.364, -0.275, 0.02, -0.003, -0.782, -0.291, 0.167, 3
0, 5, 1, -2.846, 2.43, -0.78, -0.153, -0.905, 0.24, 0.746, 0.14, -0.114, -0.746, 4
0, 5, 1, -3.091, 0.935, -0.574, 1.36, 0.416, 0.764, -0.48, -0.144, -1.295, 0.696, 2
0, 5, 1, -3.246, 2.796, -0.867, -0.205, -0.316, 0.808, 0.824, 0.062, -0.118, -0.749, 6
0, 5, 1, -2.973, 1.304, -0.849, 0.984, -0.508, 0.59, 0.248, 0.728, 0.073, -1.107, 10
0, 5, 1, -3.404, 0.506, -0.591, 1.627, 0.66, 1.456, 0.068, 0.381, -1.494, -0.453, 1
0, 6, 1, -3.183, 0.154, -0.413, 0.923, 1.091, 0.582, -0.447, -0.085, -0.904, 0.693, 1
0, 6, 1, -2.041, 2.119, -0.585, 0.549, -0.43, -0.291, -0.002, -0.234, -0.751, 0.253, 3
0, 6, 1, -2.64, 2.704, -0.345, -0.23, -1.649, 0.064, 0.275, 0.952, -0.651, -0.571, 4
0, 6, 1, -3.096, 0.103, -0.452, 0.879, 1.067, 0.497, -0.296, -0.067, -0.973, 0.711, 1
0, 7, 1, -3.961, 1.078, 0.11, 1.232, 0.21, -0.67, -0.536, -0.33, -0.268, 1.098, 2
0, 7, 1, -3.887, 3.172, -0.739, -0.69, -0.548, 0.33, 0.569, 0.98, -1.609, 0.283, 6
0, 7, 1, -5.011, 4.976, -0.868, -1.215, 0.17, -0.018, 0.543, 0.154, -0.841, 0.707, 9
0, 7, 1, -4.316, 1.409, 0.441, 1.819, 0.5, -0.617, -0.633, -0.621, -0.671, 1.193, 1
0, 7, 1, -3.828, 2.367, -0.836, -0.343, -0.466, 0.116, 1.172, -0.175, -0.275, 0.117, 4
1, 8, 0, -4.982, 1.538, 0.96, 1.253, -0.64, 0.588, -0.484, -0.31, -0.246, 1.18, 9
1, 8, 0, -2.733, 1.088, 0.761, 1.694, -0.833, 0.292, -1.069, 0.266, 0.369, 1.034, 6
1, 8, 0, -3.835, 3.339, 0.29, -0.126, -1.68, 0.195, -0.368, 1.328, 0.523, 0.861, 7
1, 8, 0, -2.982, 0.522, -0.1, 0.362, -0.66, 1.115, -0.305, 0.859, 0.637, 0.344, 10
1, 8, 0, -2.594, 0.621, -0.292, 0.521, 0.26, 1.204, -0.337, 0.261, -0.332, -0.51, 2
1, 8, 0, -3.312, -0.776, -0.504, 1.39, 0.86, 1.257, 0.222, 0.314, -0.715, -0.765, 0
1, 9, 0, -1.993, 1.725, -1.13, 0.556, -1.223, 0.485, 0.211, -0.04, -0.294, -0.548, 3
1, 9, 0, -3.231, 3.003, -1.161, -0.315, -0.816, 0.87, 0.311, 0.677, -0.565, -0.7, 6
1, 9, 0, -3.7, 1.841, -0.675, 0.441, -0.383, 0.89, 0.176, 0.594, -0.677, -0.408, 10
1, 9, 0, -2.561, 2.191, -0.955, 0.214, -0.841, 0.386, -0.083, 0.74, -0.612, -0.196, 5
1, 9, 0, -4.782, 3.325, -0.071, 0.663, -0.913, 1.012, -0.033, -0.103, 0.483, -0.202, 9
1, 9, 0, -3.711, 1.377, -0.584, 1.428, -0.033, 1.062, -0.127, 0.328, -1.092, -0.565, 1
1, 9, 0, -3.239, 2.916, -1.406, -0.455, -0.454, 1.219, 0.078, 0.383, -0.776, -0.413, 6
1, 9, 0, -4.235, 3.775, -1.593, 0.814, 0.288, 0.805, -0.566, -0.247, -0.409, -0.556, 8
1, 10, 0, -4.066, 0.398, -0.382, 1.679, 0.121, 1.617, 0.504, -0.315, -0.226, -0.873, 0
1, 10, 0, -2.695, 1.119, -0.986, 0.172, 0.499, 0.372, 0.088, 0.63, -0.721, -0.256, 2
1, 10, 0, -2.434, 2.903, -1.341, -0.411, 0.372, 0.843, -0.022, 0.336, 0.123, -0.747, 5
1, 10, 0, -4.089, 3.712, 0.315, -0.05, -0.929, 0.018, -0.35, 1.77, 0.244, -0.301, 7
1, 10, 0, -2.817, 1.268, -1.127, 0.707, 0.399, 0.406, 0.289, 0.319, -0.691, -0.379, 2
1, 10, 0, -2.544, 2.725, -0.067, -0.787, -0.903, 0.97, 0.524, 0.32, 0.283, -0.822, 4
1, 11, 0, -3.008, 2.882, -0.9, 0.214, -0.565, -0.197, 0.449, 0.305, 0.413, -0.3, 6
1, 11, 0, -4.019, 3.52, -1.058, -0.2, -0.545, 1.348, 0.351, 0.82, -0.868, -0.434, 8
1, 11, 0, -2.207, 1.09, -0.627, 0.024, 0.912, 0.662, 0.241, 0.348, -0.702, -0.912, 2
1, 11, 0, -2.941, 0.71, -0.855, 0.902, 0.635, 0.924, 0.466, 0.01, -0.342, -0.588, 1
1, 11, 0, -2.904, 0.458, -0.656, 0.832, 0.61, 0.805, 0.568, 0.041, -0.114, -0.615, 1
1, 11, 0, -2.391, -0.347, -1.474, 0.843, 0.089, 2.021, 0.417, 0.502, -0.86, -0.978, 0
1, 11, 0, -2.706, 2.07, -0.691, 0.31, -0.745, 0.266, -0.413, 0.602, 0.36, -0.713, 4
1, 11, 0, -4.172, 3.07, -0.781, 0.516, -0.627, 1.006, 0.531, 0.441, -0.102, -0.456, 8
1, 12, 1, -3.439, 1.007, 0.02, 1.491, 0.777, 0.257, -0.777, -0.282, -0.707, 0.746, 1
1, 12, 1, -2.027, 2.157, -0.297, -0.211, -0.266, 0.086, -0.176, -0.179, -0.283, 0.292, 3
1, 12, 1, -2.594, 2.584, -0.37, -0.524, -0.177, 0.515, -0.137, 0.095, -0.731, 0.072, 5
1, 12, 1, -2.489, 2.401, -0.44, -0.367, -0.069, 0.533, 0.011, 0.118, -0.621, -0.188, 5
1, 12, 1, -3.387, 3.286, -0.747, -0.699, -0.9, 0.891, 0.875, 0.46, -0.457, -0.636, 7

