1, 12, 1, -3.292, 2.595, -0.578, 0.42, -0.233, 0.391, -0.241, 0.437, -0.541, -0.021, 10
1, 13, 1, -3.029, 1.747, -0.899, 0.674, -1.046, 0.558, 0.204, -0.155, -0.237, 0.655, 3
1, 13, 1, -3.797, 4.314, -1.596, -0.476, 0.044, 0.903, 0.129, -0.141, -0.646, -0.318, 7
1, 13, 1, -2.964, 2.811, -1.317, 0.324, -0.781, 1.369, 0.127, -0.368, -0.677, 0.493, 4
1, 13, 1, -3.194, 1.589, -0.774, 0.814, -1.087, 0.618, 0.218, -0.45, -0.003, 0.526, 3
1, 13, 1, -3.917, 1.925, 0.267, 1.361, 0.453, -0.19, -0.242, -0.633, -0.62, 1.039, 1
1, 14, 1, -3.441, 1.975, -0.395, 1.024, -0.052, -0.167, -0.445, 0.168, -0.684, 1.04, 2
1, 14, 1, -2.902, 2.988, -1.152, 0.057, -0.477, 0.622, 0.338, -0.368, -0.689, 0.793, 5
1, 14, 1, -3.661, 0.3, 0.53, 1.816, 0.333, 0.444, -0.858, -0.732, -0.809, 0.995, 0
1, 14, 1, -2.643, 2.021, -1.265, 0.759, -0.442, 0.159, -0.032, -0.145, -0.164, 0.86, 3
1, 14, 1, -3.325, 2.141, -0.528, 0.439, 0.099, 0.321, 0.217, 0.135, -1.388, 0.746, 10
1, 14, 1, -3.461, 0.04, 0.553, 1.854, 0.386, 0.568, -1.003, -0.638, -1.04, 1.051, 0
1, 14, 1, -3.468, 1.81, -0.39, 1.55, -0.084, -0.008, -0.482, -0.231, -0.724, 0.967, 2
1, 14, 1, -3.98, 2.459, 0.068, 0.023, 0.237, 1.029, -0.189, 0.521, -0.773, -0.5, 8
0, 0, 0, -3.639, 0.418, -0.67, 1.779, -0.168, 1.627, -0.388, 0.529, -0.874, -0.814, 0
0, 0, 0, -2.852, 1.914, -0.755, 0.825, -1.588, 0.855, 0.217, -0.246, 0.238, -0.365, 5
0, 0, 0, -3.482, 2.524, -0.433, 1.048, -1.995, 0.902, 0.322, 0.45, 0.377, -0.366, 6
0, 0, 0, -3.941, 2.305, 0.124, 1.771, -1.815, 0.593, -0.435, 0.992, 0.575, -0.301, 7
0, 0, 0, -3.648, 1.812, -1.378, 1.578, 0.065, 1.577, -0.466, 0.702, 0.06, -0.836, 9
0, 0, 0, -2.54, 2.144, -1.024, 0.933, -1.567, 1.024, 0.188, -0.047, 0.309, -0.633, 4
0, 0, 0, -3.165, 0.408, -0.971, 1.207, -0.298, 1.921, -0.215, 0.723, -0.492, -0.425, 1
0, 0, 0, -3.046, 0.387, -1.165, 0.94, -0.386, 1.978, -0.186, 0.811, -0.394, -0.198, 1
0, 0, 0, -4.208, 2.447, 0.049, 1.331, -2.088, 0.585, -0.05, 0.82, 0.606, -0.302, 7
0, 1, 0, -4.676, 2.537, 0.075, 0.73, -0.933, 1.493, 0.049, 0.076, 0.254, 0.276, 9
0, 1, 0, -1.804, 0.431, -1.0, -0.427, -0.094, 0.848, 0.084, 0.636, -0.275, -0.214, 2
0, 1, 0, -2.351, 1.53, 0.086, -0.075, -0.426, 0.125, -0.197, 0.033, 0.848, -0.038, 5
0, 1, 0, -4.944, 3.325, 0.015, 0.079, -0.593, 1.047, 0.337, 0.296, -0.453, 0.371, 9
0, 2, 0, -3.05, 1.6, -0.686, 1.543, -1.149, -0.043, 0.297, 0.727, 0.598, 0.458, 8
0, 2, 0, -3.972, 2.279, -0.62, 0.954, -1.09, 0.719, 0.717, 0.3, 1.309, 0.171, 9
0, 2, 0, -1.501, 0.847, -1.619, 0.92, -0.488, 1.616, -0.161, 1.127, -0.613, -0.051, 2
0, 2, 0, -2.867, 1.391, -0.817, 1.595, -0.883, 1.143, -0.427, 1.159, 0.17, -0.456, 10
0, 2, 0, -2.227, 1.993, -0.156, 1.554, -1.19, 0.332, -0.548, 1.362, -0.013, 0.369, 4
0, 2, 0, -4.333, 2.438, -0.219, 1.372, -0.761, 0.306, 0.594, -0.022, 1.103, 0.19, 9
0, 2, 0, -1.475, 1.557, -1.009, 1.202, -0.846, 0.883, -0.138, 0.822, -0.165, 0.198, 3
0, 3, 0, -3.24, 1.749, 0.959, 1.071, -1.188, 0.018, -1.024, 0.664, 1.007, 0.443, 6
0, 3, 0, -3.155, 1.021, 0.455, 0.624, -1.306, 0.842, -0.123, 0.909, 0.328, 0.876, 8
0, 3, 0, -1.933, 0.728, -1.015, 0.27, 0.199, 0.78, 0.192, 0.706, -0.446, -0.595, 2
0, 4, 1, -3.485, -0.86, 0.582, 1.501, 0.578, 1.48, -0.663, -0.602, -0.318, 0.575, 0
0, 4, 1, -3.587, 3.128, 0.885, -0.188, -1.164, -0.215, 0.051, 1.344, -0.641, -0.253, 6
0, 4, 1, -3.003, 1.163, -0.45, 0.328, 0.097, 0.574, 0.427, -0.017, -1.146, -0.06, 5
0, 4, 1, -2.711, 0.971, -0.023, 0.053, 0.101, -0.148, 0.382, 0.476, -1.05, -0.256, 10
0, 5, 1, -3.389, 2.762, -0.71, -0.026, -0.641, 0.112, 0.775, 0.443, -0.11, -0.979, 6
0, 5, 1, -2.882, 2.165, -0.589, 0.173, -1.165, 0.014, 0.571, 0.502, -0.093, -0.616, 4
0, 5, 1, -4.744, 3.385, -0.886, 0.571, 0.235, 0.183, 0.357, 0.04, 0.203, -1.68, 9
0, 5, 1, -3.426, 0.584, -0.469, 1.776, 0.566, 1.686, 0.07, 0.081, -1.483, -0.141, 1
0, 5, 1, -2.898, 2.421, -0.81, -0.043, -1.164, 0.448, 0.69, 0.218, -0.078, -0.876, 4
0, 6, 1, -4.21, 3.289, -0.106, -1.247, -0.683, 0.539, 0.579, 0.832, -0.035, -0.764, 7
0, 6, 1, -2.353, 2.897, -0.433, -0.193, -0.715, 0.359, 0.26, 0.273, -1.206, 0.36, 5
0, 6, 1, -2.776, 2.563, 0.532, 0.277, -1.47, -0.368, -0.278, 1.479, -0.164, -0.797, 6
0, 6, 1, -3.152, 0.086, -0.325, 0.868, 1.084, 0.753, -0.522, -0.005, -0.821, 0.483, 1
0, 6, 1, -2.907, 1.992, -0.904, 0.205, 0.011, 0.346, -0.031, -0.148, -1.262, 0.487, 10
0, 7, 1, -5.124, 2.319, 1.413, 1.804, -0.277, -0.33, -0.746, 0.221, 0.06, 0.46, 0
0, 7, 1, -4.173, 2.299, -0.298, -0.13, 0.122, 0.319, -0.388, -0.328, -0.48, 0.99, 10
0, 7, 1, -3.975, 3.066, -0.506, -0.827, -0.478, 0.434, 0.356, 0.939, -1.309, 0.204, 6
0, 7, 1, -5.143, 2.051, 1.216, 1.898, -0.555, -0.466, -0.842, 0.011, 0.461, 0.193, 0
0, 7, 1, -4.661, 4.235, -0.497, -1.021, 0.295, 0.457, -0.019, 0.345, -1.355, 0.062, 8
1, 8, 0, -1.768, 1.769, -1.142, -0.739, -0.086, 0.12, -0.23, 0.217, -0.009, -0.279, 3
1, 8, 0, -2.671, 3.155, -0.514, 0.133, -0.964, 0.234, -0.071, 1.192, 0.254, -0.471, 4
1, 8, 0, -3.824, 1.832, 1.093, 1.024, -1.09, 0.56, -0.336, 0.299, 0.126, 1.005, 8
1, 8, 0, -1.969, 0.835, -0.671, -0.27, 0.028, 0.4, -0.444, 0.53, 0.061, -0.343, 3
1, 8, 0, -2.073, 0.088, -0.73, 0.296, -0.286, 1.75, 0.154, 1.078, 0.294, -0.174, 1
1, 8, 0, -3.947, 2.102, 0.305, 0.462, -0.765, 1.037, -0.618, 0.741, 0.345, 0.269, 8
1, 8, 0, -3.366, 1.952, -0.898, 0.258, 0.282, 0.835, 0.29, 0.681, 0.431, -0.461, 10
1, 9, 0, -2.045, 0.819, -1.46, 0.652, -0.701, 0.352, -0.087, 0.793, -0.567, -0.013, 2
1, 9, 0, -3.339, 1.004, -0.747, 1.505, -0.068, 1.007, -0.017, 0.377, -0.775, -0.899, 1
1, 9, 0, -2.785, 2.792, -1.924, 0.225, -0.985, 1.076, 0.07, -0.071, -0.257, -0.135, 4
1, 9, 0, -2.538, 2.351, -1.029, 0.146, -0.922, 0.201, -0.058, 0.835, -0.712, -0.074, 5
1, 9, 0, -4.718, 3.281, -0.203, 0.651, -0.883, 1.413, -0.663, 0.583, 0.237, -0.307, 9
1, 9, 0, -2.973, 0.036, -1.273, 1.519, 0.195, 1.98, 0.131, 0.832, -1.157, -0.547, 0
1, 9, 0, -4.049, 4.039, -0.558, 0.064, -1.676, 1.024, 0.047, 1.024, -0.091, -0.283, 7
1, 9, 0, -4.13, 3.291, -1.424, 0.359, -0.273, 1.297, -0.454, 0.62, -0.527, -0.709, 8
1, 9, 0, -1.895, 0.755, -1.388, 0.638, -0.614, 0.246, -0.033, 0.693, -0.27, -0.346, 2
1, 9, 0, -2.691, 2.111, -1.067, 0.174, -0.649, 0.431, -0.017, 0.655, -0.498, -0.292, 5
1, 9, 0, -2.914, 2.541, -1.567, 0.067, -1.051, 1.207, 0.006, 0.289, -0.325, -0.343, 4
1, 10, 0, -3.707, 1.486, -0.494, 0.402, 0.183, 0.186, 0.234, 1.029, -0.856, -0.408, 10
1, 10, 0, -3.983, 3.695, 0.096, -0.333, -1.01, 0.169, -0.108, 1.674, 0.262, -0.231, 7
1, 10, 0, -3.644, -0.215, -0.579, 2.307, 0.046, 1.945, 0.28, 0.272, -0.539, -1.226, 0
1, 10, 0, -3.979, 3.661, 0.169, -0.598, -1.412, 0.569, 0.009, 1.939, 0.094, -0.149, 7
1, 10, 0, -3.047, 1.267, -0.799, 0.507, 0.524, 0.507, 0.044, 0.302, -0.731, -0.431, 2
1, 10, 0, -2.703, 2.066, 0.205, -0.63, -0.345, 1.229, 0.403, -0.032, 0.247, -0.696, 5
1, 10, 0, -3.015, 2.219, 0.996, -0.455, -1.514, 0.047, 0.864, 0.468, 0.657, -0.343, 6
1, 11, 0, -2.101, 1.502, -0.322, -0.363, 0.026, 0.116, 0.162, -0.074, -0.106, -0.397, 3
1, 11, 0, -2.961, 0.766, -0.8, 0.962, 0.658, 1.012, 0.347, -0.015, -0.425, -0.746, 1
1, 11, 0, -3.242, 2.901, -0.632, -0.332, -0.421, 0.226, 0.536, 0.142, 0.623, -0.616, 6
1, 12, 1, -3.44, 3.203, -0.698, -0.86, -0.542, 1.503, 0.922, 0.467, -0.183, -0.919, 7
1, 12, 1, -1.899, 2.135, 0.092, -0.11, -0.145, 0.081, -0.067, -0.104, -0.408, -0.099, 3
1, 12, 1, -3.828, 3.188, -0.388, 0.055, -0.185, -0.029, 0.503, 0.273, 0.326, 0.1, 8
1, 12, 1, -4.283, 2.829, 0.296, 0.086, -0.544, 0.501, -0.317, 0.995, -0.34, -1.113, 9
1, 12, 1, -3.269, 2.489, -0.76, 0.352, -0.092, 0.432, -0.27, 0.242, -0.523, 0.01, 10
1, 12, 1, -2.852, -0.805, -0.313, 1.565, 0.688, 1.467, -0.664, -0.916, -0.279, 0.489, 0
1, 12, 1, -3.379, 0.95, -0.06, 1.47, 0.538, 0.051, -0.681, -0.098, -0.405, 0.912, 1
1, 12, 1, -2.836, 1.561, -0.076, 1.229, -0.291, -0.036, -0.369, -0.393, -0.181, 0.85, 2
1, 12, 1, -2.021, 2.493, -0.416, -0.116, 0.094, -0.033, -0.4, -0.08, -0.136, 0.069, 3
1, 12, 1, -2.411, 3.85, -1.405, -0.302, -0.398, 1.069, 0.216, -0.291, -1.116, 1.043, 4
1, 12, 1, -2.708, 2.56, -0.439, 0.324, -0.348, 0.429, 0.091, -0.037, -0.434, 0.344, 5
1, 12, 1, -2.883, 3.576, -1.198, -0.562, -0.162, 0.974, 0.764, -0.03, -1.023, 0.346, 6
1, 12, 1, -3.39, 3.422, -0.718, -0.667, -0.871, 0.788, 0.959, 0.555, -0.482, -0.724, 7
1, 12, 1, -3.972, 3.24, -0.829, 0.069, -0.617, 0.977, 0.532, 0.498, -0.191, -0.91, 8
1, 12, 1, -4.513, 3.08, 0.068, 0.05, -0.484, 0.341, -0.257, 1.302, -0.517, -1.057, 9

