1, 12, 1, -2.851, 1.412, -0.184, 1.281, 0.0, -0.146, -0.172, -0.419, -0.307, 0.874, 2
1, 12, 1, -2.46, 3.706, -1.304, -0.339, -0.487, 1.125, 0.187, -0.211, -1.068, 0.944, 4
1, 12, 1, -3.905, 3.147, -1.259, 0.304, -0.216, 1.055, 0.578, 0.353, -0.517, -0.871, 8
1, 13, 1, -3.318, 3.395, -1.706, 0.753, -0.214, 1.431, -0.0, -0.192, -1.33, 0.03, 6
1, 13, 1, -4.039, 2.061, -0.727, 0.888, 0.302, 0.413, -0.381, -0.194, -0.614, 0.41, 8
1, 13, 1, -2.926, 2.673, -1.242, 0.396, -1.029, 1.548, 0.05, -0.592, -0.331, 0.595, 4
1, 13, 1, -3.99, 2.008, 0.503, 0.845, 0.774, -0.114, -0.641, -0.282, -0.734, 0.877, 1
1, 13, 1, -2.928, 2.83, -1.361, 0.323, -0.739, 1.431, 0.002, -0.172, -0.939, 0.607, 4
1, 13, 1, -3.591, 2.78, -0.301, 0.812, -0.008, -0.019, -0.268, -0.564, -0.788, 0.948, 10
1, 14, 1, -2.584, 2.091, -1.451, 0.889, -0.464, 0.285, -0.213, -0.245, -0.138, 1.206, 3
1, 14, 1, -3.369, 1.784, -0.603, 1.303, 0.007, -0.044, -0.459, -0.012, -0.591, 1.047, 2
1, 14, 1, -3.634, 3.589, -1.075, -0.709, 0.058, 1.051, 0.878, 0.627, -0.111, -0.437, 7
1, 14, 1, -3.052, 3.059, -1.668, -0.208, 0.466, 0.724, -0.237, -0.175, -0.315, 0.411, 4
1, 14, 1, -3.32, 1.553, -0.586, 1.688, -0.262, 0.392, -0.478, -0.461, -0.522, 0.929, 2
1, 14, 1, -2.795, 1.957, -1.259, 0.79, -0.274, 0.078, -0.114, 0.005, -0.309, 1.142, 3
1, 14, 1, -3.239, 3.083, -1.427, -0.202, -0.282, 1.421, 0.576, 0.068, -0.914, 0.147, 6
1, 14, 1, -3.291, 2.324, -0.679, 0.285, 0.441, 0.557, -0.227, 0.115, -1.046, 0.697, 10
0, 0, 0, -3.86, 2.116, -0.939, 0.688, -0.675, 1.679, -0.512, 0.928, -0.167, -0.434, 8
0, 0, 0, -3.032, 1.739, -1.141, 0.737, -0.834, 1.386, -0.575, 0.679, -0.018, -0.823, 10
0, 0, 0, -3.74, 1.832, -1.384, 1.587, 0.049, 1.642, -0.516, 0.707, -0.169, -0.522, 9
0, 0, 0, -3.593, 0.29, -0.782, 1.707, -0.175, 1.662, -0.137, 0.493, -0.492, -0.926, 0
0, 0, 0, -2.302, 0.85, -1.646, 0.455, -0.488, 1.491, -0.617, 0.819, -0.887, -0.08, 2
0, 0, 0, -3.546, 1.258, -1.227, 0.823, -0.702, 1.734, -0.397, 1.333, -0.277, 0.013, 8
0, 1, 0, -1.372, -0.03, -1.003, -0.388, -0.471, 1.141, 0.654, 0.823, 0.558, 0.043, 1
0, 1, 0, -1.816, 0.458, -0.947, -0.341, 0.085, 0.75, 0.144, 0.462, -0.24, -0.266, 2
0, 1, 0, -1.952, 1.469, -1.375, 0.105, -0.154, 0.17, -0.047, 0.336, -0.098, -0.41, 3
0, 1, 0, -3.902, 3.586, 0.334, -0.669, -1.087, 0.255, 0.461, 0.812, -0.185, 0.535, 7
0, 1, 0, -4.136, 3.582, -0.407, -0.038, -0.687, 1.031, 0.491, 0.157, 0.305, 0.028, 8
0, 2, 0, -1.202, -0.253, -2.487, 0.809, -0.367, 2.169, 0.32, 1.034, -1.385, -0.706, 0
0, 2, 0, -3.813, 3.705, -0.157, 1.561, -1.503, -0.366, -0.581, 1.412, 0.29, -0.099, 7
0, 2, 0, -2.155, 2.027, -0.393, 1.354, -1.045, 0.646, -0.246, 1.279, -0.396, 0.177, 5
0, 2, 0, -3.834, 3.749, -0.183, 1.518, -1.585, -0.281, -0.334, 1.191, 0.425, -0.104, 7
0, 2, 0, -0.941, 0.539, -2.02, 0.314, -0.679, 1.897, 0.028, 1.504, -0.632, 0.111, 1
0, 2, 0, -2.043, 1.95, -0.435, 1.341, -1.049, 0.558, -0.237, 1.237, -0.283, 0.306, 5
0, 2, 0, -2.704, 1.285, -0.908, 1.57, -0.84, 1.044, -0.399, 0.951, 0.345, -0.695, 10
0, 2, 0, -1.501, 1.611, -1.003, 1.156, -0.883, 0.901, -0.169, 0.862, -0.151, 0.164, 3
0, 2, 0, -1.123, 0.415, -1.954, 0.563, -0.465, 1.983, 0.027, 1.614, -0.568, 0.007, 1
0, 2, 0, -1.494, 0.663, -1.58, 1.191, -0.252, 1.777, -0.072, 1.189, -0.409, 0.09, 2
0, 2, 0, -2.274, 1.653, -0.226, 1.857, -0.971, 0.327, -0.605, 1.121, 0.121, 0.291, 4
0, 2, 0, -1.804, 1.556, -0.803, 1.388, -0.989, 0.751, -0.029, 0.963, -0.228, 0.297, 5
0, 2, 0, -2.52, 1.52, -0.959, 1.296, -1.103, 1.149, -0.268, 1.249, 0.092, -0.682, 10
0, 3, 0, -3.193, 2.026, 0.83, 0.813, -1.205, 0.036, -0.95, 0.786, 1.045, 0.21, 6
0, 3, 0, -1.425, 0.256, -1.13, -0.284, -0.394, 1.253, 0.306, 0.893, 0.272, -0.378, 1
0, 3, 0, -3.565, 1.363, 0.958, 1.976, -1.268, 0.091, -1.363, 0.72, 0.738, 1.145, 7
0, 3, 0, -3.772, 0.904, -0.195, 0.317, -0.473, 1.31, -0.043, 0.898, 0.536, 0.503, 9
0, 3, 0, -3.169, 1.041, 0.509, 0.693, -1.185, 0.673, -0.352, 0.877, 0.434, 1.009, 8
0, 4, 1, -1.693, 0.807, -0.038, -0.051, -0.174, -0.372, 0.117, 0.053, -0.611, 0.3, 3
0, 4, 1, -2.927, 2.202, -0.532, -0.486, -0.519, 0.585, 0.813, -0.133, -0.475, -0.349, 4
0, 4, 1, -4.087, 2.555, 0.123, -0.151, 0.118, 0.474, 0.365, 0.495, -0.473, -0.886, 8
0, 4, 1, -4.442, 2.607, 0.596, 0.191, 0.636, 0.679, -0.14, 0.774, -0.828, -1.122, 9
0, 4, 1, -3.689, -0.599, 0.692, 1.307, 0.605, 1.514, -0.752, -0.697, -0.355, 0.702, 0
0, 4, 1, -4.544, 3.046, 1.028, -0.016, 0.447, 0.884, -0.094, 0.885, -0.459, -1.099, 9
0, 5, 1, -2.511, 1.511, -0.555, 0.226, -0.735, 0.631, -0.006, 0.52, -0.138, -0.651, 5
0, 5, 1, -4.175, 3.32, -0.446, 0.988, -1.48, 0.133, 0.507, 0.605, 0.691, -0.462, 7
0, 5, 1, -4.885, 3.967, -0.948, 0.373, 0.255, -0.121, 0.43, -0.013, 0.018, -1.518, 9
0, 6, 1, -3.208, -0.608, -0.516, 1.098, 1.529, 1.069, 0.186, -0.947, -0.248, -0.059, 0
0, 6, 1, -2.512, 2.826, -0.171, -0.385, -1.495, 0.381, 0.067, 0.899, -0.902, -0.412, 4
0, 6, 1, -2.282, 0.673, -0.798, 1.286, 0.308, 0.01, -0.411, -0.61, -0.266, 0.584, 2
0, 6, 1, -3.76, -0.32, -0.24, 1.273, 1.751, 1.125, 0.23, -0.723, -0.501, 0.315, 0
0, 6, 1, -4.07, 2.254, -0.28, -0.722, 0.696, 0.683, 0.243, 0.689, -1.45, 0.19, 8
0, 6, 1, -2.729, 2.104, -0.505, 0.138, -0.533, 0.455, 0.148, -0.407, -1.059, 0.625, 5
0, 6, 1, -3.025, 2.711, -0.147, -0.034, -1.34, 0.049, 0.364, 1.099, -1.02, -0.652, 6
0, 6, 1, -4.415, 3.737, -1.313, -0.815, 0.168, 0.59, 0.975, 0.42, -0.825, -0.748, 7
0, 7, 1, -3.749, 3.018, -0.755, -0.452, -0.666, 0.209, 0.741, 0.9, -1.613, 0.128, 6
0, 7, 1, -4.902, 4.49, -0.564, -0.536, -0.164, -0.298, 0.842, -0.158, -0.906, 0.358, 9
0, 7, 1, -3.417, 1.984, -1.148, 0.234, -0.778, 0.411, 0.494, 0.13, -0.704, 0.764, 5
0, 7, 1, -4.947, 4.637, -0.444, -0.953, -0.119, -0.249, 0.594, 0.27, -0.783, 0.265, 9
0, 7, 1, -5.131, 2.192, 1.364, 1.936, -0.591, -0.354, -0.677, 0.15, 0.178, 0.38, 0
0, 7, 1, -3.82, 1.705, -1.13, 0.45, -0.471, 0.665, 0.298, -0.175, -0.473, 0.848, 5
0, 7, 1, -3.622, 1.111, -0.972, 0.399, -0.402, 0.527, 0.271, 0.373, -0.716, 0.943, 3
0, 7, 1, -5.105, 1.968, 1.14, 1.719, -0.443, -0.432, -0.969, -0.173, 0.551, 0.176, 0
0, 7, 1, -4.513, 4.265, -1.477, -1.09, 0.215, 0.829, 0.342, 0.693, -0.601, -0.056, 7
1, 8, 0, -2.696, 3.129, -0.52, 0.294, -0.989, 0.019, -0.066, 1.106, 0.361, -0.396, 4
1, 8, 0, -2.625, 1.551, 0.298, 0.324, -1.05, 0.746, 0.067, 0.603, 0.342, -0.413, 5
1, 8, 0, -4.813, 1.042, 0.887, 1.661, -0.534, 0.747, -0.513, -0.448, -0.412, 1.214, 9
1, 8, 0, -2.971, 0.463, -0.195, 0.323, -0.625, 0.941, -0.327, 0.78, 0.552, 0.436, 10
1, 8, 0, -2.92, 2.697, -0.116, 0.451, -0.859, -0.035, -0.307, 0.874, 0.622, -0.301, 4
1, 8, 0, -2.696, 1.26, 0.436, 0.657, -1.161, 0.805, 0.062, 0.575, 0.182, -0.334, 5
1, 8, 0, -1.53, 0.029, -0.925, 0.054, -0.565, 1.593, 0.123, 1.117, 0.338, 0.026, 1
1, 9, 0, -3.152, 3.176, -1.573, -0.204, -0.485, 0.723, 0.308, 0.652, -0.872, -0.586, 6
1, 10, 0, -2.966, 0.659, -1.057, 1.36, 0.152, 1.435, 0.197, 0.926, -0.45, -0.637, 1
1, 10, 0, -2.667, 1.132, -1.054, 0.232, 0.537, 0.352, 0.163, 0.55, -0.688, -0.295, 2
1, 10, 0, -3.96, 3.373, -1.235, 0.152, 0.031, 0.664, 0.558, 0.841, -0.133, -0.317, 8
1, 10, 0, -3.033, 0.7, -1.077, 1.266, 0.196, 1.453, 0.317, 0.947, -0.324, -0.828, 1
1, 10, 0, -2.6, 1.219, -1.315, 0.589, 0.311, 0.364, 0.451, 0.35, -0.556, -0.314, 2
1, 10, 0, -3.689, 1.367, -0.389, 0.376, 0.136, 0.343, 0.156, 1.01, -0.611, -0.551, 10
1, 11, 0, -3.823, 3.536, -2.07, 0.245, -0.442, 1.125, 0.73, 0.538, -0.006, -0.64, 7
1, 11, 0, -3.265, 1.933, -0.316, 0.602, 0.438, 0.336, 0.048, 0.134, -0.16, -0.991, 10
1, 11, 0, -2.162, 1.533, -0.267, -0.287, -0.026, 0.122, 0.168, -0.024, -0.268, -0.27, 3
1, 11, 0, -2.453, -0.32, -1.368, 1.04, 0.174, 1.985, 0.158, 0.59, -1.318, -0.587, 0
1, 11, 0, -3.311, 2.946, -0.808, -0.3, -0.457, 0.324, 0.515, 0.149, 0.533, -0.718, 6
1, 11, 0, -2.46, -0.325, -1.404, 0.928, 0.122, 2.049, 0.274, 0.532, -1.113, -0.769, 0
1, 11, 0, -2.147, 1.655, -0.355, -0.082, -0.194, 0.296, 0.146, -0.083, -0.314, -0.308, 3
1, 11, 0, -3.338, 3.033, -1.189, -0.269, -0.364, 0.544, 0.491, 0.148, 0.365, -0.931, 6
1, 11, 0, -4.457, 1.512, -0.514, 1.764, 0.063, 1.86, -0.332, 0.189, -0.521, -0.415, 9
1, 12, 1, -2.702, 3.596, -0.57, -1.041, -0.709, 1.009, 0.403, 0.426, -1.013, -0.009, 6
1, 12, 1, -3.303, 0.702, -0.209, 1.627, 0.818, 0.287, -0.541, -0.198, -0.717, 0.768, 1
1, 12, 1, -1.948, 2.143, -0.068, -0.211, -0.238, 0.263, -0.27, -0.238, -0.342, 0.147, 3
1, 12, 1, -3.189, 2.62, -0.833, 0.45, 0.009, 0.444, -0.348, 0.126, -0.614, 0.081, 10

