0.56, 0.52, 0.48, 0.17, 0.5, 0.0, 0.46, 0.22, NUC
0.39, 0.44, 0.28, 0.12, 0.5, 0.0, 0.46, 0.27, ME3
0.51, 0.63, 0.3, 0.35, 0.5, 0.0, 0.53, 0.27, ME3
0.57, 0.58, 0.58, 0.35, 0.5, 0.0, 0.49, 0.22, MIT
0.47, 0.47, 0.54, 0.19, 0.5, 0.0, 0.51, 0.33, NUC
0.45, 0.5, 0.57, 0.29, 0.5, 0.0, 0.44, 0.11, CYT
0.46, 0.53, 0.47, 0.37, 0.5, 0.0, 0.51, 0.36, NUC
0.47, 0.55, 0.57, 0.17, 0.5, 0.0, 0.52, 0.66, NUC
0.23, 0.37, 0.32, 0.13, 0.5, 0.0, 0.53, 0.22, MIT
0.25, 0.48, 0.45, 0.32, 0.5, 0.0, 0.4, 0.22, CYT
0.66, 0.54, 0.53, 0.17, 0.5, 0.0, 0.54, 0.22, CYT
0.82, 0.63, 0.47, 0.18, 0.5, 0.0, 0.5, 0.22, POX
0.46, 0.44, 0.52, 0.11, 0.5, 0.0, 0.5, 0.22, CYT
0.47, 0.39, 0.5, 0.11, 0.5, 0.0, 0.49, 0.4, CYT
0.74, 0.75, 0.58, 0.47, 0.5, 0.0, 0.4, 0.35, ME2
0.66, 0.62, 0.49, 0.1, 0.5, 0.0, 0.49, 0.22, CYT
0.43, 0.35, 0.52, 0.52, 0.5, 0.0, 0.54, 0.22, MIT
0.34, 0.46, 0.57, 0.09, 0.5, 0.0, 0.55, 0.22, CYT
0.42, 0.47, 0.52, 0.41, 0.5, 0.0, 0.53, 0.32, CYT
0.69, 0.7, 0.52, 0.36, 0.5, 0.0, 0.46, 0.22, EXC
0.65, 0.65, 0.52, 0.16, 0.5, 0.0, 0.6, 0.22, CYT
0.44, 0.52, 0.41, 0.23, 0.5, 0.0, 0.51, 0.22, NUC
0.55, 0.53, 0.55, 0.46, 0.5, 0.0, 0.52, 0.22, MIT
0.54, 0.55, 0.34, 0.31, 0.5, 0.0, 0.54, 0.22, ME3
0.36, 0.68, 0.46, 0.16, 0.5, 0.0, 0.53, 0.28, NUC
0.71, 0.59, 0.48, 0.43, 0.5, 0.0, 0.59, 0.22, MIT
0.58, 0.58, 0.58, 0.49, 0.5, 0.0, 0.49, 0.26, MIT
0.47, 0.46, 0.59, 0.49, 0.5, 0.0, 0.56, 0.22, MIT
0.58, 0.56, 0.45, 0.12, 0.5, 0.0, 0.51, 0.22, NUC
0.53, 0.38, 0.66, 0.25, 0.5, 0.0, 0.43, 0.22, NUC
0.46, 0.54, 0.71, 0.15, 0.5, 0.0, 0.59, 0.22, MIT
0.45, 0.27, 0.57, 0.36, 0.5, 0.0, 0.52, 0.18, CYT
0.2, 0.26, 0.52, 0.14, 0.5, 0.0, 0.53, 0.44, CYT
0.44, 0.68, 0.45, 0.51, 0.5, 0.0, 0.52, 0.41, MIT
0.59, 0.58, 0.56, 0.21, 0.5, 0.0, 0.54, 0.33, NUC
0.53, 0.61, 0.52, 0.21, 0.5, 0.0, 0.55, 0.3, NUC
0.51, 0.55, 0.35, 0.16, 0.5, 0.0, 0.51, 0.47, ME3
0.61, 0.3, 0.59, 0.12, 0.5, 0.0, 0.49, 0.27, NUC
0.78, 0.7, 0.32, 0.23, 0.5, 0.0, 0.53, 0.22, ME1
0.63, 0.61, 0.41, 0.22, 0.5, 0.0, 0.51, 0.22, ME3
0.36, 0.46, 0.43, 0.19, 0.5, 0.0, 0.48, 0.22, ME3
0.55, 0.46, 0.46, 0.31, 0.5, 0.0, 0.58, 0.48, NUC
0.35, 0.6, 0.47, 0.13, 0.5, 0.0, 0.52, 0.43, NUC
0.77, 0.8, 0.51, 0.4, 1.0, 0.0, 0.54, 0.22, ERL
0.6, 0.6, 0.49, 0.3, 0.5, 0.0, 0.53, 0.22, NUC
0.32, 0.38, 0.52, 0.2, 0.5, 0.0, 0.52, 0.28, CYT
0.37, 0.33, 0.5, 0.12, 0.5, 0.0, 0.51, 0.54, CYT
0.43, 0.51, 0.54, 0.15, 0.5, 0.0, 0.45, 0.26, NUC
0.6, 0.4, 0.59, 0.18, 0.5, 0.0, 0.48, 0.22, CYT
0.74, 0.53, 0.5, 0.08, 0.5, 0.0, 0.55, 0.31, CYT
0.44, 0.51, 0.48, 0.38, 0.5, 0.0, 0.52, 0.22, CYT
0.58, 0.48, 0.56, 0.1, 0.5, 0.0, 0.46, 0.25, NUC
0.58, 0.45, 0.48, 0.24, 0.5, 0.0, 0.52, 0.37, CYT
0.58, 0.41, 0.51, 0.26, 0.5, 0.0, 0.51, 0.37, CYT
0.6, 0.48, 0.44, 0.52, 0.5, 0.0, 0.54, 0.63, NUC
0.28, 0.51, 0.55, 0.11, 0.5, 0.0, 0.46, 0.22, NUC
0.44, 0.42, 0.62, 0.14, 0.5, 0.0, 0.55, 0.37, NUC
0.41, 0.3, 0.49, 0.28, 0.5, 0.0, 0.54, 0.22, CYT
0.35, 0.49, 0.47, 0.22, 0.5, 0.0, 0.5, 0.28, MIT
0.81, 0.76, 0.32, 0.37, 0.5, 0.0, 0.51, 0.22, ME2
0.58, 0.76, 0.4, 0.37, 0.5, 0.0, 0.54, 0.3, ME2
0.36, 0.44, 0.57, 0.18, 0.5, 0.0, 0.42, 0.22, MIT
0.46, 0.14, 0.36, 0.21, 0.5, 0.0, 0.5, 0.25, ME3
0.39, 0.37, 0.33, 0.23, 0.5, 0.0, 0.53, 0.26, ME3
0.5, 0.62, 0.54, 0.66, 0.5, 0.0, 0.49, 0.22, MIT
0.18, 0.48, 0.46, 0.12, 0.5, 0.0, 0.0, 0.25, NUC
0.51, 0.47, 0.41, 0.44, 0.5, 0.0, 0.5, 0.22, ME3
0.43, 0.39, 0.59, 0.13, 0.5, 0.0, 0.41, 0.43, NUC
0.67, 0.51, 0.54, 0.21, 0.5, 0.0, 0.43, 0.3, MIT
0.57, 0.4, 0.62, 0.3, 0.5, 0.0, 0.48, 0.11, MIT
0.42, 0.53, 0.53, 0.64, 0.5, 0.0, 0.47, 0.22, MIT
0.6, 0.57, 0.64, 0.52, 0.5, 0.0, 0.47, 0.28, MIT
0.41, 0.52, 0.53, 0.41, 0.5, 0.0, 0.39, 0.33, MIT
0.6, 0.46, 0.59, 0.16, 0.5, 0.0, 0.49, 0.22, MIT
0.51, 0.48, 0.51, 0.43, 0.5, 0.0, 0.49, 0.22, MIT
0.51, 0.56, 0.62, 0.24, 0.5, 0.0, 0.52, 0.51, NUC
0.55, 0.53, 0.54, 0.4, 0.5, 0.0, 0.48, 0.22, MIT
0.58, 0.38, 0.4, 0.21, 0.5, 0.0, 0.5, 0.22, CYT
0.44, 0.41, 0.29, 0.21, 0.5, 0.0, 0.49, 0.22, ME3
0.59, 0.58, 0.39, 0.52, 0.5, 0.0, 0.5, 0.31, CYT
0.69, 0.62, 0.49, 0.0, 1.0, 0.0, 0.47, 0.22, NUC
0.58, 0.51, 0.56, 0.16, 0.5, 0.0, 0.34, 0.22, NUC
0.39, 0.42, 0.49, 0.1, 0.5, 0.0, 0.49, 0.65, NUC
0.6, 0.54, 0.54, 0.53, 0.5, 0.0, 0.52, 0.27, MIT
0.26, 0.28, 0.6, 0.2, 0.5, 0.0, 0.54, 0.31, MIT
0.41, 0.48, 0.54, 0.24, 0.5, 0.0, 0.37, 0.51, NUC
0.77, 0.72, 0.48, 0.26, 0.5, 0.0, 0.51, 0.22, EXC
0.47, 0.54, 0.53, 0.77, 0.5, 0.0, 0.52, 0.36, MIT
0.49, 0.48, 0.52, 0.2, 0.5, 0.0, 0.55, 0.22, NUC
0.46, 0.37, 0.48, 0.36, 0.5, 0.0, 0.48, 0.22, POX
0.75, 0.69, 0.48, 0.13, 0.5, 0.0, 0.57, 0.4, VAC
0.53, 0.59, 0.48, 0.14, 0.5, 0.0, 0.51, 0.22, CYT
0.33, 0.39, 0.52, 0.09, 0.5, 0.0, 0.47, 0.28, NUC
0.59, 0.46, 0.48, 0.46, 0.5, 0.0, 0.49, 0.22, CYT
0.58, 0.53, 0.33, 0.26, 0.5, 0.0, 0.51, 0.22, ME3
0.52, 0.5, 0.51, 0.2, 0.5, 0.0, 0.51, 0.22, NUC
0.41, 0.52, 0.56, 0.26, 0.5, 0.0, 0.48, 0.32, NUC
0.4, 0.66, 0.34, 0.21, 0.5, 0.0, 0.52, 0.26, NUC
0.35, 0.4, 0.44, 0.25, 0.5, 0.0, 0.53, 0.57, NUC
0.72, 0.51, 0.52, 0.08, 0.5, 0.0, 0.54, 0.22, NUC
0.35, 0.41, 0.53, 0.27, 0.5, 0.0, 0.47, 0.29, NUC
0.4, 0.3, 0.57, 0.13, 0.5, 0.0, 0.46, 0.22, NUC
0.46, 0.35, 0.69, 0.18, 0.5, 0.0, 0.3, 0.25, CYT
0.57, 0.43, 0.52, 0.3, 0.5, 0.0, 0.37, 0.11, CYT
0.59, 0.51, 0.48, 0.12, 0.5, 0.0, 0.54, 0.31, CYT
0.34, 0.34, 0.65, 0.4, 0.5, 0.0, 0.32, 0.16, CYT
0.56, 0.35, 0.47, 0.41, 0.5, 0.0, 0.5, 0.22, CYT
0.73, 0.6, 0.47, 0.2, 0.5, 0.0, 0.72, 0.22, CYT
0.37, 0.3, 0.62, 0.43, 0.5, 0.0, 0.44, 0.39, CYT
0.51, 0.4, 0.5, 0.28, 0.5, 0.0, 0.48, 0.27, CYT
0.77, 0.86, 0.44, 0.27, 0.5, 0.0, 0.48, 0.22, ME1
0.55, 0.52, 0.44, 0.2, 0.5, 0.0, 0.56, 0.22, ME2
0.55, 0.72, 0.35, 0.26, 0.5, 0.0, 0.49, 0.22, ME3
0.59, 0.55, 0.57, 0.18, 0.5, 0.0, 0.51, 0.22, CYT
0.39, 0.3, 0.63, 0.2, 0.5, 0.0, 0.43, 0.47, CYT
0.7, 0.78, 0.53, 0.24, 0.5, 0.0, 0.48, 0.22, VAC
0.42, 0.28, 0.49, 0.22, 0.5, 0.0, 0.55, 0.34, NUC
0.54, 0.5, 0.51, 0.26, 0.5, 0.0, 0.52, 0.22, CYT
0.39, 0.45, 0.51, 0.29, 0.5, 0.0, 0.54, 0.22, CYT
0.49, 0.6, 0.54, 0.35, 0.5, 0.0, 0.53, 0.46, NUC
0.5, 0.52, 0.51, 0.22, 0.5, 0.0, 0.46, 0.37, CYT
0.56, 0.52, 0.46, 0.17, 0.5, 0.0, 0.49, 0.73, CYT
0.4, 0.65, 0.38, 0.17, 0.5, 0.0, 0.57, 0.22, ME3
0.74, 0.82, 0.46, 0.24, 0.5, 0.0, 0.5, 0.31, EXC
0.5, 0.49, 0.46, 0.22, 0.5, 0.0, 0.53, 0.25, CYT
0.52, 0.45, 0.53, 0.34, 0.5, 0.0, 0.52, 0.44, CYT
0.52, 0.49, 0.59, 0.21, 0.5, 0.0, 0.47, 0.22, NUC
0.49, 0.46, 0.54, 0.18, 0.5, 0.0, 0.35, 0.22, CYT
0.42, 0.45, 0.75, 0.21, 0.5, 0.0, 0.48, 0.22, CYT
0.59, 0.48, 0.41, 0.53, 0.5, 0.0, 0.48, 0.56, ME3
0.5, 0.5, 0.48, 0.34, 0.5, 0.0, 0.52, 0.27, NUC
0.79, 0.62, 0.35, 0.35, 0.5, 0.0, 0.6, 0.28, ME2
0.52, 0.51, 0.48, 0.12, 0.5, 0.0, 0.54, 0.31, CYT
0.47, 0.46, 0.49, 0.27, 0.5, 0.0, 0.59, 0.22, CYT
0.59, 0.7, 0.46, 0.19, 0.5, 0.0, 0.54, 0.44, CYT
0.66, 0.37, 0.6, 0.25, 0.5, 0.0, 0.69, 0.22, MIT
0.48, 0.58, 0.58, 0.12, 0.5, 0.0, 0.49, 0.22, VAC
0.64, 0.56, 0.52, 0.17, 0.5, 0.0, 0.54, 0.47, NUC
0.69, 0.66, 0.36, 0.09, 0.5, 0.0, 0.56, 0.22, ME1
0.45, 0.51, 0.43, 0.22, 0.5, 0.0, 0.57, 0.22, NUC
0.77, 0.78, 0.27, 0.37, 0.5, 0.0, 0.49, 0.22, ME1
0.46, 0.59, 0.38, 0.12, 0.5, 0.0, 0.5, 0.22, ME3
0.6, 0.68, 0.3, 0.27, 0.5, 0.0, 0.55, 0.22, ME3
0.47, 0.38, 0.58, 0.19, 0.5, 0.0, 0.57, 0.22, CYT
0.46, 0.62, 0.46, 0.54, 0.5, 0.0, 0.51, 0.27, MIT
0.25, 0.4, 0.52, 0.15, 0.5, 0.0, 0.56, 0.28, NUC
0.86, 0.74, 0.51, 0.4, 0.5, 0.0, 0.55, 0.22, ME2
0.27, 0.6, 0.48, 0.23, 0.5, 0.0, 0.55, 0.22, CYT
0.58, 0.5, 0.5, 0.12, 0.5, 0.0, 0.48, 0.25, NUC

