0.007, 0.023, 0.051, 0.044, 0.025, 0.064, 0.042, 0.113, 0.191, 0.248, 0.161, 0.092, 0.24, 0.322, 0.43, 0.265, 0.067, 0.144, 0.237, 0.26, 0.249, 0.39, 0.638, 0.804, 0.703, 0.687, 0.7, 0.856, 1.0, 0.962, 0.9, 0.758, 0.69, 0.569, 0.44, 0.455, 0.296, 0.159, 0.168, 0.084, 0.117, 0.175, 0.273, 0.17, 0.019, 0.021, 0.035, 0.042, 0.009, 0.02, 0.02, 0.017, 0.016, 0.006, 0.004, 0.007, 0.004, 0.005, 0.019, 0.01, R
0.037, 0.028, 0.023, 0.022, 0.018, 0.073, 0.084, 0.103, 0.099, 0.08, 0.156, 0.256, 0.262, 0.118, 0.06, 0.156, 0.224, 0.359, 0.179, 0.326, 0.608, 0.699, 0.839, 0.855, 0.771, 0.622, 0.574, 0.44, 0.406, 0.441, 0.513, 0.596, 0.727, 0.654, 0.59, 0.539, 0.49, 0.408, 0.414, 0.6, 0.72, 0.663, 0.629, 0.409, 0.321, 0.252, 0.148, 0.099, 0.032, 0.027, 0.007, 0.001, 0.004, 0.002, 0.001, 0.007, 0.01, 0.005, 0.008, 0.006, R
0.016, 0.025, 0.026, 0.039, 0.064, 0.047, 0.106, 0.139, 0.06, 0.133, 0.297, 0.475, 0.568, 0.569, 0.642, 0.749, 0.9, 1.0, 0.969, 0.903, 0.768, 0.7, 0.664, 0.596, 0.371, 0.092, 0.048, 0.088, 0.104, 0.171, 0.326, 0.461, 0.394, 0.505, 0.483, 0.351, 0.232, 0.403, 0.368, 0.151, 0.074, 0.14, 0.155, 0.038, 0.064, 0.044, 0.026, 0.022, 0.019, 0.008, 0.014, 0.007, 0.008, 0.023, 0.02, 0.007, 0.004, 0.01, 0.005, 0.002, M
0.039, 0.032, 0.069, 0.09, 0.127, 0.152, 0.213, 0.261, 0.283, 0.272, 0.364, 0.393, 0.384, 0.468, 0.536, 0.482, 0.484, 0.586, 0.758, 0.7, 0.692, 0.863, 0.911, 0.935, 0.788, 0.858, 0.926, 0.708, 0.578, 0.522, 0.45, 0.313, 0.145, 0.105, 0.182, 0.152, 0.102, 0.144, 0.199, 0.204, 0.278, 0.288, 0.133, 0.114, 0.131, 0.143, 0.062, 0.01, 0.01, 0.013, 0.015, 0.026, 0.007, 0.026, 0.008, 0.011, 0.011, 0.007, 0.01, 0.007, M
0.009, 0.061, 0.114, 0.12, 0.04, 0.123, 0.25, 0.457, 0.659, 0.508, 0.335, 0.083, 0.3, 0.396, 0.377, 0.383, 0.125, 0.136, 0.268, 0.919, 0.978, 0.324, 0.194, 0.187, 0.088, 0.344, 0.295, 0.591, 0.456, 0.733, 0.197, 0.279, 0.621, 0.868, 0.862, 0.938, 0.833, 0.948, 0.672, 0.444, 0.516, 0.381, 0.156, 0.145, 0.266, 0.181, 0.17, 0.256, 0.113, 0.02, 0.048, 0.023, 0.018, 0.035, 0.016, 0.033, 0.02, 0.017, 0.024, 0.015, M
0.021, 0.028, 0.012, 0.044, 0.043, 0.077, 0.146, 0.143, 0.189, 0.185, 0.175, 0.156, 0.148, 0.138, 0.258, 0.383, 0.478, 0.536, 0.619, 0.791, 0.926, 1.0, 0.908, 0.744, 0.556, 0.317, 0.13, 0.06, 0.272, 0.362, 0.329, 0.486, 0.394, 0.184, 0.034, 0.249, 0.384, 0.351, 0.265, 0.176, 0.16, 0.087, 0.059, 0.081, 0.049, 0.042, 0.05, 0.037, 0.012, 0.012, 0.013, 0.01, 0.001, 0.005, 0.004, 0.003, 0.008, 0.005, 0.002, 0.001, M
0.013, 0.02, 0.004, 0.022, 0.023, 0.048, 0.074, 0.033, 0.137, 0.208, 0.23, 0.199, 0.118, 0.189, 0.295, 0.534, 0.685, 0.792, 0.822, 0.729, 0.735, 0.792, 0.806, 0.49, 0.193, 0.292, 0.626, 0.855, 0.897, 0.782, 0.517, 0.484, 0.404, 0.341, 0.285, 0.235, 0.27, 0.444, 0.432, 0.331, 0.12, 0.167, 0.37, 0.307, 0.094, 0.154, 0.139, 0.077, 0.062, 0.023, 0.011, 0.017, 0.009, 0.004, 0.006, 0.006, 0.003, 0.007, 0.003, 0.005, M
0.02, 0.016, 0.034, 0.033, 0.04, 0.044, 0.068, 0.09, 0.174, 0.257, 0.293, 0.311, 0.36, 0.3, 0.272, 0.201, 0.18, 0.223, 0.357, 0.549, 0.721, 0.832, 0.886, 0.952, 0.964, 1.0, 0.967, 0.866, 0.79, 0.634, 0.535, 0.406, 0.256, 0.289, 0.359, 0.43, 0.477, 0.452, 0.376, 0.305, 0.192, 0.118, 0.198, 0.157, 0.066, 0.129, 0.08, 0.005, 0.023, 0.015, 0.012, 0.005, 0.006, 0.014, 0.011, 0.004, 0.006, 0.01, 0.008, 0.004, M
0.039, 0.042, 0.045, 0.055, 0.06, 0.142, 0.096, 0.08, 0.162, 0.256, 0.308, 0.34, 0.34, 0.395, 0.335, 0.225, 0.209, 0.225, 0.338, 0.458, 0.647, 0.671, 0.701, 0.762, 0.774, 0.677, 0.737, 0.783, 0.962, 1.0, 0.809, 0.556, 0.541, 0.499, 0.311, 0.29, 0.224, 0.096, 0.229, 0.323, 0.345, 0.388, 0.324, 0.093, 0.117, 0.057, 0.077, 0.097, 0.059, 0.005, 0.012, 0.015, 0.004, 0.011, 0.003, 0.006, 0.01, 0.007, 0.005, 0.009, M
0.01, 0.031, 0.054, 0.041, 0.061, 0.104, 0.102, 0.139, 0.259, 0.374, 0.423, 0.45, 0.54, 0.43, 0.333, 0.35, 0.343, 0.285, 0.406, 0.683, 0.765, 0.667, 0.57, 0.6, 0.648, 0.861, 0.982, 0.938, 0.844, 0.607, 0.54, 0.689, 0.598, 0.324, 0.052, 0.316, 0.359, 0.388, 0.572, 0.431, 0.305, 0.439, 0.43, 0.483, 0.508, 0.195, 0.154, 0.204, 0.105, 0.025, 0.036, 0.018, 0.002, 0.01, 0.013, 0.004, 0.004, 0.003, 0.003, 0.003, M
0.027, 0.038, 0.05, 0.071, 0.131, 0.21, 0.226, 0.252, 0.36, 0.592, 0.668, 0.568, 0.518, 0.333, 0.2, 0.286, 0.294, 0.342, 0.595, 0.753, 0.896, 0.815, 0.711, 0.738, 0.72, 0.825, 0.892, 0.982, 0.818, 0.485, 0.32, 0.278, 0.238, 0.291, 0.168, 0.316, 0.187, 0.339, 0.599, 0.412, 0.118, 0.365, 0.466, 0.478, 0.352, 0.092, 0.123, 0.178, 0.108, 0.03, 0.035, 0.017, 0.02, 0.014, 0.008, 0.004, 0.004, 0.003, 0.006, 0.006, M
0.039, 0.011, 0.027, 0.026, 0.041, 0.049, 0.105, 0.169, 0.21, 0.247, 0.268, 0.305, 0.286, 0.229, 0.116, 0.213, 0.206, 0.222, 0.324, 0.433, 0.507, 0.594, 0.708, 0.764, 0.888, 0.971, 0.988, 0.981, 0.946, 0.854, 0.646, 0.34, 0.383, 0.32, 0.133, 0.044, 0.123, 0.203, 0.165, 0.104, 0.107, 0.211, 0.242, 0.163, 0.077, 0.072, 0.091, 0.081, 0.05, 0.01, 0.009, 0.008, 0.008, 0.003, 0.008, 0.004, 0.007, 0.004, 0.002, 0.001, M
0.032, 0.01, 0.03, 0.056, 0.076, 0.096, 0.099, 0.102, 0.103, 0.215, 0.308, 0.342, 0.299, 0.14, 0.124, 0.153, 0.19, 0.243, 0.212, 0.24, 0.327, 0.595, 0.83, 0.904, 0.989, 0.991, 0.945, 1.0, 0.909, 0.741, 0.769, 0.712, 0.53, 0.213, 0.093, 0.13, 0.116, 0.123, 0.177, 0.034, 0.156, 0.082, 0.115, 0.169, 0.095, 0.008, 0.079, 0.126, 0.065, 0.018, 0.005, 0.006, 0.009, 0.014, 0.006, 0.006, 0.003, 0.003, 0.006, 0.007, M
0.041, 0.042, 0.057, 0.013, 0.018, 0.102, 0.105, 0.107, 0.23, 0.226, 0.237, 0.332, 0.383, 0.484, 0.681, 0.756, 0.952, 0.983, 0.887, 0.827, 0.756, 0.822, 0.697, 0.644, 0.695, 0.801, 0.605, 0.608, 0.888, 0.856, 0.556, 0.29, 0.364, 0.479, 0.291, 0.09, 0.204, 0.171, 0.041, 0.129, 0.158, 0.219, 0.17, 0.097, 0.222, 0.273, 0.187, 0.106, 0.066, 0.04, 0.011, 0.003, 0.004, 0.01, 0.012, 0.009, 0.006, 0.006, 0.003, 0.008, R
0.022, 0.034, 0.039, 0.024, 0.108, 0.116, 0.14, 0.101, 0.115, 0.178, 0.408, 0.411, 0.397, 0.508, 0.651, 0.807, 0.982, 1.0, 0.941, 0.845, 0.811, 0.846, 0.621, 0.582, 0.774, 0.82, 0.56, 0.299, 0.501, 0.663, 0.575, 0.406, 0.375, 0.348, 0.158, 0.142, 0.213, 0.187, 0.1, 0.24, 0.224, 0.203, 0.071, 0.161, 0.167, 0.17, 0.183, 0.14, 0.051, 0.022, 0.01, 0.003, 0.01, 0.008, 0.008, 0.009, 0.003, 0.003, 0.001, 0.007, R
0.007, 0.01, 0.014, 0.049, 0.025, 0.081, 0.07, 0.074, 0.012, 0.09, 0.029, 0.155, 0.144, 0.104, 0.142, 0.123, 0.089, 0.205, 0.083, 0.152, 0.303, 0.161, 0.067, 0.143, 0.04, 0.165, 0.34, 0.486, 0.521, 0.551, 0.61, 0.599, 0.676, 0.89, 1.0, 0.952, 0.846, 0.707, 0.67, 0.633, 0.51, 0.416, 0.282, 0.17, 0.142, 0.097, 0.088, 0.086, 0.036, 0.023, 0.025, 0.004, 0.005, 0.008, 0.012, 0.01, 0.005, 0.003, 0.007, 0.006, R
0.014, 0.022, 0.009, 0.011, 0.022, 0.014, 0.066, 0.095, 0.079, 0.102, 0.126, 0.083, 0.049, 0.085, 0.151, 0.14, 0.107, 0.192, 0.299, 0.325, 0.38, 0.566, 0.748, 0.876, 0.905, 0.751, 0.686, 0.704, 0.586, 0.377, 0.221, 0.263, 0.267, 0.291, 0.198, 0.229, 0.319, 0.287, 0.292, 0.281, 0.268, 0.211, 0.151, 0.179, 0.185, 0.172, 0.09, 0.066, 0.044, 0.011, 0.002, 0.006, 0.007, 0.011, 0.001, 0.002, 0.002, 0.006, 0.004, 0.005, R
0.02, 0.01, 0.032, 0.024, 0.081, 0.153, 0.115, 0.061, 0.132, 0.137, 0.084, 0.027, 0.125, 0.305, 0.558, 0.797, 0.834, 0.806, 0.862, 0.877, 0.941, 0.94, 0.941, 1.0, 0.972, 0.931, 0.935, 0.732, 0.442, 0.324, 0.416, 0.461, 0.403, 0.3, 0.246, 0.135, 0.254, 0.226, 0.16, 0.148, 0.084, 0.057, 0.086, 0.126, 0.115, 0.057, 0.043, 0.042, 0.024, 0.001, 0.019, 0.013, 0.008, 0.007, 0.004, 0.006, 0.005, 0.005, 0.007, 0.005, R
0.019, 0.061, 0.038, 0.077, 0.139, 0.081, 0.057, 0.022, 0.104, 0.119, 0.124, 0.16, 0.352, 0.448, 0.377, 0.576, 0.643, 0.679, 0.716, 0.547, 0.54, 0.636, 0.785, 0.776, 0.578, 0.486, 0.418, 0.246, 0.072, 0.061, 0.182, 0.449, 0.598, 0.378, 0.25, 0.577, 0.885, 0.841, 0.357, 0.313, 0.61, 0.638, 0.271, 0.142, 0.126, 0.129, 0.079, 0.083, 0.052, 0.022, 0.036, 0.033, 0.013, 0.012, 0.011, 0.002, 0.004, 0.004, 0.011, 0.008, R
0.047, 0.051, 0.082, 0.125, 0.178, 0.307, 0.301, 0.236, 0.383, 0.376, 0.302, 0.291, 0.23, 0.141, 0.158, 0.243, 0.447, 0.596, 0.674, 0.797, 0.832, 0.781, 0.863, 0.737, 0.412, 0.26, 0.339, 0.379, 0.449, 0.628, 0.745, 0.733, 0.77, 0.787, 0.605, 0.586, 0.638, 0.728, 0.629, 0.532, 0.407, 0.179, 0.162, 0.253, 0.19, 0.164, 0.06, 0.021, 0.044, 0.018, 0.011, 0.019, 0.012, 0.006, 0.004, 0.005, 0.005, 0.008, 0.003, 0.003, R
0.071, 0.09, 0.128, 0.15, 0.128, 0.116, 0.128, 0.168, 0.183, 0.213, 0.289, 0.398, 0.458, 0.582, 0.503, 0.193, 0.258, 0.318, 0.274, 0.619, 0.896, 0.744, 0.519, 0.281, 0.177, 0.661, 0.758, 0.512, 0.47, 0.548, 0.435, 0.128, 0.085, 0.093, 0.031, 0.1, 0.178, 0.159, 0.3, 0.221, 0.146, 0.29, 0.32, 0.141, 0.063, 0.073, 0.08, 0.061, 0.056, 0.029, 0.015, 0.015, 0.016, 0.005, 0.003, 0.005, 0.009, 0.01, 0.01, 0.007, M

