0.076, 0.067, 0.048, 0.039, 0.059, 0.065, 0.121, 0.247, 0.356, 0.446, 0.415, 0.395, 0.426, 0.414, 0.453, 0.533, 0.731, 0.619, 0.203, 0.464, 0.415, 0.429, 0.573, 0.54, 0.316, 0.228, 0.7, 1.0, 0.726, 0.472, 0.51, 0.546, 0.288, 0.098, 0.195, 0.418, 0.46, 0.322, 0.283, 0.243, 0.198, 0.244, 0.185, 0.084, 0.069, 0.053, 0.036, 0.008, 0.023, 0.005, 0.016, 0.003, 0.005, 0.01, 0.011, 0.002, 0.007, 0.005, 0.011, 0.009, R
0.009, 0.018, 0.006, 0.006, 0.026, 0.046, 0.047, 0.006, 0.042, 0.064, 0.089, 0.16, 0.154, 0.277, 0.218, 0.28, 0.349, 0.282, 0.248, 0.3, 0.43, 0.468, 0.452, 0.503, 0.622, 0.657, 0.663, 0.732, 0.853, 1.0, 0.845, 0.635, 0.631, 0.621, 0.698, 0.587, 0.489, 0.368, 0.204, 0.147, 0.222, 0.145, 0.149, 0.121, 0.114, 0.079, 0.036, 0.015, 0.008, 0.012, 0.002, 0.007, 0.006, 0.013, 0.011, 0.005, 0.009, 0.005, 0.006, 0.002, R
0.023, 0.037, 0.004, 0.038, 0.046, 0.145, 0.221, 0.119, 0.075, 0.163, 0.271, 0.336, 0.409, 0.44, 0.548, 0.721, 0.814, 0.918, 1.0, 0.942, 0.912, 0.935, 0.748, 0.515, 0.411, 0.344, 0.698, 0.871, 0.901, 0.801, 0.438, 0.132, 0.171, 0.248, 0.304, 0.231, 0.134, 0.206, 0.247, 0.279, 0.161, 0.006, 0.035, 0.115, 0.133, 0.028, 0.076, 0.063, 0.031, 0.024, 0.012, 0.006, 0.002, 0.012, 0.015, 0.006, 0.003, 0.003, 0.01, 0.016, R
0.01, 0.019, 0.016, 0.049, 0.084, 0.101, 0.163, 0.207, 0.27, 0.299, 0.324, 0.356, 0.395, 0.52, 0.695, 0.847, 1.0, 0.928, 0.851, 0.801, 0.814, 0.882, 0.73, 0.611, 0.716, 0.846, 0.632, 0.481, 0.629, 0.715, 0.6, 0.424, 0.411, 0.399, 0.173, 0.198, 0.237, 0.134, 0.158, 0.315, 0.197, 0.205, 0.127, 0.113, 0.195, 0.22, 0.193, 0.15, 0.077, 0.02, 0.012, 0.013, 0.007, 0.008, 0.008, 0.006, 0.008, 0.002, 0.005, 0.002, R
0.025, 0.081, 0.051, 0.024, 0.172, 0.382, 0.373, 0.358, 0.343, 0.22, 0.265, 0.322, 0.558, 0.692, 0.794, 0.715, 0.351, 0.201, 0.268, 0.43, 0.528, 0.349, 0.143, 0.545, 0.634, 0.771, 0.684, 0.802, 0.807, 0.831, 0.779, 0.505, 0.141, 0.277, 0.508, 0.479, 0.136, 0.23, 0.279, 0.383, 0.293, 0.116, 0.17, 0.129, 0.091, 0.08, 0.057, 0.02, 0.011, 0.015, 0.008, 0.018, 0.007, 0.008, 0.004, 0.012, 0.003, 0.004, 0.008, 0.005, R
0.049, 0.028, 0.059, 0.127, 0.177, 0.191, 0.222, 0.077, 0.125, 0.203, 0.095, 0.25, 0.221, 0.32, 0.334, 0.332, 0.278, 0.298, 0.295, 0.173, 0.326, 0.383, 0.352, 0.541, 0.523, 0.448, 0.534, 0.532, 0.391, 0.346, 0.409, 0.464, 0.558, 0.573, 0.636, 0.756, 0.69, 0.618, 0.538, 0.562, 0.651, 0.48, 0.374, 0.28, 0.198, 0.244, 0.179, 0.171, 0.076, 0.024, 0.027, 0.008, 0.013, 0.016, 0.006, 0.012, 0.019, 0.014, 0.033, 0.044, M
0.011, 0.022, 0.027, 0.038, 0.122, 0.206, 0.149, 0.093, 0.135, 0.18, 0.249, 0.297, 0.367, 0.439, 0.526, 0.676, 0.74, 0.828, 0.903, 0.958, 1.0, 0.998, 0.89, 0.749, 0.637, 0.674, 0.721, 0.682, 0.551, 0.479, 0.392, 0.253, 0.109, 0.139, 0.255, 0.33, 0.282, 0.214, 0.227, 0.214, 0.235, 0.287, 0.26, 0.192, 0.126, 0.1, 0.095, 0.121, 0.073, 0.017, 0.021, 0.027, 0.015, 0.026, 0.01, 0.004, 0.005, 0.014, 0.01, 0.002, M
0.041, 0.044, 0.045, 0.084, 0.042, 0.122, 0.2, 0.152, 0.082, 0.198, 0.231, 0.302, 0.394, 0.505, 0.587, 0.661, 0.742, 0.801, 0.846, 0.794, 0.88, 0.838, 0.785, 0.848, 0.743, 0.643, 0.551, 0.352, 0.317, 0.335, 0.206, 0.103, 0.317, 0.404, 0.428, 0.454, 0.37, 0.374, 0.384, 0.349, 0.438, 0.426, 0.285, 0.281, 0.24, 0.037, 0.08, 0.054, 0.018, 0.006, 0.022, 0.004, 0.014, 0.011, 0.005, 0.016, 0.014, 0.008, 0.025, 0.02, M
0.036, 0.048, 0.03, 0.021, 0.141, 0.192, 0.135, 0.161, 0.17, 0.144, 0.199, 0.215, 0.286, 0.357, 0.398, 0.436, 0.533, 0.63, 0.7, 0.744, 0.838, 0.864, 0.901, 0.943, 0.954, 1.0, 0.955, 0.974, 0.896, 0.72, 0.546, 0.316, 0.252, 0.197, 0.219, 0.153, 0.071, 0.15, 0.176, 0.228, 0.132, 0.106, 0.197, 0.169, 0.188, 0.118, 0.078, 0.05, 0.049, 0.019, 0.025, 0.012, 0.019, 0.006, 0.01, 0.005, 0.007, 0.011, 0.007, 0.003, M
0.025, 0.012, 0.028, 0.076, 0.122, 0.154, 0.119, 0.123, 0.212, 0.253, 0.286, 0.296, 0.334, 0.429, 0.52, 0.609, 0.724, 0.758, 0.773, 0.81, 0.9, 0.925, 0.936, 0.985, 0.978, 1.0, 0.99, 0.908, 0.731, 0.576, 0.447, 0.372, 0.208, 0.096, 0.049, 0.141, 0.255, 0.205, 0.161, 0.223, 0.177, 0.229, 0.252, 0.146, 0.067, 0.096, 0.149, 0.113, 0.046, 0.019, 0.014, 0.003, 0.007, 0.015, 0.001, 0.013, 0.005, 0.024, 0.008, 0.007, M
0.137, 0.123, 0.138, 0.148, 0.178, 0.143, 0.177, 0.216, 0.163, 0.207, 0.426, 0.548, 0.713, 0.7, 0.678, 0.794, 0.938, 0.892, 0.915, 0.783, 0.796, 0.798, 0.772, 0.662, 0.486, 0.557, 0.47, 0.564, 0.452, 0.337, 0.268, 0.234, 0.305, 0.302, 0.275, 0.104, 0.176, 0.316, 0.36, 0.274, 0.13, 0.246, 0.34, 0.175, 0.068, 0.106, 0.064, 0.053, 0.053, 0.027, 0.017, 0.012, 0.013, 0.034, 0.006, 0.007, 0.002, 0.008, 0.015, 0.005, M
0.014, 0.03, 0.012, 0.008, 0.024, 0.025, 0.028, 0.013, 0.049, 0.087, 0.11, 0.108, 0.109, 0.102, 0.06, 0.091, 0.131, 0.276, 0.366, 0.527, 0.581, 0.618, 0.588, 0.464, 0.542, 0.737, 0.909, 1.0, 0.825, 0.544, 0.335, 0.088, 0.16, 0.417, 0.658, 0.739, 0.796, 0.749, 0.68, 0.471, 0.236, 0.17, 0.273, 0.402, 0.412, 0.347, 0.274, 0.179, 0.092, 0.028, 0.017, 0.008, 0.004, 0.002, 0.004, 0.006, 0.007, 0.004, 0.004, 0.003, M
0.018, 0.044, 0.048, 0.07, 0.162, 0.089, 0.06, 0.107, 0.318, 0.292, 0.327, 0.304, 0.303, 0.259, 0.168, 0.131, 0.28, 0.452, 0.664, 0.768, 0.696, 0.439, 0.243, 0.289, 0.497, 0.817, 1.0, 0.924, 0.852, 0.772, 0.577, 0.519, 0.682, 0.622, 0.505, 0.358, 0.381, 0.381, 0.336, 0.277, 0.365, 0.383, 0.345, 0.21, 0.103, 0.08, 0.07, 0.053, 0.024, 0.012, 0.012, 0.012, 0.011, 0.01, 0.003, 0.002, 0.003, 0.005, 0.007, 0.002, M
0.029, 0.012, 0.012, 0.011, 0.05, 0.1, 0.133, 0.112, 0.298, 0.347, 0.423, 0.504, 0.524, 0.44, 0.324, 0.296, 0.329, 0.323, 0.453, 0.634, 0.704, 0.831, 0.845, 0.851, 0.914, 0.998, 1.0, 0.754, 0.466, 0.392, 0.385, 0.467, 0.424, 0.31, 0.075, 0.288, 0.407, 0.317, 0.286, 0.263, 0.054, 0.187, 0.346, 0.465, 0.437, 0.258, 0.132, 0.05, 0.011, 0.006, 0.004, 0.006, 0.01, 0.008, 0.001, 0.005, 0.002, 0.001, 0.008, 0.004, M
0.037, 0.042, 0.05, 0.025, 0.06, 0.025, 0.096, 0.099, 0.142, 0.185, 0.222, 0.265, 0.251, 0.229, 0.156, 0.186, 0.239, 0.334, 0.523, 0.668, 0.777, 0.793, 0.794, 0.913, 0.95, 0.984, 1.0, 0.947, 0.824, 0.625, 0.418, 0.321, 0.266, 0.22, 0.159, 0.056, 0.095, 0.17, 0.122, 0.128, 0.039, 0.133, 0.233, 0.247, 0.196, 0.198, 0.157, 0.092, 0.055, 0.019, 0.017, 0.013, 0.003, 0.002, 0.006, 0.002, 0.002, 0.002, 0.003, 0.003, M
0.006, 0.027, 0.022, 0.056, 0.094, 0.115, 0.071, 0.1, 0.167, 0.186, 0.248, 0.271, 0.293, 0.264, 0.188, 0.14, 0.203, 0.261, 0.278, 0.335, 0.383, 0.4, 0.511, 0.686, 0.749, 0.784, 0.902, 1.0, 0.889, 0.651, 0.608, 0.446, 0.295, 0.173, 0.149, 0.08, 0.177, 0.138, 0.24, 0.205, 0.197, 0.278, 0.138, 0.068, 0.066, 0.166, 0.181, 0.124, 0.052, 0.004, 0.018, 0.007, 0.006, 0.007, 0.007, 0.008, 0.004, 0.002, 0.003, 0.001, M
0.014, 0.004, 0.005, 0.029, 0.056, 0.093, 0.103, 0.088, 0.16, 0.191, 0.158, 0.111, 0.12, 0.117, 0.142, 0.222, 0.266, 0.271, 0.386, 0.572, 0.68, 0.875, 1.0, 0.895, 0.842, 0.917, 0.931, 0.905, 0.823, 0.699, 0.583, 0.492, 0.456, 0.516, 0.567, 0.528, 0.514, 0.374, 0.228, 0.119, 0.109, 0.043, 0.107, 0.058, 0.005, 0.047, 0.041, 0.029, 0.019, 0.009, 0.002, 0.004, 0.008, 0.01, 0.01, 0.002, 0.004, 0.003, 0.003, 0.003, R
0.023, 0.035, 0.003, 0.03, 0.034, 0.086, 0.174, 0.135, 0.106, 0.035, 0.058, 0.138, 0.227, 0.404, 0.522, 0.685, 0.752, 0.776, 0.771, 0.863, 1.0, 0.887, 0.806, 0.876, 0.907, 0.943, 0.885, 0.65, 0.297, 0.242, 0.299, 0.228, 0.228, 0.153, 0.104, 0.035, 0.107, 0.137, 0.133, 0.145, 0.112, 0.044, 0.076, 0.138, 0.083, 0.065, 0.084, 0.06, 0.05, 0.031, 0.015, 0.011, 0.01, 0.002, 0.005, 0.007, 0.006, 0.004, 0.004, 0.003, R
0.022, 0.038, 0.048, 0.048, 0.065, 0.059, 0.075, 0.01, 0.068, 0.149, 0.116, 0.165, 0.383, 0.36, 0.171, 0.114, 0.035, 0.38, 0.74, 0.992, 0.98, 0.889, 0.671, 0.429, 0.337, 0.737, 0.961, 0.735, 0.486, 0.159, 0.301, 0.41, 0.317, 0.33, 0.341, 0.219, 0.246, 0.273, 0.168, 0.279, 0.256, 0.174, 0.212, 0.11, 0.098, 0.127, 0.146, 0.116, 0.078, 0.044, 0.006, 0.014, 0.013, 0.014, 0.006, 0.005, 0.006, 0.009, 0.006, 0.002, R
0.009, 0.006, 0.025, 0.049, 0.12, 0.159, 0.139, 0.099, 0.096, 0.19, 0.19, 0.255, 0.407, 0.299, 0.29, 0.533, 0.402, 0.157, 0.302, 0.391, 0.354, 0.444, 0.641, 0.46, 0.601, 0.869, 0.834, 0.767, 0.508, 0.462, 0.538, 0.538, 0.384, 0.36, 0.74, 0.776, 0.386, 0.067, 0.368, 0.611, 0.351, 0.231, 0.22, 0.305, 0.194, 0.157, 0.048, 0.054, 0.015, 0.007, 0.019, 0.006, 0.01, 0.019, 0.008, 0.015, 0.016, 0.005, 0.019, 0.01, R
0.01, 0.028, 0.019, 0.037, 0.042, 0.02, 0.031, 0.065, 0.19, 0.267, 0.338, 0.328, 0.243, 0.127, 0.128, 0.444, 0.68, 0.705, 0.797, 0.94, 0.986, 0.819, 0.579, 0.639, 0.704, 0.688, 0.408, 0.181, 0.206, 0.392, 0.379, 0.204, 0.223, 0.334, 0.398, 0.508, 0.553, 0.335, 0.272, 0.228, 0.204, 0.199, 0.084, 0.091, 0.138, 0.195, 0.121, 0.084, 0.059, 0.025, 0.012, 0.009, 0.01, 0.004, 0.009, 0.005, 0.012, 0.002, 0.009, 0.006, R

