96, 46, 88, 174, 68, 10, 155, 43, 19, 148, 173, 354, 182, 69, 14, 15, 194, 202, van
93, 51, 90, 209, 69, 8, 183, 36, 22, 156, 211, 506, 230, 70, 6, 1, 189, 196, saab
91, 41, 64, 148, 61, 8, 129, 51, 18, 142, 161, 249, 153, 68, 6, 12, 194, 201, van
115, 51, 100, 201, 60, 12, 196, 34, 23, 162, 207, 573, 184, 62, 22, 1, 198, 208, saab
92, 52, 93, 204, 67, 9, 189, 35, 22, 161, 214, 536, 240, 72, 2, 5, 188, 195, opel
96, 39, 64, 111, 48, 8, 134, 52, 18, 141, 160, 258, 139, 80, 7, 20, 183, 184, van
88, 42, 64, 151, 62, 8, 130, 51, 18, 142, 150, 253, 161, 63, 3, 2, 203, 210, van
85, 43, 66, 123, 56, 6, 148, 46, 19, 145, 166, 319, 171, 85, 6, 11, 179, 182, bus
93, 37, 70, 126, 52, 9, 127, 53, 18, 137, 156, 238, 119, 71, 2, 13, 191, 190, van
90, 39, 85, 160, 59, 7, 163, 41, 20, 131, 189, 396, 158, 71, 7, 13, 186, 192, saab
103, 56, 100, 185, 59, 11, 216, 31, 24, 173, 219, 684, 219, 75, 15, 11, 186, 194, opel
97, 55, 103, 197, 63, 11, 215, 31, 24, 172, 219, 677, 219, 75, 5, 24, 185, 194, opel
95, 49, 92, 193, 62, 10, 178, 37, 21, 154, 200, 478, 171, 64, 2, 0, 198, 206, opel
91, 41, 84, 141, 57, 9, 149, 45, 19, 143, 170, 330, 158, 72, 9, 14, 189, 199, van
86, 36, 70, 143, 61, 9, 133, 50, 18, 130, 153, 266, 127, 66, 2, 10, 194, 202, van
82, 44, 72, 118, 52, 7, 152, 44, 19, 147, 174, 340, 177, 82, 2, 2, 180, 185, bus
78, 38, 63, 115, 51, 6, 142, 47, 19, 130, 162, 299, 146, 77, 2, 4, 181, 185, saab
97, 44, 96, 195, 63, 9, 185, 36, 22, 144, 202, 512, 165, 66, 4, 8, 191, 199, saab
91, 42, 84, 209, 75, 6, 171, 38, 20, 138, 189, 446, 161, 69, 3, 12, 196, 201, bus
82, 45, 66, 252, 126, 52, 148, 45, 19, 144, 237, 326, 185, 119, 1, 1, 181, 185, bus
92, 38, 60, 130, 62, 5, 114, 58, 17, 132, 135, 194, 137, 72, 14, 5, 190, 194, van
80, 44, 68, 135, 59, 8, 150, 45, 19, 145, 170, 329, 173, 80, 7, 12, 180, 185, bus
98, 39, 68, 121, 49, 7, 134, 51, 18, 142, 164, 261, 134, 75, 4, 1, 186, 186, van
81, 42, 63, 125, 55, 8, 149, 46, 19, 145, 166, 320, 172, 86, 7, 7, 179, 182, bus
91, 40, 76, 171, 67, 7, 149, 44, 19, 135, 169, 332, 144, 68, 4, 17, 192, 200, bus
92, 36, 78, 165, 57, 8, 153, 43, 19, 128, 169, 349, 124, 60, 4, 19, 203, 211, saab
88, 40, 78, 186, 73, 6, 158, 41, 20, 134, 185, 379, 148, 73, 1, 11, 193, 197, bus
89, 44, 72, 160, 66, 7, 144, 46, 19, 147, 166, 312, 169, 69, 11, 1, 191, 198, bus
100, 41, 75, 205, 71, 5, 176, 36, 21, 138, 204, 479, 151, 72, 7, 19, 197, 197, bus
87, 40, 81, 162, 68, 10, 146, 46, 19, 139, 167, 317, 157, 70, 0, 13, 189, 199, van
87, 47, 81, 149, 62, 9, 147, 45, 19, 152, 171, 325, 181, 72, 0, 6, 188, 198, van
101, 55, 108, 228, 69, 12, 215, 31, 24, 168, 229, 684, 214, 71, 2, 16, 188, 199, saab
91, 39, 88, 189, 63, 9, 175, 38, 21, 132, 197, 457, 156, 69, 0, 23, 191, 198, saab
86, 42, 65, 116, 53, 6, 152, 45, 19, 141, 175, 335, 172, 85, 5, 4, 179, 183, bus
109, 54, 109, 225, 68, 11, 214, 31, 24, 169, 226, 675, 212, 68, 11, 32, 189, 202, saab
107, 52, 103, 186, 57, 11, 214, 31, 24, 162, 217, 676, 189, 66, 6, 5, 189, 198, opel
93, 45, 83, 142, 56, 10, 157, 43, 20, 155, 180, 364, 188, 75, 1, 21, 184, 197, van
98, 44, 78, 160, 63, 8, 142, 47, 18, 148, 160, 300, 171, 63, 19, 2, 201, 207, van
104, 52, 96, 188, 59, 9, 188, 35, 22, 161, 206, 530, 205, 67, 11, 8, 193, 200, opel
97, 46, 101, 210, 66, 8, 192, 35, 22, 151, 208, 546, 169, 66, 1, 32, 191, 200, opel
88, 38, 58, 137, 60, 5, 148, 46, 19, 131, 163, 319, 157, 86, 12, 0, 180, 183, saab
87, 37, 60, 132, 57, 6, 128, 52, 18, 129, 154, 243, 132, 71, 1, 14, 186, 192, saab
80, 39, 60, 122, 56, 6, 139, 49, 18, 131, 151, 281, 142, 80, 0, 5, 179, 186, opel
88, 44, 71, 145, 56, 8, 142, 48, 19, 143, 159, 296, 174, 68, 7, 18, 188, 197, opel
100, 57, 107, 207, 63, 11, 227, 30, 25, 180, 234, 756, 205, 72, 6, 19, 186, 198, opel
86, 38, 86, 175, 60, 9, 170, 39, 21, 134, 191, 433, 138, 68, 1, 28, 191, 199, saab
85, 45, 82, 133, 56, 11, 159, 43, 20, 156, 170, 362, 173, 76, 10, 21, 183, 193, van
89, 44, 70, 158, 64, 6, 141, 47, 18, 143, 164, 299, 173, 66, 9, 11, 193, 199, bus
101, 52, 101, 197, 62, 9, 188, 35, 22, 162, 208, 527, 203, 67, 14, 15, 193, 202, saab
91, 46, 75, 185, 75, 7, 154, 42, 19, 147, 178, 362, 192, 72, 8, 8, 192, 199, bus
86, 42, 64, 122, 54, 6, 148, 46, 19, 143, 170, 319, 171, 87, 1, 3, 179, 182, bus
88, 36, 53, 113, 57, 3, 118, 57, 17, 128, 137, 204, 136, 88, 7, 14, 180, 183, van
91, 39, 72, 133, 55, 7, 146, 46, 19, 132, 170, 314, 149, 77, 9, 18, 184, 189, saab
92, 42, 75, 172, 60, 8, 147, 45, 19, 142, 174, 322, 160, 62, 22, 10, 206, 211, opel
89, 41, 63, 134, 59, 6, 123, 55, 17, 137, 148, 223, 150, 76, 12, 3, 186, 188, van
86, 40, 66, 139, 59, 7, 122, 54, 17, 139, 145, 225, 143, 63, 7, 11, 202, 208, van
94, 39, 75, 184, 72, 8, 155, 42, 19, 133, 175, 365, 145, 70, 4, 5, 192, 200, bus
113, 48, 98, 208, 62, 9, 203, 33, 23, 151, 216, 613, 183, 64, 17, 29, 193, 204, saab
105, 55, 96, 181, 56, 9, 219, 30, 25, 175, 231, 713, 216, 74, 4, 5, 187, 194, opel
89, 42, 75, 140, 55, 6, 145, 46, 19, 139, 170, 312, 166, 71, 15, 26, 191, 198, opel
109, 54, 103, 220, 66, 11, 214, 31, 24, 167, 229, 677, 212, 70, 1, 23, 188, 201, saab
99, 54, 100, 199, 62, 9, 200, 33, 23, 166, 222, 600, 241, 70, 2, 7, 189, 198, opel
100, 51, 89, 199, 65, 6, 201, 32, 23, 159, 219, 622, 205, 74, 6, 7, 193, 193, bus
90, 36, 85, 184, 64, 6, 160, 41, 20, 125, 187, 385, 139, 66, 9, 31, 195, 203, saab
103, 56, 105, 183, 59, 10, 210, 32, 24, 173, 217, 648, 218, 72, 13, 22, 188, 196, opel
103, 49, 107, 179, 54, 12, 208, 32, 24, 159, 214, 644, 183, 66, 1, 12, 191, 200, opel
86, 44, 70, 140, 64, 6, 148, 45, 19, 145, 170, 322, 185, 82, 10, 1, 181, 183, bus
102, 52, 101, 213, 64, 10, 203, 33, 23, 157, 214, 616, 186, 65, 0, 19, 193, 203, opel
97, 41, 62, 133, 56, 7, 130, 52, 18, 143, 158, 247, 157, 78, 5, 7, 184, 186, van
97, 49, 76, 203, 73, 7, 178, 36, 21, 157, 194, 487, 186, 72, 0, 7, 197, 200, bus
108, 55, 105, 230, 68, 11, 218, 30, 24, 171, 228, 709, 210, 69, 14, 4, 190, 197, opel
96, 46, 88, 160, 64, 9, 151, 44, 19, 148, 173, 339, 182, 70, 15, 11, 192, 199, van
85, 38, 75, 132, 54, 7, 147, 46, 19, 131, 171, 318, 145, 75, 7, 25, 183, 188, saab
85, 44, 66, 125, 58, 6, 148, 45, 19, 145, 170, 323, 185, 84, 8, 1, 180, 183, bus
110, 56, 109, 199, 57, 5, 251, 27, 27, 169, 272, 928, 268, 82, 11, 10, 183, 183, bus
106, 57, 107, 235, 67, 6, 262, 26, 28, 171, 285, 987, 260, 86, 9, 31, 180, 184, bus
108, 51, 100, 206, 63, 10, 196, 34, 23, 159, 214, 576, 201, 65, 7, 16, 194, 205, saab
92, 37, 75, 184, 70, 6, 154, 42, 19, 131, 184, 363, 127, 71, 0, 4, 198, 202, bus
96, 48, 83, 177, 59, 8, 171, 39, 21, 152, 195, 438, 196, 67, 15, 0, 195, 201, opel
95, 42, 96, 197, 65, 9, 178, 37, 21, 141, 199, 474, 149, 67, 1, 29, 193, 200, opel
105, 45, 100, 195, 61, 10, 198, 33, 23, 149, 214, 586, 186, 67, 8, 5, 192, 200, saab
97, 41, 88, 184, 59, 9, 175, 38, 21, 140, 192, 459, 147, 63, 1, 5, 196, 205, saab
105, 46, 100, 195, 61, 9, 193, 34, 22, 150, 207, 557, 161, 65, 5, 9, 194, 202, opel
91, 37, 76, 138, 55, 8, 132, 51, 18, 135, 157, 256, 124, 69, 0, 12, 191, 192, van

