84, 43, 70, 123, 54, 8, 151, 45, 19, 146, 173, 332, 176, 81, 1, 12, 181, 184, bus
111, 50, 103, 199, 60, 11, 211, 31, 24, 156, 223, 663, 188, 68, 9, 9, 190, 200, saab
115, 52, 100, 203, 62, 10, 217, 31, 24, 165, 229, 697, 214, 72, 14, 4, 188, 197, saab
85, 43, 66, 120, 54, 5, 148, 46, 19, 145, 168, 320, 174, 87, 8, 2, 179, 181, bus
88, 41, 80, 147, 62, 8, 146, 45, 19, 144, 169, 318, 161, 71, 4, 16, 188, 197, van
90, 48, 85, 157, 64, 11, 161, 43, 20, 167, 175, 375, 186, 74, 3, 16, 185, 195, van
87, 45, 66, 139, 58, 8, 140, 47, 18, 148, 168, 294, 175, 73, 3, 12, 188, 196, van
90, 44, 72, 157, 64, 8, 137, 48, 18, 144, 159, 283, 171, 65, 9, 4, 196, 203, van
85, 36, 66, 123, 55, 5, 120, 56, 17, 128, 140, 212, 131, 73, 1, 18, 186, 190, van
85, 44, 70, 205, 103, 52, 149, 45, 19, 144, 241, 325, 188, 127, 9, 11, 180, 183, bus
93, 44, 98, 197, 62, 11, 183, 36, 22, 146, 202, 505, 152, 64, 4, 14, 195, 204, saab
88, 46, 74, 171, 68, 6, 152, 43, 19, 148, 180, 349, 192, 71, 5, 11, 189, 195, bus
99, 53, 105, 219, 66, 11, 204, 32, 23, 165, 221, 623, 224, 68, 0, 6, 191, 201, saab
107, 54, 98, 203, 65, 11, 218, 31, 25, 167, 229, 696, 216, 72, 1, 28, 187, 199, saab
89, 43, 85, 160, 64, 11, 155, 43, 19, 151, 173, 356, 174, 72, 5, 9, 185, 196, van
100, 46, 90, 172, 67, 9, 157, 43, 20, 150, 170, 363, 184, 67, 17, 7, 192, 200, van
90, 48, 86, 306, 126, 49, 153, 44, 19, 156, 272, 346, 200, 118, 0, 15, 185, 194, van
93, 37, 76, 183, 63, 8, 164, 40, 20, 134, 191, 405, 139, 67, 4, 7, 192, 197, saab
91, 43, 70, 133, 55, 8, 130, 51, 18, 146, 159, 253, 156, 70, 1, 8, 190, 194, van
98, 55, 101, 228, 70, 9, 210, 31, 24, 168, 236, 661, 245, 72, 1, 6, 188, 197, opel
81, 43, 68, 125, 57, 8, 149, 46, 19, 146, 169, 323, 172, 83, 6, 18, 179, 184, bus
91, 39, 83, 170, 60, 8, 172, 38, 21, 134, 197, 445, 152, 72, 0, 10, 188, 194, saab
86, 40, 62, 140, 62, 7, 150, 45, 19, 133, 165, 330, 173, 82, 2, 3, 180, 185, saab
86, 37, 60, 115, 54, 5, 119, 56, 17, 132, 141, 209, 129, 72, 2, 8, 186, 190, van
94, 38, 84, 158, 55, 9, 169, 39, 20, 130, 196, 430, 155, 69, 9, 15, 190, 195, opel
97, 50, 108, 211, 65, 10, 214, 31, 24, 156, 232, 683, 218, 72, 7, 29, 188, 197, opel
100, 45, 100, 209, 65, 8, 201, 32, 23, 147, 231, 611, 189, 72, 5, 5, 189, 195, opel
89, 42, 70, 148, 62, 7, 147, 45, 19, 143, 176, 323, 153, 76, 2, 6, 186, 189, bus
97, 42, 101, 186, 59, 9, 186, 36, 22, 138, 208, 511, 168, 67, 7, 41, 194, 206, saab
89, 47, 83, 322, 133, 48, 158, 43, 20, 163, 229, 364, 176, 97, 0, 14, 184, 194, van
88, 37, 63, 130, 58, 5, 125, 54, 18, 130, 141, 230, 145, 74, 14, 20, 184, 188, saab
101, 51, 105, 212, 68, 10, 209, 32, 24, 162, 222, 653, 224, 73, 5, 23, 186, 195, opel
90, 36, 74, 171, 60, 8, 157, 42, 19, 128, 177, 367, 123, 61, 6, 21, 197, 204, saab
92, 46, 79, 176, 64, 8, 162, 41, 20, 149, 183, 396, 178, 67, 2, 10, 191, 198, opel
99, 55, 101, 206, 62, 13, 222, 30, 25, 180, 225, 722, 213, 71, 2, 3, 186, 196, opel
86, 41, 66, 133, 56, 6, 136, 49, 18, 136, 155, 274, 162, 74, 5, 14, 183, 189, saab
99, 48, 104, 196, 63, 10, 201, 33, 23, 152, 221, 604, 199, 73, 8, 4, 188, 197, saab
98, 58, 101, 208, 65, 12, 226, 30, 25, 182, 225, 748, 216, 71, 6, 1, 185, 196, opel
89, 35, 70, 138, 58, 7, 126, 53, 17, 128, 147, 237, 112, 64, 4, 19, 199, 207, van
82, 45, 68, 150, 69, 5, 148, 45, 19, 144, 169, 322, 184, 80, 5, 0, 181, 184, bus
83, 46, 73, 137, 59, 6, 148, 45, 19, 146, 167, 327, 183, 75, 8, 0, 185, 191, bus
94, 37, 73, 186, 71, 7, 154, 42, 19, 127, 171, 362, 132, 67, 2, 8, 197, 206, bus
89, 48, 85, 189, 64, 8, 169, 39, 20, 153, 188, 427, 190, 64, 16, 5, 195, 201, saab
83, 41, 70, 155, 65, 7, 144, 46, 19, 141, 168, 309, 147, 71, 4, 12, 188, 195, bus
88, 37, 57, 132, 62, 6, 135, 50, 18, 125, 151, 265, 144, 83, 16, 16, 180, 184, saab
98, 38, 66, 130, 55, 7, 130, 51, 18, 138, 160, 251, 123, 69, 3, 12, 191, 194, van
98, 40, 77, 171, 61, 6, 172, 37, 21, 139, 197, 457, 141, 72, 4, 17, 199, 201, bus
106, 53, 98, 193, 60, 10, 215, 31, 24, 169, 224, 681, 218, 73, 8, 21, 188, 197, saab
90, 50, 90, 188, 61, 10, 181, 36, 21, 158, 211, 492, 220, 69, 6, 19, 191, 199, saab
82, 41, 70, 155, 64, 7, 148, 45, 19, 138, 172, 328, 152, 72, 5, 17, 187, 195, bus
107, 57, 102, 184, 55, 7, 234, 28, 26, 171, 243, 822, 229, 77, 7, 11, 187, 187, bus
87, 41, 73, 158, 64, 7, 151, 44, 19, 138, 175, 341, 152, 73, 3, 8, 190, 194, bus
91, 46, 78, 148, 61, 9, 147, 45, 19, 152, 168, 323, 199, 70, 13, 11, 189, 200, van
98, 50, 90, 192, 63, 9, 177, 37, 21, 155, 195, 472, 197, 65, 10, 1, 193, 201, saab
90, 47, 85, 149, 60, 10, 155, 43, 19, 155, 179, 355, 186, 75, 1, 5, 185, 196, van
94, 47, 85, 333, 138, 49, 155, 43, 19, 155, 320, 354, 187, 135, 12, 9, 188, 196, van
101, 52, 105, 162, 53, 10, 212, 31, 24, 163, 226, 669, 204, 74, 12, 11, 186, 194, opel
78, 36, 51, 116, 56, 4, 120, 57, 17, 124, 135, 209, 135, 84, 1, 12, 177, 184, opel
80, 43, 71, 133, 60, 7, 150, 45, 19, 146, 170, 330, 176, 81, 6, 15, 180, 184, bus
102, 53, 101, 238, 72, 4, 238, 28, 26, 163, 267, 844, 242, 85, 7, 22, 184, 184, bus
101, 53, 91, 194, 65, 6, 204, 32, 23, 161, 231, 636, 214, 78, 5, 14, 192, 192, bus
95, 43, 71, 159, 64, 6, 145, 45, 19, 141, 169, 322, 171, 67, 8, 4, 195, 200, bus
81, 43, 68, 139, 62, 7, 149, 46, 19, 145, 172, 323, 171, 83, 1, 14, 180, 184, bus
102, 51, 108, 193, 57, 10, 212, 31, 24, 162, 219, 663, 184, 66, 7, 21, 191, 201, opel
97, 45, 76, 175, 60, 9, 157, 42, 20, 149, 180, 370, 169, 63, 16, 12, 198, 206, saab
95, 46, 92, 159, 63, 11, 160, 42, 20, 157, 176, 372, 171, 70, 7, 21, 189, 200, van
95, 37, 71, 171, 61, 9, 157, 43, 20, 134, 178, 365, 125, 63, 5, 40, 196, 208, saab
88, 39, 76, 155, 62, 8, 137, 48, 18, 137, 156, 281, 124, 63, 3, 6, 201, 209, van
108, 54, 103, 212, 65, 11, 208, 32, 24, 162, 228, 648, 240, 71, 9, 0, 189, 197, saab
97, 35, 66, 151, 64, 8, 128, 52, 18, 129, 148, 246, 112, 66, 6, 2, 195, 200, van
89, 50, 83, 195, 65, 6, 178, 37, 21, 156, 207, 481, 210, 71, 1, 6, 189, 194, opel
88, 40, 79, 183, 62, 7, 176, 38, 21, 138, 200, 462, 150, 66, 0, 29, 189, 199, opel
80, 34, 42, 110, 57, 3, 114, 59, 17, 119, 131, 191, 121, 87, 4, 7, 179, 183, opel
86, 40, 63, 135, 56, 5, 133, 50, 18, 135, 152, 262, 166, 70, 9, 2, 187, 191, saab
81, 38, 53, 123, 58, 6, 134, 51, 18, 128, 147, 259, 148, 83, 10, 6, 177, 184, opel
86, 44, 65, 129, 56, 6, 152, 45, 19, 150, 168, 331, 177, 83, 4, 13, 178, 183, bus
97, 37, 78, 181, 62, 8, 161, 41, 20, 131, 182, 389, 117, 62, 2, 28, 203, 211, opel
86, 35, 44, 110, 54, 2, 119, 57, 17, 121, 139, 208, 137, 90, 6, 1, 180, 183, van
100, 58, 109, 230, 70, 11, 226, 30, 25, 182, 234, 752, 207, 72, 0, 13, 187, 198, opel
96, 46, 70, 194, 70, 6, 167, 39, 20, 148, 183, 427, 171, 69, 17, 10, 200, 203, bus
88, 40, 69, 146, 59, 7, 130, 51, 18, 134, 147, 252, 144, 64, 1, 1, 193, 200, opel
93, 47, 83, 165, 60, 7, 167, 40, 20, 147, 197, 417, 201, 73, 12, 4, 187, 192, opel
91, 38, 76, 172, 61, 8, 167, 40, 20, 134, 196, 415, 145, 71, 0, 28, 189, 198, opel
96, 44, 68, 190, 70, 7, 155, 41, 19, 145, 179, 372, 166, 67, 5, 7, 202, 206, bus
103, 48, 96, 232, 71, 10, 205, 32, 23, 153, 226, 633, 197, 71, 2, 15, 188, 196, opel

