93, 46, 85, 169, 66, 9, 151, 44, 19, 147, 169, 339, 179, 67, 0, 4, 195, 204, van
86, 39, 58, 125, 55, 5, 117, 57, 17, 134, 140, 204, 148, 69, 7, 6, 190, 194, van
94, 50, 84, 138, 57, 10, 156, 44, 20, 170, 171, 351, 187, 77, 5, 6, 182, 191, van
87, 44, 98, 211, 70, 10, 189, 35, 22, 141, 214, 535, 178, 71, 2, 21, 187, 194, opel
87, 41, 76, 165, 67, 7, 148, 45, 19, 140, 171, 327, 152, 72, 7, 13, 188, 195, bus
104, 52, 101, 206, 62, 10, 198, 33, 23, 161, 207, 587, 204, 64, 2, 5, 195, 204, opel
105, 54, 105, 213, 67, 10, 200, 33, 23, 163, 214, 597, 214, 68, 10, 20, 190, 198, opel
86, 39, 84, 149, 57, 8, 156, 43, 20, 133, 185, 358, 157, 74, 0, 23, 183, 190, opel
92, 46, 83, 154, 56, 6, 160, 41, 20, 148, 185, 382, 184, 71, 10, 5, 186, 191, saab
106, 54, 101, 222, 67, 12, 222, 30, 25, 173, 228, 721, 200, 70, 3, 4, 187, 201, saab
86, 34, 62, 140, 61, 7, 122, 54, 17, 127, 141, 223, 112, 64, 2, 14, 200, 208, van
94, 43, 64, 173, 69, 7, 150, 43, 19, 142, 169, 344, 177, 68, 9, 1, 199, 206, bus
88, 42, 77, 151, 58, 8, 140, 47, 18, 142, 165, 293, 158, 64, 10, 11, 198, 205, saab
106, 53, 98, 176, 54, 10, 216, 31, 24, 171, 235, 691, 218, 74, 1, 9, 187, 197, saab
81, 45, 68, 169, 73, 6, 151, 44, 19, 146, 173, 336, 186, 75, 7, 0, 183, 189, bus
119, 54, 106, 220, 65, 12, 213, 31, 24, 167, 223, 675, 232, 66, 20, 1, 192, 202, saab
89, 47, 81, 147, 64, 11, 156, 44, 20, 163, 170, 352, 188, 76, 6, 13, 184, 193, van
87, 46, 71, 159, 66, 6, 151, 44, 19, 146, 175, 343, 189, 73, 2, 0, 186, 190, bus
95, 46, 105, 219, 68, 9, 201, 33, 23, 148, 223, 602, 201, 69, 5, 38, 191, 202, opel
108, 53, 103, 202, 64, 10, 220, 30, 25, 168, 224, 711, 214, 73, 11, 10, 188, 199, saab
90, 36, 57, 130, 57, 6, 121, 56, 17, 127, 137, 216, 132, 68, 22, 23, 190, 195, saab
102, 54, 100, 163, 53, 10, 213, 31, 24, 173, 219, 669, 201, 76, 12, 27, 187, 195, opel
103, 54, 91, 179, 57, 11, 220, 31, 25, 170, 220, 707, 198, 72, 1, 32, 186, 198, opel
98, 38, 70, 125, 52, 8, 130, 53, 18, 139, 157, 243, 132, 74, 0, 13, 186, 185, van
103, 46, 106, 209, 66, 10, 203, 33, 23, 149, 217, 612, 210, 70, 9, 10, 191, 199, saab
107, 55, 98, 199, 59, 7, 240, 27, 26, 168, 258, 866, 245, 80, 3, 1, 186, 184, bus
86, 43, 66, 130, 56, 7, 152, 44, 19, 142, 177, 340, 173, 81, 6, 14, 181, 185, bus
101, 56, 100, 168, 55, 11, 214, 31, 24, 175, 219, 681, 224, 74, 2, 3, 185, 192, opel
94, 39, 89, 194, 62, 9, 172, 38, 21, 135, 191, 444, 121, 63, 4, 23, 201, 209, opel
84, 44, 77, 150, 59, 5, 152, 44, 19, 143, 175, 344, 177, 77, 8, 2, 183, 187, saab
105, 54, 106, 215, 68, 10, 208, 32, 24, 166, 217, 640, 218, 69, 14, 23, 189, 199, saab
90, 48, 78, 134, 56, 11, 160, 43, 20, 167, 169, 366, 185, 76, 1, 14, 182, 192, van
93, 47, 85, 161, 65, 12, 155, 43, 19, 157, 179, 354, 178, 76, 2, 9, 184, 196, van
80, 45, 71, 128, 56, 7, 151, 45, 19, 147, 171, 337, 176, 79, 3, 16, 181, 187, bus
91, 43, 88, 157, 61, 9, 149, 45, 19, 157, 165, 326, 140, 64, 1, 26, 197, 207, van
96, 47, 103, 215, 69, 10, 200, 33, 23, 147, 220, 598, 200, 73, 6, 6, 187, 194, opel
90, 38, 75, 164, 64, 7, 151, 43, 19, 131, 168, 345, 139, 66, 0, 0, 195, 204, bus
98, 52, 86, 207, 69, 5, 192, 33, 22, 161, 212, 570, 221, 75, 4, 6, 194, 195, bus
82, 37, 66, 126, 54, 7, 132, 52, 18, 127, 148, 252, 142, 72, 17, 7, 183, 187, saab
85, 45, 70, 130, 58, 8, 151, 45, 19, 146, 171, 334, 187, 79, 2, 5, 181, 186, bus
98, 51, 96, 203, 66, 10, 188, 35, 22, 157, 207, 533, 231, 68, 10, 1, 191, 199, saab
97, 45, 91, 161, 63, 10, 151, 45, 19, 148, 166, 334, 171, 65, 18, 20, 197, 205, van
84, 45, 68, 148, 64, 6, 146, 46, 19, 142, 168, 317, 180, 75, 5, 1, 183, 187, bus
89, 47, 81, 156, 57, 8, 161, 41, 20, 149, 187, 388, 197, 72, 9, 15, 187, 193, opel
96, 47, 77, 204, 72, 6, 167, 38, 20, 150, 188, 429, 182, 69, 6, 16, 199, 203, bus
81, 46, 71, 141, 61, 7, 153, 44, 19, 148, 177, 347, 190, 80, 1, 14, 182, 187, bus
100, 51, 109, 224, 67, 9, 217, 30, 24, 162, 238, 704, 206, 72, 6, 18, 189, 199, opel
86, 42, 65, 113, 50, 8, 152, 45, 19, 141, 169, 332, 171, 85, 4, 16, 179, 183, bus
98, 38, 70, 186, 68, 6, 164, 39, 20, 136, 189, 413, 129, 71, 3, 17, 200, 203, bus
91, 38, 75, 136, 53, 6, 144, 47, 19, 131, 165, 305, 149, 69, 1, 7, 186, 191, saab
106, 53, 98, 203, 63, 11, 220, 30, 25, 167, 228, 710, 214, 71, 10, 24, 188, 197, opel
93, 42, 64, 123, 51, 7, 135, 51, 18, 144, 164, 262, 155, 78, 16, 12, 185, 185, van
91, 49, 86, 195, 63, 8, 177, 37, 21, 156, 203, 473, 201, 67, 7, 5, 192, 198, opel
90, 47, 73, 136, 58, 11, 161, 42, 20, 153, 172, 376, 185, 77, 11, 8, 183, 191, van
89, 46, 74, 135, 59, 9, 157, 44, 20, 158, 170, 356, 177, 79, 12, 3, 184, 191, van
95, 57, 104, 228, 74, 10, 212, 31, 24, 175, 224, 670, 223, 74, 0, 4, 186, 193, opel
104, 54, 91, 209, 67, 11, 218, 31, 24, 170, 223, 697, 196, 74, 4, 21, 187, 196, opel
90, 48, 78, 143, 60, 11, 161, 43, 20, 159, 172, 374, 186, 75, 2, 2, 184, 193, van
102, 54, 98, 167, 53, 10, 217, 31, 24, 174, 228, 692, 223, 72, 0, 31, 187, 198, opel
105, 54, 96, 185, 57, 10, 219, 30, 25, 170, 231, 706, 217, 75, 5, 12, 187, 195, opel
103, 54, 107, 189, 56, 11, 223, 30, 25, 174, 225, 729, 200, 70, 0, 29, 187, 201, opel
109, 49, 103, 186, 57, 11, 206, 32, 23, 156, 212, 630, 186, 65, 12, 21, 192, 201, opel
102, 55, 101, 213, 67, 12, 222, 30, 25, 177, 226, 719, 213, 71, 2, 21, 187, 199, saab
92, 45, 74, 187, 74, 7, 157, 41, 19, 143, 179, 375, 183, 70, 8, 6, 195, 201, bus
88, 34, 58, 140, 59, 6, 127, 52, 18, 130, 148, 243, 113, 63, 4, 10, 199, 206, van
90, 39, 89, 181, 62, 8, 175, 38, 21, 132, 200, 458, 154, 70, 11, 15, 189, 195, saab
108, 56, 102, 246, 75, 6, 239, 28, 26, 167, 264, 855, 228, 82, 9, 13, 186, 185, bus
101, 56, 101, 231, 72, 10, 217, 31, 24, 171, 232, 698, 216, 72, 2, 6, 187, 197, saab
94, 43, 69, 161, 59, 7, 152, 43, 19, 143, 175, 349, 187, 67, 12, 11, 193, 198, saab
89, 43, 77, 147, 54, 8, 144, 46, 19, 146, 163, 308, 174, 64, 13, 5, 194, 201, saab
98, 46, 77, 199, 71, 7, 166, 39, 20, 150, 184, 422, 180, 69, 13, 9, 200, 203, bus
100, 51, 109, 231, 70, 11, 220, 30, 25, 163, 238, 722, 206, 73, 11, 19, 189, 198, opel
84, 36, 75, 136, 55, 6, 140, 48, 18, 125, 166, 290, 138, 71, 4, 36, 189, 195, saab
88, 44, 71, 165, 70, 7, 144, 46, 19, 141, 167, 312, 172, 71, 4, 4, 188, 193, bus
98, 55, 104, 213, 67, 9, 206, 32, 23, 167, 223, 629, 220, 72, 5, 19, 187, 196, saab
89, 45, 85, 149, 59, 11, 158, 43, 20, 158, 177, 362, 173, 75, 12, 16, 183, 193, van
88, 35, 60, 143, 59, 7, 128, 52, 18, 129, 147, 246, 109, 62, 1, 6, 202, 209, van
97, 47, 88, 183, 60, 7, 197, 33, 23, 148, 214, 596, 201, 74, 8, 0, 192, 191, bus
89, 41, 76, 183, 73, 7, 157, 42, 19, 136, 181, 373, 153, 74, 8, 12, 191, 195, bus
90, 46, 73, 137, 58, 11, 161, 43, 20, 158, 170, 373, 186, 76, 0, 9, 182, 193, van
90, 46, 75, 133, 55, 11, 160, 43, 20, 161, 173, 369, 171, 77, 0, 16, 182, 192, van
82, 43, 70, 250, 105, 55, 139, 48, 18, 145, 231, 289, 172, 99, 4, 9, 190, 199, van
100, 54, 102, 206, 65, 10, 198, 33, 23, 164, 224, 587, 240, 72, 4, 11, 187, 196, saab
104, 53, 101, 199, 65, 11, 213, 31, 24, 168, 216, 667, 221, 72, 12, 12, 187, 198, saab
105, 51, 93, 160, 51, 7, 217, 30, 24, 165, 240, 703, 208, 81, 9, 25, 188, 188, bus

