0.076, 0.067, 0.048, 0.039, 0.059, 0.065, 0.121, 0.247, 0.356, 0.446, 0.415, 0.395, 0.426, 0.414, 0.453, 0.533, 0.731, 0.619, 0.203, 0.464, 0.415, 0.429, 0.573, 0.54, 0.316, 0.228, 0.7, 1.0, 0.726, 0.472, 0.51, 0.546, 0.288, 0.098, 0.195, 0.418, 0.46, 0.322, 0.283, 0.243, 0.198, 0.244, 0.185, 0.084, 0.069, 0.053, 0.036, 0.008, 0.023, 0.005, 0.016, 0.003, 0.005, 0.01, 0.011, 0.002, 0.007, 0.005, 0.011, 0.009, R
0.03, 0.062, 0.065, 0.092, 0.162, 0.229, 0.218, 0.203, 0.146, 0.085, 0.248, 0.364, 0.278, 0.283, 0.324, 0.434, 0.564, 0.456, 0.435, 0.643, 0.393, 0.199, 0.354, 0.916, 0.937, 0.462, 0.277, 0.661, 0.803, 0.42, 0.519, 0.696, 0.579, 0.889, 0.786, 0.713, 0.762, 0.44, 0.301, 0.316, 0.281, 0.29, 0.053, 0.187, 0.155, 0.163, 0.125, 0.075, 0.045, 0.006, 0.015, 0.003, 0.015, 0.007, 0.021, 0.008, 0.015, 0.005, 0.02, 0.007, R
0.02, 0.021, 0.006, 0.019, 0.032, 0.057, 0.1, 0.067, 0.069, 0.024, 0.073, 0.064, 0.3, 0.385, 0.477, 0.46, 0.318, 0.416, 0.643, 1.0, 0.863, 0.521, 0.316, 0.595, 0.773, 0.604, 0.438, 0.549, 0.472, 0.624, 0.385, 0.159, 0.389, 0.529, 0.35, 0.448, 0.404, 0.503, 0.648, 0.549, 0.355, 0.203, 0.188, 0.084, 0.132, 0.159, 0.056, 0.062, 0.034, 0.037, 0.026, 0.016, 0.007, 0.027, 0.02, 0.009, 0.01, 0.01, 0.002, 0.005, R
0.044, 0.048, 0.005, 0.058, 0.028, 0.068, 0.166, 0.149, 0.097, 0.127, 0.111, 0.238, 0.201, 0.214, 0.111, 0.204, 0.247, 0.668, 0.834, 0.825, 0.802, 0.898, 0.966, 0.852, 0.663, 0.324, 0.205, 0.567, 0.573, 0.488, 0.753, 0.76, 0.518, 0.412, 0.556, 0.557, 0.134, 0.383, 0.461, 0.433, 0.256, 0.147, 0.349, 0.266, 0.094, 0.137, 0.134, 0.042, 0.072, 0.064, 0.021, 0.02, 0.022, 0.014, 0.006, 0.007, 0.008, 0.01, 0.006, 0.01, R
0.007, 0.023, 0.051, 0.044, 0.025, 0.064, 0.042, 0.113, 0.191, 0.248, 0.161, 0.092, 0.24, 0.322, 0.43, 0.265, 0.067, 0.144, 0.237, 0.26, 0.249, 0.39, 0.638, 0.804, 0.703, 0.687, 0.7, 0.856, 1.0, 0.962, 0.9, 0.758, 0.69, 0.569, 0.44, 0.455, 0.296, 0.159, 0.168, 0.084, 0.117, 0.175, 0.273, 0.17, 0.019, 0.021, 0.035, 0.042, 0.009, 0.02, 0.02, 0.017, 0.016, 0.006, 0.004, 0.007, 0.004, 0.005, 0.019, 0.01, R
0.022, 0.012, 0.017, 0.015, 0.061, 0.103, 0.114, 0.088, 0.116, 0.087, 0.156, 0.078, 0.1, 0.092, 0.066, 0.113, 0.174, 0.257, 0.329, 0.391, 0.544, 0.612, 0.702, 0.761, 0.797, 0.91, 0.881, 0.795, 0.799, 0.718, 0.641, 0.631, 0.593, 0.617, 0.65, 0.676, 0.625, 0.512, 0.389, 0.327, 0.251, 0.153, 0.132, 0.166, 0.122, 0.098, 0.045, 0.027, 0.018, 0.009, 0.002, 0.005, 0.005, 0.01, 0.013, 0.012, 0.005, 0.002, 0.001, 0.002, R
0.011, 0.009, 0.012, 0.038, 0.068, 0.086, 0.1, 0.066, 0.094, 0.104, 0.097, 0.05, 0.155, 0.34, 0.48, 0.657, 0.774, 0.783, 0.815, 0.813, 0.83, 0.854, 0.887, 0.889, 0.898, 0.967, 1.0, 0.913, 0.676, 0.466, 0.29, 0.296, 0.175, 0.211, 0.257, 0.228, 0.215, 0.16, 0.037, 0.012, 0.049, 0.029, 0.06, 0.043, 0.037, 0.002, 0.033, 0.026, 0.018, 0.011, 0.012, 0.008, 0.002, 0.012, 0.005, 0.008, 0.008, 0.006, 0.006, 0.004, R
0.02, 0.01, 0.032, 0.024, 0.081, 0.153, 0.115, 0.061, 0.132, 0.137, 0.084, 0.027, 0.125, 0.305, 0.558, 0.797, 0.834, 0.806, 0.862, 0.877, 0.941, 0.94, 0.941, 1.0, 0.972, 0.931, 0.935, 0.732, 0.442, 0.324, 0.416, 0.461, 0.403, 0.3, 0.246, 0.135, 0.254, 0.226, 0.16, 0.148, 0.084, 0.057, 0.086, 0.126, 0.115, 0.057, 0.043, 0.042, 0.024, 0.001, 0.019, 0.013, 0.008, 0.007, 0.004, 0.006, 0.005, 0.005, 0.007, 0.005, R
0.023, 0.037, 0.004, 0.038, 0.046, 0.145, 0.221, 0.119, 0.075, 0.163, 0.271, 0.336, 0.409, 0.44, 0.548, 0.721, 0.814, 0.918, 1.0, 0.942, 0.912, 0.935, 0.748, 0.515, 0.411, 0.344, 0.698, 0.871, 0.901, 0.801, 0.438, 0.132, 0.171, 0.248, 0.304, 0.231, 0.134, 0.206, 0.247, 0.279, 0.161, 0.006, 0.035, 0.115, 0.133, 0.028, 0.076, 0.063, 0.031, 0.024, 0.012, 0.006, 0.002, 0.012, 0.015, 0.006, 0.003, 0.003, 0.01, 0.016, R
0.046, 0.044, 0.035, 0.046, 0.007, 0.089, 0.18, 0.174, 0.16, 0.141, 0.269, 0.326, 0.454, 0.578, 0.447, 0.223, 0.216, 0.32, 0.292, 0.424, 0.446, 0.238, 0.642, 0.897, 0.892, 0.753, 0.684, 0.839, 1.0, 0.836, 0.543, 0.458, 0.807, 0.697, 0.392, 0.156, 0.16, 0.216, 0.518, 0.478, 0.234, 0.36, 0.278, 0.181, 0.035, 0.047, 0.032, 0.041, 0.016, 0.009, 0.012, 0.007, 0.003, 0.011, 0.016, 0.015, 0.007, 0.008, 0.012, 0.006, R
0.049, 0.028, 0.059, 0.127, 0.177, 0.191, 0.222, 0.077, 0.125, 0.203, 0.095, 0.25, 0.221, 0.32, 0.334, 0.332, 0.278, 0.298, 0.295, 0.173, 0.326, 0.383, 0.352, 0.541, 0.523, 0.448, 0.534, 0.532, 0.391, 0.346, 0.409, 0.464, 0.558, 0.573, 0.636, 0.756, 0.69, 0.618, 0.538, 0.562, 0.651, 0.48, 0.374, 0.28, 0.198, 0.244, 0.179, 0.171, 0.076, 0.024, 0.027, 0.008, 0.013, 0.016, 0.006, 0.012, 0.019, 0.014, 0.033, 0.044, M
0.011, 0.022, 0.027, 0.038, 0.122, 0.206, 0.149, 0.093, 0.135, 0.18, 0.249, 0.297, 0.367, 0.439, 0.526, 0.676, 0.74, 0.828, 0.903, 0.958, 1.0, 0.998, 0.89, 0.749, 0.637, 0.674, 0.721, 0.682, 0.551, 0.479, 0.392, 0.253, 0.109, 0.139, 0.255, 0.33, 0.282, 0.214, 0.227, 0.214, 0.235, 0.287, 0.26, 0.192, 0.126, 0.1, 0.095, 0.121, 0.073, 0.017, 0.021, 0.027, 0.015, 0.026, 0.01, 0.004, 0.005, 0.014, 0.01, 0.002, M
0.041, 0.044, 0.045, 0.084, 0.042, 0.122, 0.2, 0.152, 0.082, 0.198, 0.231, 0.302, 0.394, 0.505, 0.587, 0.661, 0.742, 0.801, 0.846, 0.794, 0.88, 0.838, 0.785, 0.848, 0.743, 0.643, 0.551, 0.352, 0.317, 0.335, 0.206, 0.103, 0.317, 0.404, 0.428, 0.454, 0.37, 0.374, 0.384, 0.349, 0.438, 0.426, 0.285, 0.281, 0.24, 0.037, 0.08, 0.054, 0.018, 0.006, 0.022, 0.004, 0.014, 0.011, 0.005, 0.016, 0.014, 0.008, 0.025, 0.02, M
0.036, 0.048, 0.03, 0.021, 0.141, 0.192, 0.135, 0.161, 0.17, 0.144, 0.199, 0.215, 0.286, 0.357, 0.398, 0.436, 0.533, 0.63, 0.7, 0.744, 0.838, 0.864, 0.901, 0.943, 0.954, 1.0, 0.955, 0.974, 0.896, 0.72, 0.546, 0.316, 0.252, 0.197, 0.219, 0.153, 0.071, 0.15, 0.176, 0.228, 0.132, 0.106, 0.197, 0.169, 0.188, 0.118, 0.078, 0.05, 0.049, 0.019, 0.025, 0.012, 0.019, 0.006, 0.01, 0.005, 0.007, 0.011, 0.007, 0.003, M
0.025, 0.012, 0.028, 0.076, 0.122, 0.154, 0.119, 0.123, 0.212, 0.253, 0.286, 0.296, 0.334, 0.429, 0.52, 0.609, 0.724, 0.758, 0.773, 0.81, 0.9, 0.925, 0.936, 0.985, 0.978, 1.0, 0.99, 0.908, 0.731, 0.576, 0.447, 0.372, 0.208, 0.096, 0.049, 0.141, 0.255, 0.205, 0.161, 0.223, 0.177, 0.229, 0.252, 0.146, 0.067, 0.096, 0.149, 0.113, 0.046, 0.019, 0.014, 0.003, 0.007, 0.015, 0.001, 0.013, 0.005, 0.024, 0.008, 0.007, M
0.137, 0.123, 0.138, 0.148, 0.178, 0.143, 0.177, 0.216, 0.163, 0.207, 0.426, 0.548, 0.713, 0.7, 0.678, 0.794, 0.938, 0.892, 0.915, 0.783, 0.796, 0.798, 0.772, 0.662, 0.486, 0.557, 0.47, 0.564, 0.452, 0.337, 0.268, 0.234, 0.305, 0.302, 0.275, 0.104, 0.176, 0.316, 0.36, 0.274, 0.13, 0.246, 0.34, 0.175, 0.068, 0.106, 0.064, 0.053, 0.053, 0.027, 0.017, 0.012, 0.013, 0.034, 0.006, 0.007, 0.002, 0.008, 0.015, 0.005, M
0.005, 0.006, 0.008, 0.055, 0.088, 0.128, 0.167, 0.137, 0.292, 0.347, 0.326, 0.326, 0.23, 0.125, 0.21, 0.24, 0.193, 0.167, 0.123, 0.09, 0.156, 0.329, 0.527, 0.674, 0.791, 0.894, 0.94, 0.949, 0.904, 0.915, 0.883, 0.809, 0.718, 0.672, 0.645, 0.688, 0.624, 0.494, 0.414, 0.424, 0.455, 0.439, 0.432, 0.492, 0.471, 0.32, 0.224, 0.181, 0.099, 0.025, 0.013, 0.01, 0.013, 0.007, 0.004, 0.007, 0.006, 0.004, 0.0, 0.003, M
0.03, 0.036, 0.021, 0.023, 0.046, 0.066, 0.094, 0.097, 0.254, 0.313, 0.219, 0.262, 0.242, 0.218, 0.116, 0.124, 0.089, 0.176, 0.176, 0.154, 0.051, 0.18, 0.404, 0.57, 0.658, 0.747, 0.854, 0.908, 0.867, 0.889, 0.906, 0.852, 0.72, 0.62, 0.625, 0.685, 0.734, 0.628, 0.572, 0.612, 0.56, 0.496, 0.503, 0.577, 0.591, 0.48, 0.388, 0.278, 0.143, 0.042, 0.027, 0.02, 0.007, 0.007, 0.009, 0.009, 0.007, 0.004, 0.006, 0.002, M
0.022, 0.015, 0.035, 0.035, 0.048, 0.053, 0.077, 0.086, 0.145, 0.211, 0.234, 0.209, 0.164, 0.169, 0.165, 0.197, 0.293, 0.371, 0.431, 0.416, 0.512, 0.65, 0.772, 0.849, 0.91, 0.891, 0.819, 0.678, 0.537, 0.521, 0.565, 0.575, 0.525, 0.426, 0.333, 0.233, 0.145, 0.165, 0.269, 0.373, 0.447, 0.413, 0.374, 0.302, 0.207, 0.179, 0.169, 0.134, 0.077, 0.022, 0.02, 0.012, 0.007, 0.001, 0.003, 0.005, 0.003, 0.002, 0.002, 0.003, M
0.01, 0.031, 0.054, 0.041, 0.061, 0.104, 0.102, 0.139, 0.259, 0.374, 0.423, 0.45, 0.54, 0.43, 0.333, 0.35, 0.343, 0.285, 0.406, 0.683, 0.765, 0.667, 0.57, 0.6, 0.648, 0.861, 0.982, 0.938, 0.844, 0.607, 0.54, 0.689, 0.598, 0.324, 0.052, 0.316, 0.359, 0.388, 0.572, 0.431, 0.305, 0.439, 0.43, 0.483, 0.508, 0.195, 0.154, 0.204, 0.105, 0.025, 0.036, 0.018, 0.002, 0.01, 0.013, 0.004, 0.004, 0.003, 0.003, 0.003, M
0.013, 0.014, 0.031, 0.038, 0.077, 0.079, 0.066, 0.111, 0.178, 0.224, 0.243, 0.313, 0.321, 0.292, 0.225, 0.235, 0.214, 0.294, 0.49, 0.613, 0.753, 0.772, 0.743, 0.867, 0.931, 0.984, 1.0, 0.96, 0.872, 0.686, 0.49, 0.328, 0.312, 0.197, 0.102, 0.032, 0.076, 0.091, 0.107, 0.138, 0.066, 0.148, 0.247, 0.279, 0.271, 0.228, 0.182, 0.118, 0.055, 0.022, 0.02, 0.012, 0.009, 0.007, 0.002, 0.003, 0.005, 0.002, 0.002, 0.003, M

