93, 45, 83, 142, 56, 10, 157, 43, 20, 155, 180, 364, 188, 75, 1, 21, 184, 197, van
106, 49, 96, 201, 61, 10, 181, 36, 21, 158, 197, 494, 180, 62, 19, 15, 202, 209, opel
109, 54, 103, 205, 63, 11, 222, 30, 25, 175, 229, 720, 213, 71, 6, 14, 187, 200, saab
91, 46, 78, 148, 61, 9, 147, 45, 19, 152, 168, 323, 199, 70, 13, 11, 189, 200, van
100, 57, 107, 207, 63, 11, 227, 30, 25, 180, 234, 756, 205, 72, 6, 19, 186, 198, opel
86, 47, 75, 165, 68, 6, 154, 43, 19, 146, 176, 356, 190, 74, 7, 3, 188, 194, bus
90, 49, 83, 187, 63, 7, 176, 37, 21, 154, 205, 467, 222, 70, 1, 2, 189, 195, saab
97, 37, 76, 169, 60, 8, 161, 41, 20, 131, 189, 391, 136, 72, 0, 0, 188, 192, opel
80, 38, 64, 130, 59, 8, 134, 51, 18, 126, 152, 259, 135, 76, 1, 23, 179, 188, opel
91, 38, 75, 136, 53, 6, 144, 47, 19, 131, 165, 305, 149, 69, 1, 7, 186, 191, saab
86, 38, 86, 175, 60, 9, 170, 39, 21, 134, 191, 433, 138, 68, 1, 28, 191, 199, saab
87, 43, 70, 169, 72, 7, 152, 44, 19, 145, 177, 341, 171, 76, 6, 12, 184, 187, bus
106, 53, 98, 203, 63, 11, 220, 30, 25, 167, 228, 710, 214, 71, 10, 24, 188, 197, opel
86, 38, 89, 176, 59, 9, 169, 39, 20, 132, 190, 428, 148, 67, 7, 33, 193, 202, opel
112, 50, 104, 197, 58, 11, 208, 32, 24, 159, 223, 639, 186, 67, 15, 22, 191, 202, saab
98, 47, 109, 202, 59, 11, 199, 34, 23, 154, 207, 586, 165, 61, 1, 33, 194, 208, saab
100, 49, 80, 206, 70, 6, 183, 35, 21, 156, 206, 517, 198, 73, 3, 13, 198, 199, bus
78, 43, 70, 147, 65, 8, 147, 46, 19, 145, 169, 319, 168, 77, 1, 12, 181, 186, bus
107, 56, 105, 202, 61, 11, 221, 30, 25, 179, 234, 725, 212, 72, 15, 1, 189, 196, opel
94, 46, 79, 181, 62, 8, 167, 40, 20, 148, 190, 418, 193, 67, 12, 15, 191, 198, opel
106, 54, 105, 164, 48, 5, 247, 27, 27, 165, 269, 891, 243, 84, 12, 1, 181, 182, bus
115, 53, 100, 205, 64, 11, 220, 30, 25, 166, 229, 710, 214, 71, 21, 11, 189, 199, saab
93, 35, 78, 162, 60, 8, 150, 45, 19, 125, 172, 331, 137, 67, 2, 33, 191, 198, opel
88, 39, 76, 155, 62, 8, 137, 48, 18, 137, 156, 281, 124, 63, 3, 6, 201, 209, van
104, 49, 105, 209, 61, 11, 207, 32, 24, 157, 217, 637, 168, 64, 0, 19, 193, 207, saab
101, 48, 85, 191, 60, 11, 175, 38, 21, 153, 192, 458, 187, 62, 5, 22, 197, 210, saab
93, 39, 63, 146, 58, 7, 128, 52, 18, 134, 149, 246, 158, 63, 9, 7, 198, 204, saab
90, 36, 85, 184, 64, 6, 160, 41, 20, 125, 187, 385, 139, 66, 9, 31, 195, 203, saab
104, 53, 101, 190, 63, 10, 213, 32, 24, 166, 218, 664, 202, 74, 13, 21, 188, 198, saab
103, 49, 107, 179, 54, 12, 208, 32, 24, 159, 214, 644, 183, 66, 1, 12, 191, 200, opel
81, 38, 53, 123, 58, 6, 134, 51, 18, 128, 147, 259, 148, 83, 10, 6, 177, 184, opel
86, 35, 44, 110, 54, 2, 119, 57, 17, 121, 139, 208, 137, 90, 6, 1, 180, 183, van
88, 35, 60, 143, 59, 7, 128, 52, 18, 129, 147, 246, 109, 62, 1, 6, 202, 209, van
95, 51, 96, 196, 63, 9, 190, 35, 22, 161, 208, 543, 235, 68, 13, 0, 191, 198, opel
97, 47, 88, 183, 60, 7, 197, 33, 23, 148, 214, 596, 201, 74, 8, 0, 192, 191, bus
100, 58, 109, 230, 70, 11, 226, 30, 25, 182, 234, 752, 207, 72, 0, 13, 187, 198, opel
105, 51, 80, 207, 71, 6, 195, 33, 22, 159, 214, 579, 188, 75, 6, 20, 194, 194, bus
86, 45, 71, 170, 70, 6, 146, 45, 19, 146, 172, 321, 189, 71, 10, 8, 187, 191, bus
108, 49, 103, 200, 62, 10, 206, 32, 23, 155, 227, 635, 215, 72, 6, 16, 189, 198, saab
99, 52, 104, 177, 55, 10, 210, 32, 24, 166, 219, 657, 215, 73, 3, 2, 187, 194, opel
82, 43, 70, 250, 105, 55, 139, 48, 18, 145, 231, 289, 172, 99, 4, 9, 190, 199, van
105, 54, 108, 234, 70, 12, 215, 31, 24, 168, 226, 687, 228, 68, 4, 22, 189, 201, saab
91, 37, 76, 138, 55, 8, 132, 51, 18, 135, 157, 256, 124, 69, 0, 12, 191, 192, van
101, 55, 107, 200, 61, 11, 225, 30, 25, 178, 228, 730, 204, 74, 8, 35, 187, 201, opel
85, 43, 69, 141, 62, 7, 152, 44, 19, 145, 178, 341, 179, 84, 1, 4, 181, 184, bus
93, 46, 85, 169, 66, 9, 151, 44, 19, 147, 169, 339, 179, 67, 0, 4, 195, 204, van
81, 45, 68, 137, 60, 7, 152, 45, 19, 151, 167, 333, 179, 81, 3, 13, 179, 183, bus
92, 52, 93, 204, 67, 9, 189, 35, 22, 161, 214, 536, 240, 72, 2, 5, 188, 195, opel
107, 55, 103, 213, 68, 11, 219, 30, 25, 172, 221, 709, 216, 70, 10, 7, 187, 197, saab
115, 52, 100, 203, 62, 10, 217, 31, 24, 165, 229, 697, 214, 72, 14, 4, 188, 197, saab
90, 39, 85, 160, 59, 7, 163, 41, 20, 131, 189, 396, 158, 71, 7, 13, 186, 192, saab
87, 41, 76, 165, 67, 7, 148, 45, 19, 140, 171, 327, 152, 72, 7, 13, 188, 195, bus
85, 38, 63, 130, 55, 7, 122, 55, 17, 130, 137, 219, 144, 64, 20, 8, 195, 201, opel
93, 47, 84, 205, 71, 7, 176, 36, 21, 152, 190, 476, 201, 70, 7, 19, 198, 201, bus
95, 43, 76, 142, 57, 10, 151, 44, 19, 149, 173, 339, 159, 71, 2, 23, 187, 200, van
97, 43, 73, 173, 65, 6, 153, 42, 19, 143, 176, 361, 172, 66, 13, 1, 200, 204, bus
89, 42, 85, 144, 58, 10, 152, 44, 19, 144, 173, 345, 161, 72, 8, 13, 187, 197, van
94, 49, 79, 203, 71, 5, 174, 37, 21, 154, 196, 465, 206, 71, 6, 2, 197, 199, bus
87, 39, 70, 148, 61, 7, 143, 46, 18, 136, 164, 307, 141, 69, 1, 2, 192, 199, bus
85, 45, 80, 154, 64, 9, 147, 45, 19, 148, 169, 324, 174, 71, 1, 4, 188, 199, van
94, 49, 87, 137, 54, 11, 158, 43, 20, 162, 178, 366, 186, 75, 5, 5, 183, 194, van
92, 38, 71, 174, 66, 7, 154, 43, 19, 133, 181, 355, 130, 70, 4, 24, 189, 195, saab
98, 55, 101, 228, 70, 9, 210, 31, 24, 168, 236, 661, 245, 72, 1, 6, 188, 197, opel
94, 48, 87, 162, 64, 10, 157, 43, 20, 161, 179, 363, 186, 75, 4, 15, 184, 195, van
84, 45, 66, 154, 65, 6, 145, 46, 19, 144, 168, 312, 177, 73, 2, 3, 184, 188, bus
87, 44, 65, 124, 56, 6, 149, 46, 19, 144, 170, 321, 171, 87, 4, 12, 179, 182, bus
85, 39, 77, 151, 59, 8, 150, 45, 19, 134, 176, 331, 133, 73, 0, 16, 184, 193, opel
90, 48, 78, 142, 59, 11, 160, 43, 20, 160, 173, 370, 185, 76, 10, 11, 183, 192, van
90, 46, 80, 143, 62, 11, 159, 43, 20, 156, 169, 366, 186, 74, 17, 7, 185, 193, van
102, 54, 100, 163, 53, 10, 213, 31, 24, 173, 219, 669, 201, 76, 12, 27, 187, 195, opel
93, 48, 84, 150, 63, 11, 156, 44, 20, 165, 171, 354, 188, 73, 8, 15, 185, 195, van
89, 44, 72, 160, 66, 7, 144, 46, 19, 147, 166, 312, 169, 69, 11, 1, 191, 198, bus
93, 37, 73, 174, 68, 7, 151, 43, 19, 131, 175, 347, 135, 68, 1, 22, 196, 205, bus
93, 47, 85, 163, 66, 11, 156, 44, 20, 158, 172, 355, 178, 74, 7, 15, 183, 195, van
86, 46, 70, 149, 65, 8, 149, 45, 19, 146, 170, 331, 185, 77, 6, 6, 183, 188, bus
81, 44, 68, 120, 53, 6, 151, 45, 19, 147, 170, 333, 178, 86, 4, 5, 179, 183, bus
100, 52, 104, 189, 59, 10, 208, 32, 24, 163, 220, 642, 197, 70, 1, 22, 187, 198, saab
90, 48, 78, 134, 56, 11, 160, 43, 20, 167, 169, 366, 185, 76, 1, 14, 182, 192, van
103, 55, 103, 211, 65, 11, 212, 31, 24, 165, 229, 673, 249, 72, 5, 16, 188, 196, opel
95, 38, 66, 126, 52, 8, 133, 52, 18, 140, 158, 253, 140, 78, 11, 8, 184, 183, van
99, 48, 104, 196, 63, 10, 201, 33, 23, 152, 221, 604, 199, 73, 8, 4, 188, 197, saab
103, 49, 100, 194, 60, 10, 185, 35, 22, 160, 202, 518, 178, 62, 13, 8, 198, 208, saab
86, 46, 73, 125, 57, 6, 151, 45, 19, 147, 170, 334, 188, 82, 9, 11, 180, 184, bus
89, 48, 85, 189, 64, 8, 169, 39, 20, 153, 188, 427, 190, 64, 16, 5, 195, 201, saab

