113, 57, 109, 194, 56, 6, 260, 26, 28, 175, 288, 982, 261, 85, 11, 21, 182, 183, bus
89, 38, 80, 169, 59, 7, 161, 41, 20, 131, 186, 389, 137, 68, 5, 15, 192, 197, saab
95, 44, 84, 158, 62, 10, 145, 46, 19, 148, 163, 312, 166, 64, 10, 6, 199, 206, van
88, 38, 58, 137, 60, 5, 148, 46, 19, 131, 163, 319, 157, 86, 12, 0, 180, 183, saab
100, 49, 96, 206, 63, 9, 186, 35, 22, 156, 202, 519, 176, 62, 3, 5, 197, 205, opel
95, 47, 81, 176, 59, 7, 168, 39, 20, 152, 196, 425, 185, 67, 4, 4, 191, 198, saab
108, 54, 105, 203, 62, 11, 202, 33, 23, 164, 216, 608, 235, 68, 12, 3, 190, 200, saab
109, 52, 95, 189, 58, 4, 227, 29, 25, 158, 262, 776, 217, 82, 0, 19, 187, 186, bus
99, 43, 89, 195, 63, 8, 186, 35, 22, 144, 210, 521, 166, 68, 6, 13, 191, 199, saab
89, 41, 75, 162, 66, 5, 153, 43, 19, 136, 175, 352, 154, 72, 2, 0, 188, 195, bus
86, 45, 71, 155, 66, 7, 146, 45, 19, 144, 167, 322, 176, 72, 5, 6, 189, 196, bus
90, 34, 66, 158, 59, 7, 140, 47, 18, 124, 165, 298, 117, 61, 1, 3, 201, 207, saab
84, 37, 70, 145, 62, 9, 136, 48, 18, 134, 159, 280, 140, 68, 11, 9, 194, 202, van
104, 51, 105, 168, 54, 10, 208, 32, 24, 162, 220, 641, 221, 72, 9, 20, 187, 197, saab
99, 50, 88, 204, 64, 10, 185, 35, 22, 159, 209, 517, 193, 66, 12, 11, 194, 201, opel
91, 44, 66, 151, 63, 7, 137, 48, 18, 146, 166, 280, 167, 72, 1, 9, 188, 194, van
104, 55, 109, 230, 67, 12, 218, 30, 24, 174, 230, 706, 226, 67, 8, 22, 191, 202, opel
89, 46, 78, 150, 63, 11, 160, 43, 20, 160, 170, 367, 176, 73, 5, 9, 185, 194, van
86, 38, 76, 143, 59, 8, 142, 47, 18, 131, 167, 301, 138, 71, 5, 10, 189, 196, van
102, 54, 98, 177, 56, 10, 219, 31, 25, 171, 219, 706, 223, 72, 5, 17, 186, 196, opel
106, 55, 98, 224, 68, 11, 215, 31, 24, 170, 222, 679, 214, 68, 2, 29, 189, 201, opel
101, 56, 100, 204, 62, 12, 227, 30, 25, 178, 231, 757, 204, 73, 0, 11, 186, 197, opel
105, 52, 107, 207, 60, 11, 218, 31, 24, 167, 221, 701, 197, 66, 0, 20, 191, 203, opel
89, 41, 63, 134, 59, 6, 123, 55, 17, 137, 148, 223, 150, 76, 12, 3, 186, 188, van
88, 34, 58, 140, 59, 6, 127, 52, 18, 130, 148, 243, 113, 63, 4, 10, 199, 206, van
113, 53, 93, 197, 62, 11, 216, 31, 24, 165, 221, 688, 196, 72, 6, 25, 188, 199, saab
89, 42, 75, 140, 55, 6, 145, 46, 19, 139, 170, 312, 166, 71, 15, 26, 191, 198, opel
98, 35, 70, 182, 68, 5, 155, 41, 19, 124, 184, 371, 117, 71, 3, 22, 202, 205, bus
89, 47, 80, 131, 54, 11, 160, 43, 20, 163, 175, 369, 174, 77, 1, 7, 182, 193, van
84, 38, 66, 138, 62, 6, 126, 54, 18, 132, 144, 232, 139, 70, 4, 7, 185, 190, opel
98, 46, 77, 199, 71, 7, 166, 39, 20, 150, 184, 422, 180, 69, 13, 9, 200, 203, bus
86, 39, 62, 129, 59, 6, 116, 57, 17, 135, 137, 203, 145, 64, 7, 9, 199, 204, van
103, 56, 105, 183, 59, 10, 210, 32, 24, 173, 217, 648, 218, 72, 13, 22, 188, 196, opel
92, 42, 69, 153, 58, 8, 140, 48, 18, 138, 165, 290, 151, 64, 10, 21, 199, 206, opel
83, 37, 49, 112, 55, 5, 122, 55, 17, 128, 144, 219, 146, 85, 8, 16, 180, 184, van
102, 52, 101, 213, 64, 10, 203, 33, 23, 157, 214, 616, 186, 65, 0, 19, 193, 203, opel
108, 55, 105, 230, 68, 11, 218, 30, 24, 171, 228, 709, 210, 69, 14, 4, 190, 197, opel
90, 38, 79, 185, 69, 6, 160, 40, 20, 130, 178, 393, 133, 66, 2, 14, 198, 205, bus
85, 40, 66, 136, 58, 6, 142, 48, 19, 137, 164, 295, 164, 77, 2, 22, 182, 186, saab
97, 41, 92, 197, 63, 10, 179, 37, 21, 140, 197, 481, 136, 63, 4, 3, 197, 204, opel
102, 43, 96, 197, 63, 10, 185, 36, 22, 142, 202, 513, 139, 65, 8, 12, 195, 204, opel
110, 53, 104, 223, 66, 10, 211, 32, 24, 164, 223, 659, 210, 67, 5, 16, 190, 203, saab
89, 41, 76, 183, 73, 7, 157, 42, 19, 136, 181, 373, 153, 74, 8, 12, 191, 195, bus
110, 56, 109, 199, 57, 5, 251, 27, 27, 169, 272, 928, 268, 82, 11, 10, 183, 183, bus
85, 42, 66, 120, 53, 7, 149, 46, 19, 143, 169, 321, 160, 85, 10, 7, 180, 182, bus
92, 37, 75, 184, 70, 6, 154, 42, 19, 131, 184, 363, 127, 71, 0, 4, 198, 202, bus
93, 43, 78, 162, 64, 8, 137, 48, 18, 145, 156, 281, 159, 63, 17, 12, 203, 210, van
94, 49, 82, 137, 56, 10, 159, 43, 20, 160, 176, 367, 186, 76, 10, 7, 183, 192, van
85, 36, 72, 127, 56, 7, 127, 54, 18, 125, 144, 233, 123, 70, 3, 30, 184, 194, opel
93, 51, 90, 209, 69, 8, 183, 36, 22, 156, 211, 506, 230, 70, 6, 1, 189, 196, saab
91, 36, 72, 162, 60, 8, 150, 44, 19, 133, 166, 334, 121, 63, 2, 22, 196, 205, saab
103, 53, 106, 172, 55, 10, 212, 32, 24, 168, 220, 660, 223, 73, 16, 24, 187, 197, saab
98, 38, 78, 191, 65, 8, 169, 39, 20, 136, 197, 430, 141, 67, 9, 20, 192, 199, saab
106, 53, 98, 154, 47, 4, 237, 28, 26, 164, 263, 838, 222, 82, 4, 17, 185, 184, bus
87, 37, 52, 116, 54, 6, 115, 58, 17, 126, 135, 196, 144, 74, 11, 22, 186, 190, van
93, 37, 70, 126, 52, 9, 127, 53, 18, 137, 156, 238, 119, 71, 2, 13, 191, 190, van
90, 48, 77, 132, 56, 10, 157, 44, 20, 164, 169, 354, 187, 78, 1, 3, 182, 191, van
104, 56, 96, 231, 74, 11, 220, 30, 25, 172, 223, 713, 218, 73, 6, 16, 186, 195, opel
95, 49, 92, 193, 62, 10, 178, 37, 21, 154, 200, 478, 171, 64, 2, 0, 198, 206, opel
100, 47, 70, 185, 70, 7, 162, 40, 20, 153, 179, 406, 172, 68, 9, 6, 200, 205, bus
89, 46, 84, 163, 66, 11, 159, 43, 20, 159, 173, 368, 176, 72, 1, 20, 186, 197, van
93, 44, 98, 197, 62, 11, 183, 36, 22, 146, 202, 505, 152, 64, 4, 14, 195, 204, saab
99, 41, 77, 197, 69, 6, 177, 36, 21, 139, 202, 485, 151, 72, 4, 10, 198, 199, bus
101, 56, 100, 215, 69, 10, 208, 32, 24, 169, 227, 651, 223, 74, 6, 5, 186, 193, opel
100, 46, 90, 172, 67, 9, 157, 43, 20, 150, 170, 363, 184, 67, 17, 7, 192, 200, van
119, 54, 106, 220, 65, 12, 213, 31, 24, 167, 223, 675, 232, 66, 20, 1, 192, 202, saab
91, 43, 70, 133, 55, 8, 130, 51, 18, 146, 159, 253, 156, 70, 1, 8, 190, 194, van
77, 38, 63, 135, 59, 5, 130, 52, 18, 130, 145, 247, 139, 79, 13, 21, 183, 187, opel
93, 45, 86, 201, 69, 7, 184, 35, 22, 145, 203, 523, 183, 72, 0, 4, 194, 197, bus
81, 43, 68, 125, 57, 8, 149, 46, 19, 146, 169, 323, 172, 83, 6, 18, 179, 184, bus
92, 38, 60, 130, 62, 5, 114, 58, 17, 132, 135, 194, 137, 72, 14, 5, 190, 194, van
102, 45, 83, 198, 65, 5, 194, 33, 22, 146, 225, 576, 167, 79, 0, 27, 193, 191, bus
89, 37, 54, 119, 53, 5, 134, 50, 18, 127, 151, 266, 146, 79, 16, 14, 184, 185, saab
91, 40, 76, 171, 67, 7, 149, 44, 19, 135, 169, 332, 144, 68, 4, 17, 192, 200, bus
92, 36, 78, 165, 57, 8, 153, 43, 19, 128, 169, 349, 124, 60, 4, 19, 203, 211, saab
107, 55, 98, 199, 59, 7, 240, 27, 26, 168, 258, 866, 245, 80, 3, 1, 186, 184, bus
82, 44, 72, 136, 61, 7, 147, 46, 19, 143, 173, 317, 183, 81, 6, 17, 181, 185, bus
111, 54, 103, 171, 50, 11, 221, 30, 25, 172, 227, 727, 201, 69, 15, 6, 190, 198, opel
89, 36, 72, 141, 56, 7, 138, 48, 18, 126, 163, 286, 130, 72, 1, 1, 187, 192, opel
84, 44, 77, 150, 59, 5, 152, 44, 19, 143, 175, 344, 177, 77, 8, 2, 183, 187, saab
85, 39, 57, 126, 56, 6, 114, 58, 17, 135, 134, 195, 145, 64, 17, 7, 197, 202, van
101, 55, 108, 228, 69, 12, 215, 31, 24, 168, 229, 684, 214, 71, 2, 16, 188, 199, saab
112, 50, 110, 186, 56, 11, 214, 31, 24, 159, 232, 676, 203, 71, 18, 27, 191, 202, saab
91, 40, 98, 192, 64, 9, 177, 38, 21, 135, 194, 465, 165, 66, 9, 35, 195, 205, saab
94, 37, 72, 193, 72, 6, 158, 41, 19, 133, 184, 385, 127, 70, 0, 14, 200, 204, bus

