1, 10, 0, -3.789, 1.42, -0.372, 0.568, 0.123, 0.185, 0.078, 1.006, -0.722, -0.391, 10
1, 10, 0, -3.979, 3.661, 0.169, -0.598, -1.412, 0.569, 0.009, 1.939, 0.094, -0.149, 7
1, 10, 0, -2.45, 1.993, -1.08, -0.09, 0.367, 0.324, -0.164, 0.684, -0.181, -1.013, 3
1, 11, 0, -2.596, 1.867, -0.208, 0.208, -0.574, 0.146, -0.214, 0.116, 0.395, -0.541, 4
1, 11, 0, -2.162, 1.533, -0.267, -0.287, -0.026, 0.122, 0.168, -0.024, -0.268, -0.27, 3
1, 11, 0, -2.957, 0.596, -0.756, 0.89, 0.58, 0.836, 0.543, 0.036, -0.232, -0.579, 1
1, 11, 0, -2.318, 1.097, -0.832, 0.26, 0.821, 0.588, 0.402, 0.327, -0.852, -0.773, 2
1, 11, 0, -2.855, 1.587, -0.03, 0.202, 0.165, 0.445, 0.207, -0.067, -0.013, -0.712, 5
1, 12, 1, -3.415, -0.538, 0.241, 2.038, 0.622, 1.027, -0.701, -0.66, -0.418, 0.781, 0
1, 12, 1, -1.948, 2.143, -0.068, -0.211, -0.238, 0.263, -0.27, -0.238, -0.342, 0.147, 3
1, 12, 1, -3.067, 2.549, -0.851, 0.505, 0.044, 0.574, -0.377, 0.147, -0.606, 0.189, 10
1, 12, 1, -3.699, -0.251, 0.268, 1.585, 0.85, 1.381, -0.867, -0.71, -0.19, 0.567, 0
1, 12, 1, -3.828, 3.188, -0.388, 0.055, -0.185, -0.029, 0.503, 0.273, 0.326, 0.1, 8
1, 12, 1, -2.762, 1.51, -0.145, 1.157, -0.256, 0.041, -0.647, -0.324, -0.128, 0.806, 2
1, 12, 1, -2.919, 3.48, -0.823, -0.751, -0.416, 1.045, 0.609, 0.18, -1.172, 0.123, 6
1, 12, 1, -3.387, 3.286, -0.747, -0.699, -0.9, 0.891, 0.875, 0.46, -0.457, -0.636, 7
1, 12, 1, -4.299, 2.775, 0.244, 0.177, -0.436, 0.261, -0.308, 1.175, -0.227, -1.115, 9
1, 12, 1, -2.852, -0.805, -0.313, 1.565, 0.688, 1.467, -0.664, -0.916, -0.279, 0.489, 0
1, 12, 1, -2.708, 2.56, -0.439, 0.324, -0.348, 0.429, 0.091, -0.037, -0.434, 0.344, 5
1, 12, 1, -2.46, 3.706, -1.304, -0.339, -0.487, 1.125, 0.187, -0.211, -1.068, 0.944, 4
1, 13, 1, -4.057, 1.925, 0.521, 1.331, 0.273, -0.167, -0.365, -0.665, -0.512, 0.716, 1
1, 13, 1, -3.797, 4.314, -1.596, -0.476, 0.044, 0.903, 0.129, -0.141, -0.646, -0.318, 7
1, 13, 1, -3.999, 2.138, 0.295, 1.086, 0.699, -0.127, -0.634, -0.4, -0.505, 0.856, 1
1, 13, 1, -4.118, 2.542, -0.2, 1.616, 1.106, -0.06, -0.728, -0.544, -0.912, -0.101, 9
1, 14, 1, -3.242, 1.615, -0.829, 1.589, 0.09, 0.051, -0.504, -0.211, -0.513, 1.005, 2
1, 14, 1, -2.918, 2.897, -1.069, -0.077, -0.261, 0.55, 0.317, -0.322, -0.776, 0.79, 5
1, 14, 1, -4.094, 2.499, -0.149, 1.017, 0.683, 0.536, -1.023, -0.127, -1.142, -0.421, 9
1, 14, 1, -3.946, 2.545, 0.447, -0.001, 0.043, 0.788, -0.102, 0.68, -0.637, -0.545, 8
1, 14, 1, -4.145, 2.739, -0.115, 0.907, 0.669, 0.478, -1.183, -0.24, -0.887, -0.365, 9
1, 14, 1, -3.468, 1.81, -0.39, 1.55, -0.084, -0.008, -0.482, -0.231, -0.724, 0.967, 2
1, 14, 1, -4.264, 2.925, 0.065, 0.794, 0.323, 0.515, -1.282, -0.14, -0.863, -0.39, 9
1, 14, 1, -3.291, 2.324, -0.679, 0.285, 0.441, 0.557, -0.227, 0.115, -1.046, 0.697, 10
0, 0, 0, -2.598, 1.938, -0.846, 1.062, -1.633, 0.764, 0.394, -0.15, 0.277, -0.396, 4
0, 0, 0, -2.312, 1.746, -1.51, 1.019, -0.99, 0.941, -0.488, 0.208, 0.033, -0.847, 3
0, 0, 0, -3.459, 2.086, -0.595, 0.937, -1.841, 0.6, 0.457, 0.4, 0.473, -0.211, 6
0, 1, 0, -4.161, 2.937, 0.157, 0.336, -0.968, 0.641, 0.088, 0.237, 0.565, 0.823, 8
0, 1, 0, -1.945, 0.352, -1.053, -0.228, -0.12, 0.927, 0.088, 0.509, -0.279, -0.246, 2
0, 2, 0, -2.607, 2.406, -0.088, 1.586, -1.477, 0.164, -0.527, 1.551, 0.033, 0.522, 6
0, 2, 0, -1.298, -0.295, -2.433, 0.955, -0.278, 2.252, 0.285, 0.915, -1.569, -0.562, 0
0, 2, 0, -2.043, 1.95, -0.435, 1.341, -1.049, 0.558, -0.237, 1.237, -0.283, 0.306, 5
0, 2, 0, -2.624, 1.653, -0.156, 2.023, -1.052, 0.086, -0.752, 1.341, 0.196, 0.71, 6
0, 2, 0, -2.562, 1.361, -0.94, 1.333, -1.047, 1.208, -0.316, 1.055, 0.354, -0.77, 10
0, 2, 0, -2.274, 1.653, -0.226, 1.857, -0.971, 0.327, -0.605, 1.121, 0.121, 0.291, 4
0, 2, 0, -4.376, 2.216, -0.269, 1.32, -0.66, 0.159, 0.719, 0.008, 1.058, 0.472, 9
0, 3, 0, -1.425, 0.256, -1.13, -0.284, -0.394, 1.253, 0.306, 0.893, 0.272, -0.378, 1
0, 3, 0, -2.475, 1.498, 0.864, 0.397, -1.17, -0.234, -0.388, 0.825, 0.16, 0.057, 4
0, 3, 0, -3.576, 1.357, 0.912, 1.878, -1.166, 0.039, -1.537, 0.658, 0.843, 1.087, 7
0, 3, 0, -2.343, 0.788, 0.373, 0.492, -0.667, 0.279, -0.24, 0.827, 0.589, -0.267, 5
0, 3, 0, -2.834, 0.654, 0.733, 1.434, -0.716, -0.028, -0.841, 0.239, 0.92, 0.885, 6
0, 4, 1, -3.224, 0.487, 0.822, 1.324, 0.753, 0.352, -0.976, -0.562, -0.489, 0.172, 1
0, 4, 1, -3.02, 1.033, -0.238, -0.286, 0.088, 0.235, 0.372, 0.563, -1.027, -0.151, 10
0, 4, 1, -3.693, -0.568, 0.727, 1.236, 0.612, 1.502, -0.804, -0.763, -0.346, 0.788, 0
0, 4, 1, -3.661, 3.266, -0.117, -0.237, -0.755, 0.092, 0.686, 0.381, -0.58, -0.687, 6
0, 4, 1, -2.711, 0.971, -0.023, 0.053, 0.101, -0.148, 0.382, 0.476, -1.05, -0.256, 10
0, 5, 1, -3.901, 2.485, -0.95, 0.702, -0.47, 1.146, -0.109, 1.597, 0.146, -1.197, 8
0, 5, 1, -3.347, -0.159, -0.414, 0.922, 0.973, 0.978, 0.929, -1.211, -1.268, 0.278, 0
0, 5, 1, -2.85, 1.446, -0.792, 0.482, -0.365, 0.046, -0.029, -0.761, -0.251, 0.113, 3
0, 5, 1, -2.884, 2.424, -0.764, -0.108, -1.015, 0.361, 0.712, 0.133, -0.017, -0.847, 4
0, 5, 1, -3.846, 1.426, -0.607, 1.434, -0.072, 1.13, -0.535, 1.159, -0.123, -0.385, 8
0, 6, 1, -1.985, 2.161, -0.601, 0.424, -0.295, -0.489, 0.208, -0.216, -0.562, 0.079, 3
0, 6, 1, -4.107, 2.17, 0.206, -0.811, 0.334, 0.633, 0.402, 1.097, -1.327, -0.04, 8
0, 6, 1, -3.152, 0.086, -0.325, 0.868, 1.084, 0.753, -0.522, -0.005, -0.821, 0.483, 1
0, 6, 1, -2.93, 2.014, -0.7, 0.206, -0.088, 0.153, 0.142, -0.031, -1.437, 0.615, 10
0, 6, 1, -2.514, 0.558, -0.777, 1.299, 0.027, 0.247, -0.487, -0.653, -0.028, 0.481, 2
0, 6, 1, -5.158, 2.488, 1.064, -0.343, 0.352, 0.18, -0.05, 0.817, -1.308, -0.249, 9
0, 6, 1, -3.096, 0.103, -0.452, 0.879, 1.067, 0.497, -0.296, -0.067, -0.973, 0.711, 1
0, 6, 1, -2.658, 2.739, -0.382, -0.31, -1.64, 0.081, 0.276, 0.884, -0.535, -0.548, 4
0, 6, 1, -2.982, 2.001, -0.915, 0.188, 0.035, 0.467, -0.13, -0.689, -0.684, 0.664, 5
0, 6, 1, -4.403, 3.602, -0.945, -0.934, 0.041, 0.409, 1.003, 0.47, -0.477, -0.621, 7
0, 6, 1, -4.2, 2.201, -0.31, -0.392, 0.968, 0.7, -0.328, 0.129, -0.896, 0.15, 8
0, 7, 1, -5.058, 2.236, 1.381, 1.885, -0.259, -0.483, -0.562, 0.123, -0.063, 0.663, 0
0, 7, 1, -3.961, 1.078, 0.11, 1.232, 0.21, -0.67, -0.536, -0.33, -0.268, 1.098, 2
0, 7, 1, -3.765, 1.97, -0.955, 0.304, -0.735, 0.41, 0.38, 0.146, -0.536, 0.738, 5
0, 7, 1, -3.828, 2.367, -0.836, -0.343, -0.466, 0.116, 1.172, -0.175, -0.275, 0.117, 4
0, 7, 1, -4.513, 4.265, -1.477, -1.09, 0.215, 0.829, 0.342, 0.693, -0.601, -0.056, 7
0, 7, 1, -4.261, 1.827, -0.482, -0.194, 0.731, 0.354, -0.478, 0.05, -0.112, 0.321, 10
1, 8, 0, -3.835, 3.339, 0.29, -0.126, -1.68, 0.195, -0.368, 1.328, 0.523, 0.861, 7
1, 8, 0, -1.784, -1.074, -1.661, 1.324, 0.289, 1.303, 0.924, 1.307, -0.346, -0.521, 0
1, 8, 0, -2.632, 0.881, 0.71, 1.8, -0.75, 0.33, -1.128, 0.177, 0.339, 1.166, 6
1, 8, 0, -2.594, 0.621, -0.292, 0.521, 0.26, 1.204, -0.337, 0.261, -0.332, -0.51, 2
1, 8, 0, -2.696, 1.26, 0.436, 0.657, -1.161, 0.805, 0.062, 0.575, 0.182, -0.334, 5
1, 8, 0, -1.969, 0.835, -0.671, -0.27, 0.028, 0.4, -0.444, 0.53, 0.061, -0.343, 3
1, 8, 0, -2.073, 0.088, -0.73, 0.296, -0.286, 1.75, 0.154, 1.078, 0.294, -0.174, 1
1, 8, 0, -3.073, 1.532, 0.949, 1.541, -1.058, 0.272, -0.961, 0.449, 0.619, 0.969, 6
1, 9, 0, -4.064, 4.106, -0.545, 0.03, -1.645, 0.904, 0.103, 0.907, 0.05, -0.322, 7
1, 9, 0, -4.235, 3.775, -1.593, 0.814, 0.288, 0.805, -0.566, -0.247, -0.409, -0.556, 8
1, 9, 0, -4.884, 3.63, -0.279, 0.496, -0.67, 0.792, -0.005, -0.137, 0.532, -0.184, 9
1, 10, 0, -2.482, 1.896, -1.289, 0.112, 0.285, 0.096, 0.022, 0.832, -0.333, -0.764, 3
1, 10, 0, -3.045, 3.312, 0.171, -0.605, -1.027, 0.924, 0.353, 0.897, 0.365, -0.871, 6
1, 10, 0, -4.089, 3.712, 0.315, -0.05, -0.929, 0.018, -0.35, 1.77, 0.244, -0.301, 7
1, 10, 0, -3.989, 3.582, -1.1, 0.374, -0.12, 0.291, 0.663, 0.96, 0.023, -0.477, 8
1, 10, 0, -4.602, 3.043, -0.959, 0.828, -0.298, 0.315, 0.423, 0.57, 0.387, -0.617, 9
1, 10, 0, -3.707, 1.486, -0.494, 0.402, 0.183, 0.186, 0.234, 1.029, -0.856, -0.408, 10
1, 10, 0, -3.894, 0.117, -0.407, 1.973, 0.043, 1.891, 0.411, -0.095, -0.436, -1.015, 0
1, 10, 0, -3.053, 0.716, -1.024, 1.422, 0.184, 1.473, 0.261, 0.983, -0.431, -0.717, 1
1, 10, 0, -2.615, 1.185, -1.162, 0.395, 0.459, 0.345, 0.298, 0.456, -0.62, -0.307, 2
1, 10, 0, -2.303, 1.954, -1.493, 0.305, 0.047, 0.056, 0.026, 0.902, -0.522, -0.645, 3
1, 10, 0, -2.79, 2.665, 0.036, -0.44, -0.604, 0.811, 0.098, 0.723, 0.134, -0.91, 4
1, 10, 0, -2.445, 2.678, -0.816, -0.743, 0.076, 1.117, -0.057, 0.018, 0.281, -0.72, 5

