1, 11, 0, -2.463, -0.197, -1.264, 1.15, 0.234, 1.833, 0.066, 0.738, -1.382, -0.498, 0
1, 11, 0, -2.565, 1.871, -0.269, 0.187, -0.656, 0.267, -0.328, 0.184, 0.348, -0.511, 4
1, 11, 0, -3.008, 2.882, -0.9, 0.214, -0.565, -0.197, 0.449, 0.305, 0.413, -0.3, 6
1, 11, 0, -3.911, 3.703, -1.965, 0.132, -0.209, 0.929, 0.811, 0.495, -0.142, -0.519, 7
1, 11, 0, -4.135, 3.651, -0.751, -0.066, -0.789, 1.131, 0.496, 0.788, -0.883, -0.351, 8
1, 11, 0, -2.941, 0.71, -0.855, 0.902, 0.635, 0.924, 0.466, 0.01, -0.342, -0.588, 1
1, 11, 0, -2.453, -0.32, -1.368, 1.04, 0.174, 1.985, 0.158, 0.59, -1.318, -0.587, 0
1, 11, 0, -2.904, 0.458, -0.656, 0.832, 0.61, 0.805, 0.568, 0.041, -0.114, -0.615, 1
1, 12, 1, -2.814, 1.515, -0.088, 0.597, -0.033, -0.29, -0.445, 0.113, -0.136, 0.662, 2
1, 12, 1, -2.702, 3.596, -0.57, -1.041, -0.709, 1.009, 0.403, 0.426, -1.013, -0.009, 6
1, 12, 1, -3.303, 0.702, -0.209, 1.627, 0.818, 0.287, -0.541, -0.198, -0.717, 0.768, 1
1, 12, 1, -2.489, 2.379, -0.523, -0.158, -0.178, 0.406, 0.198, 0.059, -0.589, -0.256, 5
1, 12, 1, -3.155, 0.613, -0.285, 1.287, 0.882, 0.337, -0.624, 0.067, -0.516, 0.891, 1
1, 12, 1, -2.364, 3.743, -1.393, -0.361, -0.354, 1.004, 0.208, -0.376, -1.046, 0.722, 4
1, 12, 1, -2.883, 3.576, -1.198, -0.562, -0.162, 0.974, 0.764, -0.03, -1.023, 0.346, 6
1, 12, 1, -2.818, 3.685, -1.413, -0.558, 0.025, 0.871, 0.688, -0.144, -0.93, 0.282, 6
1, 12, 1, -3.35, 2.713, -0.472, 0.4, -0.196, 0.248, -0.224, 0.53, -0.358, -0.091, 10
1, 13, 1, -3.053, 1.518, -0.729, 0.828, -1.211, 0.499, 0.326, -0.136, -0.263, 0.75, 3
1, 13, 1, -3.857, 2.133, -0.58, 0.996, 0.502, 0.65, -0.283, -0.468, -0.983, 0.613, 8
1, 13, 1, -3.591, 2.78, -0.301, 0.812, -0.008, -0.019, -0.268, -0.564, -0.788, 0.948, 10
1, 13, 1, -3.636, 2.719, -0.178, 0.665, 0.099, -0.084, -0.333, -0.362, -1.049, 0.978, 10
1, 14, 1, -3.811, 2.123, 0.278, 1.552, 0.754, 0.492, -0.584, -0.433, -0.988, 0.652, 1
1, 14, 1, -3.441, 1.975, -0.395, 1.024, -0.052, -0.167, -0.445, 0.168, -0.684, 1.04, 2
1, 14, 1, -2.584, 2.091, -1.451, 0.889, -0.464, 0.285, -0.213, -0.245, -0.138, 1.206, 3
1, 14, 1, -2.871, 3.13, -1.3, 0.008, -0.288, 0.483, 0.258, -0.342, -0.614, 0.83, 5
1, 14, 1, -3.059, 2.895, -0.847, -0.364, -0.484, 1.025, 0.502, 0.506, -0.733, 0.078, 6
1, 14, 1, -3.642, 3.582, -1.031, -0.761, 0.046, 1.255, 0.841, 0.512, -0.259, -0.447, 7
1, 14, 1, -3.432, 2.235, -0.753, 0.361, 0.435, 0.425, -0.193, 0.012, -1.166, 0.794, 10
1, 14, 1, -2.71, 1.943, -1.247, 0.772, -0.345, 0.107, -0.062, 0.04, -0.322, 1.018, 3
1, 14, 1, -3.176, 2.997, -1.098, -0.371, -0.418, 1.318, 0.48, 0.472, -0.814, 0.106, 6
0, 0, 0, -3.648, 1.812, -1.378, 1.578, 0.065, 1.577, -0.466, 0.702, 0.06, -0.836, 9
0, 0, 0, -3.653, 0.373, -0.6, 1.705, -0.222, 1.765, -0.353, 0.537, -0.797, -0.813, 0
0, 0, 0, -3.237, 0.436, -0.86, 1.363, -0.251, 1.915, -0.395, 0.751, -0.774, -0.327, 1
0, 0, 0, -3.986, 2.325, 0.102, 1.633, -2.014, 0.576, -0.344, 1.003, 0.566, -0.245, 7
0, 0, 0, -3.046, 0.387, -1.165, 0.94, -0.386, 1.978, -0.186, 0.811, -0.394, -0.198, 1
0, 0, 0, -3.089, 2.339, -0.973, 0.463, -1.169, 0.543, 0.598, -0.45, -0.08, -0.039, 5
0, 0, 0, -2.302, 0.85, -1.646, 0.455, -0.488, 1.491, -0.617, 0.819, -0.887, -0.08, 2
0, 1, 0, -3.141, 3.314, -0.996, -0.394, -0.19, -0.312, 0.137, 0.631, 0.547, -0.247, 6
0, 1, 0, -4.275, 0.162, 0.728, 0.662, 0.94, 1.269, 0.711, 0.073, -0.827, -0.655, 0
0, 1, 0, -1.657, 0.056, -1.044, -0.32, -0.316, 1.321, 0.638, 0.8, 0.298, -0.159, 1
0, 1, 0, -1.914, 1.473, -1.342, -0.013, -0.213, 0.253, 0.005, 0.229, -0.009, -0.445, 3
0, 1, 0, -3.917, 3.496, 0.409, -0.531, -1.15, 0.017, 0.605, 0.977, -0.328, 0.447, 7
0, 1, 0, -4.759, 2.696, 0.104, 0.697, -0.787, 1.114, 0.205, -0.066, 0.369, 0.306, 9
0, 1, 0, -2.945, 1.724, -0.312, -0.239, -0.447, 1.36, 0.014, -0.102, 0.021, -0.564, 10
0, 1, 0, -4.314, -0.106, 1.044, 1.192, 0.687, 0.763, 0.158, -0.193, -1.342, -0.447, 0
0, 1, 0, -1.804, 0.431, -1.0, -0.427, -0.094, 0.848, 0.084, 0.636, -0.275, -0.214, 2
0, 1, 0, -2.051, 1.508, -1.641, -0.058, -0.102, 0.346, -0.021, 0.109, -0.147, -0.298, 3
0, 2, 0, -2.125, 1.952, -0.415, 1.458, -0.985, 0.52, -0.344, 1.249, -0.37, 0.145, 5
0, 2, 0, -3.813, 3.705, -0.157, 1.561, -1.503, -0.366, -0.581, 1.412, 0.29, -0.099, 7
0, 2, 0, -1.674, 1.711, -1.04, 1.136, -0.869, 1.036, -0.157, 0.946, -0.361, 0.02, 3
0, 2, 0, -2.308, 2.023, -0.203, 1.493, -1.223, 0.379, -0.481, 1.403, -0.045, 0.402, 4
0, 2, 0, -1.332, 0.848, -1.665, 0.97, -0.463, 1.522, -0.159, 1.101, -0.541, -0.05, 2
0, 2, 0, -3.836, 3.699, -0.225, 1.52, -1.729, -0.184, 0.064, 0.97, 0.5, -0.13, 7
0, 2, 0, -3.478, 1.703, -0.557, 2.191, -1.043, 0.339, -0.004, 0.587, 0.45, 0.006, 8
0, 2, 0, -3.693, 3.067, -0.273, 1.619, -1.905, 0.045, 0.006, 1.347, 0.346, 0.36, 7
0, 2, 0, -4.386, 2.271, -0.157, 1.536, -0.614, 0.23, 0.57, -0.117, 1.074, 0.397, 9
0, 2, 0, -1.215, -0.288, -2.423, 0.834, -0.379, 2.266, 0.503, 1.337, -1.36, -0.682, 0
0, 2, 0, -3.425, 1.724, -0.638, 1.573, -1.041, 1.204, -0.124, 1.258, 0.548, -0.507, 8
0, 3, 0, -3.299, 1.73, 0.187, 0.121, -1.251, 0.796, -0.366, 1.091, 0.493, 0.436, 8
0, 3, 0, -3.601, 0.742, -0.238, 0.332, -0.561, 1.275, -0.014, 0.844, 0.558, 0.659, 9
0, 3, 0, -3.198, 1.373, 0.392, 0.423, -1.203, 0.656, -0.428, 0.994, 0.576, 0.865, 8
0, 3, 0, -2.434, 0.87, 0.127, 0.224, -0.811, 0.666, -0.233, 0.705, 0.408, 0.136, 10
0, 3, 0, -2.531, 1.802, 0.739, 0.236, -1.169, -0.069, -0.349, 0.903, 0.123, -0.119, 4
0, 3, 0, -4.394, 1.162, 0.157, 0.608, -0.409, 1.352, -0.243, 0.758, 0.447, 0.096, 9
0, 4, 1, -2.681, 0.531, 0.252, 1.239, 0.469, -0.339, -0.652, -0.417, -0.246, 0.412, 2
0, 4, 1, -2.445, 1.503, -0.677, -0.46, -0.14, -0.002, 1.014, 0.061, -0.599, 0.175, 5
0, 4, 1, -1.611, 0.831, -0.056, -0.048, -0.044, -0.423, 0.289, -0.092, -0.633, 0.221, 3
0, 4, 1, -4.087, 2.555, 0.123, -0.151, 0.118, 0.474, 0.365, 0.495, -0.473, -0.886, 8
0, 4, 1, -3.689, -0.599, 0.692, 1.307, 0.605, 1.514, -0.752, -0.697, -0.355, 0.702, 0
0, 4, 1, -1.708, 0.944, -0.14, 0.151, -0.092, -0.481, 0.22, 0.034, -0.692, 0.19, 3
0, 4, 1, -4.077, 2.542, 0.039, 0.082, 0.218, 0.393, 0.324, 0.399, -0.658, -0.964, 8
0, 5, 1, -2.685, 1.971, -0.857, 0.033, -0.638, 0.484, 0.143, 0.159, -0.218, -0.343, 5
0, 5, 1, -3.268, -0.079, -0.693, 0.763, 1.043, 1.194, 0.892, -1.293, -1.033, 0.199, 0
0, 5, 1, -3.354, 2.85, -0.887, 0.01, -0.551, 0.293, 0.901, 0.32, -0.302, -1.023, 6
0, 5, 1, -4.228, 3.111, -0.38, 1.16, -1.188, -0.362, 0.516, 0.507, 0.669, -0.074, 7
0, 5, 1, -2.875, 0.868, -0.728, 1.439, 0.355, 0.846, -0.378, -0.233, -1.072, 0.505, 2
0, 5, 1, -2.846, 2.43, -0.78, -0.153, -0.905, 0.24, 0.746, 0.14, -0.114, -0.746, 4
0, 5, 1, -2.656, 1.263, -0.527, 0.464, -0.612, 0.668, -0.16, 0.857, -0.416, -0.596, 5
0, 5, 1, -4.836, 3.871, -0.684, 0.182, 0.349, -0.176, 0.317, 0.059, -0.024, -1.13, 9
0, 6, 1, -2.569, -0.11, -0.841, 0.732, 1.112, 0.961, -0.075, 0.148, -0.893, 0.314, 1
0, 6, 1, -2.282, 0.673, -0.798, 1.286, 0.308, 0.01, -0.411, -0.61, -0.266, 0.584, 2
0, 6, 1, -2.812, 1.954, -0.661, 0.109, -0.011, 0.11, 0.187, 0.096, -1.538, 0.592, 10
0, 6, 1, -5.211, 2.544, 0.82, -0.333, 0.447, 0.226, 0.127, 0.89, -1.389, -0.304, 9
0, 7, 1, -3.001, 2.263, -1.178, -0.116, -0.922, 0.536, 1.286, -0.506, -0.566, -0.102, 4
0, 7, 1, -3.434, 2.26, -1.065, -0.122, -0.795, 0.363, 1.403, -0.507, -0.375, 0.015, 4
0, 7, 1, -5.049, 4.846, -0.678, -0.877, -0.09, 0.005, 0.253, -0.078, -0.178, 0.131, 9
0, 7, 1, -4.115, 1.856, -0.738, 0.132, 0.658, 0.329, -0.252, -0.123, -0.53, 0.456, 10
1, 8, 0, -3.839, 1.248, 0.83, 0.982, -1.11, 0.617, -0.751, 0.084, 0.309, 1.125, 8
1, 8, 0, -2.769, 2.906, -0.194, 0.349, -0.958, 0.089, -0.245, 1.004, 0.6, -0.336, 4
1, 8, 0, -4.717, 0.829, 0.853, 1.98, -0.546, 0.688, -0.434, -0.424, -0.636, 1.245, 9
1, 8, 0, -3.038, 2.475, 0.024, 0.508, -0.737, -0.102, -0.358, 0.706, 0.6, -0.209, 4
1, 8, 0, -3.992, 3.342, 0.167, 0.086, -1.23, -0.216, -0.824, 0.837, 0.521, 0.978, 7
1, 8, 0, -3.312, -0.776, -0.504, 1.39, 0.86, 1.257, 0.222, 0.314, -0.715, -0.765, 0
1, 9, 0, -3.73, 1.872, -0.801, 0.555, -0.427, 0.791, 0.196, 0.65, -0.744, -0.372, 10
1, 9, 0, -2.538, 2.351, -1.029, 0.146, -0.922, 0.201, -0.058, 0.835, -0.712, -0.074, 5
1, 9, 0, -1.895, 0.755, -1.388, 0.638, -0.614, 0.246, -0.033, 0.693, -0.27, -0.346, 2
1, 10, 0, -2.973, 3.557, -0.396, -0.719, -0.669, 0.923, 0.293, 1.009, 0.14, -1.098, 6
1, 10, 0, -2.395, 1.929, -1.496, 0.372, 0.065, 0.009, 0.149, 0.813, -0.484, -0.672, 3
1, 10, 0, -2.464, 2.755, -0.975, -0.651, 0.158, 1.047, -0.145, 0.203, 0.246, -0.745, 5

