85, 43, 64, 128, 56, 8, 150, 46, 19, 144, 168, 324, 173, 82, 9, 14, 180, 184, bus
93, 49, 79, 180, 65, 7, 173, 37, 21, 158, 189, 463, 194, 70, 5, 10, 197, 202, bus
81, 42, 63, 125, 55, 8, 149, 46, 19, 145, 166, 320, 172, 86, 7, 7, 179, 182, bus
82, 38, 53, 125, 59, 5, 133, 51, 18, 128, 152, 259, 146, 87, 0, 0, 177, 183, opel
85, 40, 72, 139, 59, 5, 132, 50, 18, 135, 159, 260, 150, 68, 3, 9, 191, 195, saab
94, 45, 81, 166, 67, 9, 145, 46, 19, 147, 164, 313, 179, 66, 11, 14, 194, 202, van
89, 44, 72, 160, 66, 7, 144, 46, 19, 147, 166, 312, 169, 69, 11, 1, 191, 198, bus
82, 44, 72, 150, 64, 7, 154, 44, 19, 144, 181, 350, 177, 80, 0, 16, 183, 187, bus
90, 36, 74, 171, 60, 8, 157, 42, 19, 128, 177, 367, 123, 61, 6, 21, 197, 204, saab
87, 47, 81, 149, 62, 9, 147, 45, 19, 152, 171, 325, 181, 72, 0, 6, 188, 198, van
83, 44, 68, 144, 61, 8, 147, 45, 19, 143, 170, 325, 180, 74, 1, 1, 185, 191, bus
85, 35, 47, 110, 55, 3, 117, 57, 17, 122, 136, 203, 139, 89, 5, 9, 180, 184, van
79, 47, 74, 141, 61, 7, 153, 43, 19, 149, 175, 349, 199, 77, 6, 10, 183, 189, bus
103, 55, 103, 211, 65, 11, 212, 31, 24, 165, 229, 673, 249, 72, 5, 16, 188, 196, opel
84, 44, 80, 140, 58, 11, 156, 44, 20, 157, 166, 349, 176, 74, 5, 17, 183, 193, van
91, 39, 88, 189, 63, 9, 175, 38, 21, 132, 197, 457, 156, 69, 0, 23, 191, 198, saab
94, 37, 73, 186, 71, 7, 154, 42, 19, 127, 171, 362, 132, 67, 2, 8, 197, 206, bus
100, 44, 93, 193, 62, 8, 186, 35, 22, 147, 202, 521, 151, 66, 0, 2, 193, 198, opel
82, 43, 73, 154, 65, 7, 151, 44, 19, 143, 178, 341, 160, 76, 5, 11, 185, 189, bus
96, 47, 103, 215, 69, 10, 200, 33, 23, 147, 220, 598, 200, 73, 6, 6, 187, 194, opel
89, 36, 68, 149, 60, 8, 133, 50, 18, 134, 153, 265, 119, 62, 6, 18, 201, 209, van
96, 52, 104, 222, 67, 9, 198, 33, 23, 163, 217, 589, 226, 67, 12, 20, 192, 201, opel
87, 43, 65, 127, 56, 8, 149, 46, 19, 143, 169, 322, 171, 85, 6, 3, 180, 182, bus
99, 55, 101, 219, 68, 10, 224, 30, 25, 178, 228, 737, 213, 74, 11, 20, 187, 196, opel
117, 52, 110, 228, 65, 12, 212, 31, 24, 163, 228, 668, 220, 66, 21, 25, 194, 205, saab
108, 52, 109, 182, 55, 12, 216, 31, 24, 171, 229, 687, 214, 72, 10, 28, 189, 201, saab
87, 37, 60, 132, 57, 6, 128, 52, 18, 129, 154, 243, 132, 71, 1, 14, 186, 192, saab
94, 49, 87, 159, 64, 10, 157, 43, 20, 158, 179, 363, 203, 75, 4, 0, 183, 194, van
94, 47, 85, 333, 138, 49, 155, 43, 19, 155, 320, 354, 187, 135, 12, 9, 188, 196, van
107, 53, 108, 213, 64, 12, 206, 32, 23, 163, 216, 627, 202, 65, 21, 22, 194, 205, saab
85, 37, 80, 158, 59, 8, 153, 44, 19, 126, 179, 348, 136, 69, 6, 21, 191, 197, opel
85, 37, 68, 145, 60, 6, 130, 51, 18, 130, 150, 253, 121, 65, 3, 14, 195, 203, van
89, 46, 74, 135, 59, 9, 157, 44, 20, 158, 170, 356, 177, 79, 12, 3, 184, 191, van
81, 43, 68, 139, 62, 7, 149, 46, 19, 145, 172, 323, 171, 83, 1, 14, 180, 184, bus
98, 42, 90, 192, 61, 9, 178, 37, 21, 144, 189, 480, 138, 61, 3, 8, 199, 208, saab
106, 52, 107, 211, 62, 8, 200, 33, 23, 161, 218, 602, 200, 67, 9, 17, 194, 201, opel
107, 56, 105, 202, 61, 11, 221, 30, 25, 179, 234, 725, 212, 72, 15, 1, 189, 196, opel
97, 55, 104, 219, 71, 9, 211, 32, 24, 171, 222, 658, 223, 74, 1, 24, 186, 196, saab
94, 46, 79, 181, 62, 8, 167, 40, 20, 148, 190, 418, 193, 67, 12, 15, 191, 198, opel
86, 36, 66, 128, 57, 8, 131, 52, 18, 127, 148, 252, 139, 76, 5, 27, 183, 187, opel
103, 54, 107, 189, 56, 11, 223, 30, 25, 174, 225, 729, 200, 70, 0, 29, 187, 201, opel
88, 39, 76, 155, 62, 8, 137, 48, 18, 137, 156, 281, 124, 63, 3, 6, 201, 209, van
90, 39, 89, 181, 62, 8, 175, 38, 21, 132, 200, 458, 154, 70, 11, 15, 189, 195, saab
84, 38, 66, 138, 62, 6, 126, 54, 18, 132, 144, 232, 139, 70, 4, 7, 185, 190, opel
108, 53, 104, 181, 56, 11, 220, 31, 25, 167, 226, 712, 214, 72, 15, 18, 189, 199, saab
100, 51, 89, 199, 65, 6, 201, 32, 23, 159, 219, 622, 205, 74, 6, 7, 193, 193, bus
87, 42, 60, 116, 51, 6, 150, 46, 19, 141, 169, 324, 171, 85, 2, 14, 178, 182, bus
90, 49, 85, 141, 57, 11, 159, 43, 20, 167, 173, 365, 186, 75, 1, 11, 182, 192, van
80, 34, 42, 110, 57, 3, 114, 59, 17, 119, 131, 191, 121, 87, 4, 7, 179, 183, opel
96, 40, 100, 178, 58, 8, 181, 37, 21, 134, 205, 486, 160, 68, 5, 34, 192, 202, saab
98, 51, 84, 207, 72, 7, 184, 35, 21, 161, 199, 520, 198, 72, 9, 11, 196, 199, bus
81, 38, 53, 123, 58, 6, 134, 51, 18, 128, 147, 259, 148, 83, 10, 6, 177, 184, opel
105, 53, 105, 184, 57, 11, 211, 31, 24, 168, 224, 661, 218, 71, 0, 15, 186, 197, saab
97, 37, 78, 181, 62, 8, 161, 41, 20, 131, 182, 389, 117, 62, 2, 28, 203, 211, opel
103, 41, 83, 194, 63, 9, 175, 38, 21, 142, 199, 455, 138, 65, 7, 30, 197, 206, opel
106, 57, 107, 235, 67, 6, 262, 26, 28, 171, 285, 987, 260, 86, 9, 31, 180, 184, bus
108, 51, 100, 206, 63, 10, 196, 34, 23, 159, 214, 576, 201, 65, 7, 16, 194, 205, saab
108, 49, 103, 200, 62, 10, 206, 32, 23, 155, 227, 635, 215, 72, 6, 16, 189, 198, saab
105, 45, 100, 195, 61, 10, 198, 33, 23, 149, 214, 586, 186, 67, 8, 5, 192, 200, saab
104, 53, 101, 199, 65, 11, 213, 31, 24, 168, 216, 667, 221, 72, 12, 12, 187, 198, saab
105, 51, 93, 160, 51, 7, 217, 30, 24, 165, 240, 703, 208, 81, 9, 25, 188, 188, bus
96, 40, 78, 170, 58, 7, 174, 38, 21, 139, 197, 455, 160, 68, 3, 29, 191, 200, saab
85, 43, 66, 123, 56, 6, 148, 46, 19, 145, 166, 319, 171, 85, 6, 11, 179, 182, bus
85, 38, 63, 130, 55, 7, 122, 55, 17, 130, 137, 219, 144, 64, 20, 8, 195, 201, opel
103, 56, 100, 185, 59, 11, 216, 31, 24, 173, 219, 684, 219, 75, 15, 11, 186, 194, opel
98, 38, 72, 192, 69, 5, 166, 38, 20, 131, 189, 427, 138, 70, 1, 3, 200, 202, bus
105, 54, 105, 213, 67, 10, 200, 33, 23, 163, 214, 597, 214, 68, 10, 20, 190, 198, opel
82, 36, 51, 114, 53, 4, 135, 50, 18, 126, 150, 268, 144, 86, 15, 4, 181, 182, saab
95, 43, 76, 142, 57, 10, 151, 44, 19, 149, 173, 339, 159, 71, 2, 23, 187, 200, van
90, 44, 72, 157, 64, 8, 137, 48, 18, 144, 159, 283, 171, 65, 9, 4, 196, 203, van
91, 41, 84, 141, 57, 9, 149, 45, 19, 143, 170, 330, 158, 72, 9, 14, 189, 199, van
90, 43, 66, 157, 65, 9, 137, 48, 18, 146, 162, 281, 164, 67, 3, 3, 193, 202, van
99, 53, 105, 219, 66, 11, 204, 32, 23, 165, 221, 623, 224, 68, 0, 6, 191, 201, saab
80, 38, 63, 129, 55, 7, 146, 46, 19, 130, 168, 314, 158, 83, 9, 20, 180, 185, saab
89, 43, 85, 160, 64, 11, 155, 43, 19, 151, 173, 356, 174, 72, 5, 9, 185, 196, van
87, 38, 85, 177, 61, 8, 164, 40, 20, 129, 186, 402, 130, 63, 1, 25, 198, 205, opel
81, 45, 68, 169, 73, 6, 151, 44, 19, 146, 173, 336, 186, 75, 7, 0, 183, 189, bus
96, 40, 70, 120, 50, 8, 137, 50, 18, 141, 162, 269, 139, 80, 10, 13, 183, 183, van
83, 42, 66, 156, 67, 7, 150, 45, 19, 144, 174, 333, 159, 78, 4, 2, 182, 188, bus
84, 45, 66, 154, 65, 6, 145, 46, 19, 144, 168, 312, 177, 73, 2, 3, 184, 188, bus
92, 38, 60, 130, 62, 5, 114, 58, 17, 132, 135, 194, 137, 72, 14, 5, 190, 194, van
80, 44, 68, 135, 59, 8, 150, 45, 19, 145, 170, 329, 173, 80, 7, 12, 180, 185, bus
89, 40, 77, 159, 65, 9, 144, 46, 19, 141, 168, 314, 143, 70, 0, 5, 190, 200, van
95, 47, 88, 162, 64, 11, 159, 43, 20, 157, 176, 371, 185, 71, 12, 13, 189, 198, van

