97, 45, 88, 173, 67, 10, 157, 43, 20, 157, 173, 365, 157, 67, 8, 12, 192, 200, van
100, 48, 95, 209, 68, 7, 199, 32, 23, 150, 216, 605, 200, 73, 7, 11, 192, 194, bus
94, 44, 84, 216, 74, 6, 184, 35, 22, 145, 208, 525, 154, 73, 4, 22, 196, 197, bus
89, 40, 79, 154, 64, 9, 144, 46, 19, 139, 168, 311, 149, 71, 8, 7, 188, 197, van
107, 52, 101, 218, 64, 11, 202, 33, 23, 164, 219, 610, 192, 65, 17, 2, 197, 206, opel
103, 54, 91, 179, 57, 11, 220, 31, 25, 170, 220, 707, 198, 72, 1, 32, 186, 198, opel
106, 54, 103, 161, 47, 4, 247, 27, 27, 166, 266, 892, 242, 85, 4, 11, 181, 183, bus
90, 36, 78, 179, 64, 8, 157, 42, 19, 126, 182, 367, 142, 66, 1, 20, 192, 198, opel
107, 55, 98, 199, 59, 7, 240, 27, 26, 168, 258, 866, 245, 80, 3, 1, 186, 184, bus
82, 44, 72, 136, 61, 7, 147, 46, 19, 143, 173, 317, 183, 81, 6, 17, 181, 185, bus
111, 54, 103, 171, 50, 11, 221, 30, 25, 172, 227, 727, 201, 69, 15, 6, 190, 198, opel
89, 36, 72, 141, 56, 7, 138, 48, 18, 126, 163, 286, 130, 72, 1, 1, 187, 192, opel
104, 57, 103, 216, 69, 11, 219, 30, 25, 176, 228, 708, 219, 73, 4, 3, 186, 196, opel
90, 48, 78, 134, 56, 11, 160, 43, 20, 167, 169, 366, 185, 76, 1, 14, 182, 192, van
96, 37, 74, 199, 74, 5, 165, 39, 20, 128, 188, 419, 136, 72, 1, 3, 196, 200, bus
85, 42, 59, 132, 58, 7, 149, 46, 19, 144, 166, 320, 172, 83, 8, 4, 179, 182, bus
85, 47, 75, 121, 53, 9, 157, 44, 20, 165, 168, 358, 176, 77, 1, 7, 182, 191, van
99, 48, 104, 196, 63, 10, 201, 33, 23, 152, 221, 604, 199, 73, 8, 4, 188, 197, saab
107, 57, 106, 179, 51, 8, 257, 26, 28, 172, 275, 954, 232, 83, 2, 20, 181, 184, bus
90, 38, 75, 164, 64, 7, 151, 43, 19, 131, 168, 345, 139, 66, 0, 0, 195, 204, bus
91, 40, 98, 192, 64, 9, 177, 38, 21, 135, 194, 465, 165, 66, 9, 35, 195, 205, saab
109, 51, 100, 197, 59, 10, 192, 34, 22, 161, 210, 553, 195, 64, 14, 3, 196, 202, opel
93, 45, 83, 142, 56, 10, 157, 43, 20, 155, 180, 364, 188, 75, 1, 21, 184, 197, van
89, 37, 51, 111, 54, 5, 120, 56, 17, 127, 138, 213, 147, 82, 7, 4, 181, 183, van
109, 54, 103, 205, 63, 11, 222, 30, 25, 175, 229, 720, 213, 71, 6, 14, 187, 200, saab
81, 47, 69, 146, 64, 6, 151, 44, 19, 147, 171, 340, 195, 75, 5, 0, 183, 188, bus
93, 42, 88, 188, 62, 10, 183, 36, 21, 141, 208, 504, 168, 70, 3, 12, 189, 197, opel
82, 37, 59, 134, 63, 7, 135, 51, 18, 128, 151, 264, 143, 82, 11, 24, 179, 185, saab
100, 57, 107, 207, 63, 11, 227, 30, 25, 180, 234, 756, 205, 72, 6, 19, 186, 198, opel
93, 44, 90, 166, 65, 10, 153, 44, 19, 156, 170, 348, 143, 66, 9, 17, 194, 203, van
98, 38, 70, 186, 68, 6, 164, 39, 20, 136, 189, 413, 129, 71, 3, 17, 200, 203, bus
101, 52, 105, 162, 53, 10, 212, 31, 24, 163, 226, 669, 204, 74, 12, 11, 186, 194, opel
80, 38, 64, 130, 59, 8, 134, 51, 18, 126, 152, 259, 135, 76, 1, 23, 179, 188, opel
84, 38, 83, 141, 54, 7, 149, 45, 19, 132, 177, 327, 149, 74, 6, 29, 185, 191, saab
85, 42, 70, 130, 56, 7, 150, 45, 19, 145, 177, 328, 172, 82, 10, 14, 181, 185, bus
92, 43, 70, 124, 52, 6, 139, 49, 18, 144, 164, 282, 172, 79, 4, 16, 183, 185, van
83, 45, 73, 161, 68, 8, 142, 46, 18, 144, 169, 305, 179, 71, 10, 3, 191, 199, van
100, 49, 80, 206, 70, 6, 183, 35, 21, 156, 206, 517, 198, 73, 3, 13, 198, 199, bus
104, 55, 100, 201, 66, 10, 214, 31, 24, 173, 224, 680, 221, 74, 1, 1, 185, 194, saab
104, 57, 103, 222, 72, 12, 221, 30, 25, 177, 223, 718, 218, 72, 11, 12, 186, 195, opel
94, 43, 82, 136, 54, 10, 155, 43, 19, 149, 176, 359, 161, 74, 1, 6, 186, 197, van
88, 36, 53, 113, 57, 3, 118, 57, 17, 128, 137, 204, 136, 88, 7, 14, 180, 183, van
91, 39, 72, 133, 55, 7, 146, 46, 19, 132, 170, 314, 149, 77, 9, 18, 184, 189, saab
115, 53, 100, 205, 64, 11, 220, 30, 25, 166, 229, 710, 214, 71, 21, 11, 189, 199, saab
101, 51, 112, 201, 59, 11, 214, 32, 24, 162, 223, 667, 194, 65, 0, 36, 190, 206, saab
93, 40, 73, 139, 58, 6, 136, 49, 18, 138, 166, 275, 137, 73, 0, 0, 187, 188, van
86, 40, 66, 139, 59, 7, 122, 54, 17, 139, 145, 225, 143, 63, 7, 11, 202, 208, van
91, 40, 83, 166, 60, 8, 160, 41, 20, 133, 189, 383, 155, 72, 5, 7, 186, 191, saab
86, 43, 69, 123, 54, 6, 150, 46, 19, 144, 174, 325, 177, 87, 3, 7, 180, 182, bus
88, 42, 66, 133, 57, 6, 123, 54, 17, 144, 147, 227, 160, 66, 8, 4, 193, 198, van
84, 37, 70, 150, 61, 7, 137, 49, 18, 140, 156, 278, 121, 64, 0, 23, 196, 205, van
85, 38, 72, 130, 53, 9, 134, 51, 18, 132, 145, 261, 123, 65, 1, 24, 188, 198, opel
83, 37, 49, 112, 55, 5, 122, 55, 17, 128, 144, 219, 146, 85, 8, 16, 180, 184, van
91, 52, 98, 196, 62, 9, 193, 34, 22, 161, 216, 562, 244, 69, 3, 1, 190, 199, opel
95, 46, 104, 208, 66, 9, 191, 35, 22, 148, 210, 543, 169, 68, 0, 28, 190, 200, saab
85, 38, 75, 132, 54, 7, 147, 46, 19, 131, 171, 318, 145, 75, 7, 25, 183, 188, saab
98, 55, 104, 213, 67, 9, 206, 32, 23, 167, 223, 629, 220, 72, 5, 19, 187, 196, saab
100, 47, 88, 190, 60, 10, 171, 38, 21, 155, 186, 440, 169, 59, 15, 18, 201, 210, saab
96, 50, 94, 215, 67, 9, 187, 35, 22, 158, 214, 525, 214, 67, 8, 6, 193, 201, saab
87, 41, 66, 140, 58, 6, 148, 46, 19, 136, 164, 318, 178, 79, 19, 2, 181, 185, saab
90, 47, 85, 161, 64, 10, 163, 42, 20, 160, 177, 389, 185, 73, 9, 0, 185, 195, van
105, 51, 80, 207, 71, 6, 195, 33, 22, 159, 214, 579, 188, 75, 6, 20, 194, 194, bus
85, 42, 66, 120, 53, 7, 149, 46, 19, 143, 169, 321, 160, 85, 10, 7, 180, 182, bus
86, 45, 71, 170, 70, 6, 146, 45, 19, 146, 172, 321, 189, 71, 10, 8, 187, 191, bus
100, 43, 92, 197, 62, 10, 180, 36, 21, 143, 200, 489, 153, 64, 6, 9, 195, 205, saab
106, 53, 98, 192, 58, 11, 217, 31, 24, 166, 228, 693, 191, 71, 11, 24, 188, 198, opel
80, 43, 68, 123, 53, 7, 150, 46, 19, 147, 169, 327, 176, 81, 7, 14, 179, 184, bus
88, 39, 70, 166, 66, 7, 148, 44, 19, 134, 167, 332, 143, 69, 5, 13, 193, 201, bus
91, 36, 83, 162, 61, 8, 142, 47, 19, 128, 163, 298, 137, 63, 0, 31, 193, 200, saab
111, 50, 103, 199, 60, 11, 211, 31, 24, 156, 223, 663, 188, 68, 9, 9, 190, 200, saab
85, 43, 66, 120, 54, 5, 148, 46, 19, 145, 168, 320, 174, 87, 8, 2, 179, 181, bus
89, 44, 80, 191, 66, 6, 162, 40, 20, 143, 189, 396, 180, 66, 13, 11, 194, 199, opel
104, 52, 101, 206, 62, 10, 198, 33, 23, 161, 207, 587, 204, 64, 2, 5, 195, 204, opel
83, 46, 68, 139, 59, 6, 150, 44, 19, 146, 172, 336, 183, 74, 5, 3, 185, 191, bus
83, 39, 69, 127, 54, 5, 135, 49, 18, 131, 155, 274, 162, 69, 16, 6, 187, 190, opel
93, 34, 66, 140, 56, 7, 130, 51, 18, 120, 151, 251, 114, 62, 5, 29, 201, 207, opel
93, 41, 82, 159, 63, 9, 144, 46, 19, 143, 160, 309, 127, 63, 6, 10, 199, 207, van
93, 44, 98, 197, 62, 11, 183, 36, 22, 146, 202, 505, 152, 64, 4, 14, 195, 204, saab
85, 45, 80, 154, 64, 9, 147, 45, 19, 148, 169, 324, 174, 71, 1, 4, 188, 199, van
90, 48, 86, 306, 126, 49, 153, 44, 19, 156, 272, 346, 200, 118, 0, 15, 185, 194, van
103, 50, 98, 212, 63, 9, 193, 34, 22, 161, 214, 567, 185, 64, 5, 5, 198, 204, opel
97, 50, 108, 211, 65, 10, 214, 31, 24, 156, 232, 683, 218, 72, 7, 29, 188, 197, opel
89, 42, 80, 151, 62, 6, 144, 46, 19, 139, 166, 308, 170, 74, 17, 13, 185, 189, saab
108, 53, 103, 202, 64, 10, 220, 30, 25, 168, 224, 711, 214, 73, 11, 10, 188, 199, saab
100, 45, 100, 209, 65, 8, 201, 32, 23, 147, 231, 611, 189, 72, 5, 5, 189, 195, opel

