93, 41, 82, 159, 63, 9, 144, 46, 19, 143, 160, 309, 127, 63, 6, 10, 199, 207, van
97, 43, 73, 173, 65, 6, 153, 42, 19, 143, 176, 361, 172, 66, 13, 1, 200, 204, bus
96, 55, 103, 201, 65, 9, 204, 32, 23, 166, 227, 624, 246, 74, 6, 2, 186, 194, opel
99, 53, 105, 219, 66, 11, 204, 32, 23, 165, 221, 623, 224, 68, 0, 6, 191, 201, saab
89, 47, 84, 133, 55, 11, 157, 44, 20, 160, 169, 354, 176, 74, 5, 9, 182, 192, van
85, 39, 68, 119, 52, 5, 128, 53, 18, 135, 148, 241, 142, 75, 8, 8, 182, 187, van
93, 45, 86, 201, 69, 7, 184, 35, 22, 145, 203, 523, 183, 72, 0, 4, 194, 197, bus
89, 41, 84, 141, 58, 9, 149, 45, 19, 145, 172, 330, 162, 72, 4, 18, 188, 200, van
98, 39, 68, 121, 49, 7, 134, 51, 18, 142, 164, 261, 134, 75, 4, 1, 186, 186, van
102, 54, 100, 163, 53, 10, 213, 31, 24, 173, 219, 669, 201, 76, 12, 27, 187, 195, opel
90, 37, 80, 171, 58, 9, 157, 42, 20, 132, 172, 373, 115, 60, 3, 18, 201, 209, saab
81, 42, 63, 125, 55, 8, 149, 46, 19, 145, 166, 320, 172, 86, 7, 7, 179, 182, bus
106, 49, 107, 194, 57, 11, 214, 31, 24, 161, 224, 670, 172, 67, 0, 39, 192, 206, opel
93, 35, 72, 172, 62, 7, 149, 44, 19, 124, 169, 334, 125, 62, 5, 30, 203, 210, opel
85, 36, 78, 149, 55, 7, 147, 45, 19, 128, 168, 321, 134, 64, 10, 24, 197, 203, opel
93, 42, 70, 131, 56, 7, 127, 53, 18, 145, 156, 240, 152, 74, 5, 4, 189, 190, van
98, 39, 81, 191, 64, 9, 166, 40, 20, 138, 184, 415, 131, 62, 8, 19, 197, 205, saab
93, 48, 84, 150, 63, 11, 156, 44, 20, 165, 171, 354, 188, 73, 8, 15, 185, 195, van
82, 44, 72, 136, 61, 7, 147, 46, 19, 143, 173, 317, 183, 81, 6, 17, 181, 185, bus
87, 47, 81, 149, 62, 9, 147, 45, 19, 152, 171, 325, 181, 72, 0, 6, 188, 198, van
86, 46, 70, 149, 65, 8, 149, 45, 19, 146, 170, 331, 185, 77, 6, 6, 183, 188, bus
90, 41, 71, 169, 68, 7, 150, 44, 19, 138, 175, 336, 157, 71, 3, 18, 192, 197, bus
88, 44, 85, 139, 56, 11, 157, 43, 20, 155, 176, 363, 175, 76, 5, 16, 184, 195, van
85, 33, 40, 115, 57, 3, 112, 61, 17, 119, 130, 184, 127, 86, 12, 21, 181, 183, saab
101, 55, 108, 228, 69, 12, 215, 31, 24, 168, 229, 684, 214, 71, 2, 16, 188, 199, saab
93, 41, 75, 124, 51, 7, 140, 49, 18, 141, 164, 284, 149, 77, 5, 15, 184, 185, van
94, 43, 68, 170, 67, 6, 142, 46, 18, 142, 164, 310, 177, 65, 10, 8, 198, 203, bus
80, 45, 71, 128, 56, 7, 151, 45, 19, 147, 171, 337, 176, 79, 3, 16, 181, 187, bus
87, 44, 70, 179, 75, 6, 146, 45, 19, 141, 167, 326, 178, 69, 6, 1, 194, 201, bus
88, 37, 57, 132, 62, 6, 135, 50, 18, 125, 151, 265, 144, 83, 16, 16, 180, 184, saab
98, 52, 86, 207, 69, 5, 192, 33, 22, 161, 212, 570, 221, 75, 4, 6, 194, 195, bus
86, 45, 73, 152, 63, 6, 149, 44, 19, 145, 170, 335, 176, 71, 6, 1, 189, 196, bus
113, 57, 109, 194, 56, 6, 260, 26, 28, 175, 288, 982, 261, 85, 11, 21, 182, 183, bus
86, 40, 75, 146, 62, 6, 140, 48, 18, 135, 158, 290, 162, 72, 3, 21, 183, 190, opel
101, 54, 106, 188, 57, 7, 236, 28, 26, 164, 256, 833, 253, 81, 6, 14, 185, 185, bus
100, 49, 96, 206, 63, 9, 186, 35, 22, 156, 202, 519, 176, 62, 3, 5, 197, 205, opel
108, 54, 105, 203, 62, 11, 202, 33, 23, 164, 216, 608, 235, 68, 12, 3, 190, 200, saab
109, 52, 95, 189, 58, 4, 227, 29, 25, 158, 262, 776, 217, 82, 0, 19, 187, 186, bus
80, 39, 60, 122, 56, 6, 139, 49, 18, 131, 151, 281, 142, 80, 0, 5, 179, 186, opel
90, 47, 85, 145, 58, 9, 152, 44, 19, 155, 175, 345, 184, 73, 4, 2, 186, 197, van
86, 45, 71, 155, 66, 7, 146, 45, 19, 144, 167, 322, 176, 72, 5, 6, 189, 196, bus
92, 43, 70, 124, 52, 6, 139, 49, 18, 144, 164, 282, 172, 79, 4, 16, 183, 185, van
82, 40, 73, 141, 57, 8, 153, 44, 19, 133, 173, 342, 153, 75, 11, 9, 181, 187, opel
90, 48, 78, 143, 60, 11, 161, 43, 20, 159, 172, 374, 186, 75, 2, 2, 184, 193, van
91, 39, 72, 133, 55, 7, 146, 46, 19, 132, 170, 314, 149, 77, 9, 18, 184, 189, saab
86, 43, 70, 126, 56, 6, 148, 46, 19, 145, 166, 317, 171, 86, 6, 9, 179, 182, bus
76, 38, 58, 125, 58, 5, 133, 51, 18, 127, 152, 259, 145, 87, 0, 21, 177, 184, opel
105, 52, 107, 207, 60, 11, 218, 31, 24, 167, 221, 701, 197, 66, 0, 20, 191, 203, opel
109, 49, 103, 186, 57, 11, 206, 32, 23, 156, 212, 630, 186, 65, 12, 21, 192, 201, opel
104, 49, 105, 209, 61, 11, 207, 32, 24, 157, 217, 637, 168, 64, 0, 19, 193, 207, saab
98, 44, 88, 176, 67, 10, 158, 43, 20, 149, 173, 367, 154, 66, 14, 9, 194, 202, van
86, 40, 66, 138, 59, 4, 137, 49, 18, 133, 162, 279, 151, 74, 6, 14, 186, 190, saab
101, 56, 101, 231, 72, 10, 217, 31, 24, 171, 232, 698, 216, 72, 2, 6, 187, 197, saab
94, 43, 69, 161, 59, 7, 152, 43, 19, 143, 175, 349, 187, 67, 12, 11, 193, 198, saab
108, 53, 104, 181, 56, 11, 220, 31, 25, 167, 226, 712, 214, 72, 15, 18, 189, 199, saab
85, 35, 64, 129, 57, 6, 116, 57, 17, 125, 138, 200, 123, 65, 1, 23, 196, 203, van
89, 43, 77, 147, 54, 8, 144, 46, 19, 146, 163, 308, 174, 64, 13, 5, 194, 201, saab
89, 50, 83, 195, 65, 6, 178, 37, 21, 156, 207, 481, 210, 71, 1, 6, 189, 194, opel
84, 37, 70, 150, 61, 7, 137, 49, 18, 140, 156, 278, 121, 64, 0, 23, 196, 205, van
85, 38, 72, 130, 53, 9, 134, 51, 18, 132, 145, 261, 123, 65, 1, 24, 188, 198, opel
103, 49, 107, 179, 54, 12, 208, 32, 24, 159, 214, 644, 183, 66, 1, 12, 191, 200, opel
96, 41, 69, 153, 56, 7, 141, 47, 18, 141, 162, 297, 169, 61, 11, 8, 202, 209, saab
91, 52, 98, 196, 62, 9, 193, 34, 22, 161, 216, 562, 244, 69, 3, 1, 190, 199, opel
97, 41, 92, 197, 63, 10, 179, 37, 21, 140, 197, 481, 136, 63, 4, 3, 197, 204, opel
110, 46, 100, 197, 61, 9, 193, 34, 22, 149, 209, 561, 160, 65, 11, 7, 194, 203, saab
95, 46, 76, 162, 66, 11, 162, 42, 20, 155, 175, 381, 172, 74, 8, 4, 184, 193, van
92, 37, 75, 184, 70, 6, 154, 42, 19, 131, 184, 363, 127, 71, 0, 4, 198, 202, bus
100, 54, 102, 206, 65, 10, 198, 33, 23, 164, 224, 587, 240, 72, 4, 11, 187, 196, saab
107, 53, 108, 211, 63, 11, 219, 31, 25, 168, 228, 704, 198, 69, 10, 21, 190, 203, saab
102, 48, 105, 214, 64, 10, 201, 33, 23, 152, 214, 600, 178, 64, 0, 25, 192, 204, saab
85, 45, 73, 167, 69, 8, 143, 46, 18, 148, 173, 307, 176, 71, 2, 0, 190, 199, van
96, 40, 78, 170, 58, 7, 174, 38, 21, 139, 197, 455, 160, 68, 3, 29, 191, 200, saab
88, 39, 70, 166, 66, 7, 148, 44, 19, 134, 167, 332, 143, 69, 5, 13, 193, 201, bus
91, 46, 101, 199, 65, 9, 196, 34, 23, 146, 219, 574, 199, 73, 5, 8, 186, 194, opel
91, 36, 83, 162, 61, 8, 142, 47, 19, 128, 163, 298, 137, 63, 0, 31, 193, 200, saab
92, 52, 93, 204, 67, 9, 189, 35, 22, 161, 214, 536, 240, 72, 2, 5, 188, 195, opel
88, 42, 64, 151, 62, 8, 130, 51, 18, 142, 150, 253, 161, 63, 3, 2, 203, 210, van
85, 43, 66, 120, 54, 5, 148, 46, 19, 145, 168, 320, 174, 87, 8, 2, 179, 181, bus
100, 51, 104, 163, 52, 10, 206, 32, 23, 164, 217, 631, 193, 69, 5, 21, 188, 196, opel
98, 46, 88, 191, 63, 6, 192, 34, 22, 147, 215, 563, 174, 73, 2, 26, 194, 197, bus
81, 43, 68, 148, 64, 7, 150, 45, 19, 144, 175, 330, 171, 80, 1, 2, 182, 185, bus
103, 51, 105, 174, 56, 11, 210, 32, 24, 163, 222, 650, 222, 73, 8, 9, 187, 196, saab
98, 38, 72, 192, 69, 5, 166, 38, 20, 131, 189, 427, 138, 70, 1, 3, 200, 202, bus
95, 43, 96, 202, 65, 10, 189, 35, 22, 143, 217, 534, 166, 71, 6, 27, 190, 197, opel
95, 49, 82, 139, 56, 11, 159, 43, 20, 162, 173, 365, 185, 75, 7, 10, 182, 191, van

