0.38, 0.49, 0.53, 0.19, 0.5, 0.0, 0.5, 0.22, CYT
0.41, 0.46, 0.59, 0.19, 0.5, 0.0, 0.58, 0.27, NUC
0.67, 0.62, 0.4, 0.43, 0.5, 0.83, 0.5, 0.22, MIT
0.46, 0.38, 0.47, 0.22, 0.5, 0.0, 0.52, 0.27, MIT
0.78, 0.75, 0.4, 0.28, 0.5, 0.0, 0.53, 0.22, MIT
0.64, 0.57, 0.57, 0.27, 0.5, 0.0, 0.37, 0.22, CYT
0.47, 0.32, 0.64, 0.3, 0.5, 0.0, 0.63, 0.22, NUC
0.44, 0.39, 0.53, 0.14, 0.5, 0.0, 0.54, 0.44, CYT
0.45, 0.43, 0.51, 0.24, 0.5, 0.0, 0.54, 0.33, CYT
0.31, 0.46, 0.54, 0.52, 0.5, 0.0, 0.5, 0.34, NUC
0.55, 0.42, 0.34, 0.3, 0.5, 0.0, 0.52, 0.22, ME3
0.35, 0.4, 0.59, 0.22, 0.5, 0.0, 0.47, 0.37, NUC
0.42, 0.32, 0.5, 0.21, 0.5, 0.0, 0.51, 0.22, NUC
0.6, 0.56, 0.47, 0.2, 0.5, 0.0, 0.5, 0.38, NUC
0.54, 0.42, 0.41, 0.16, 0.5, 0.0, 0.52, 0.22, ME2
0.52, 0.54, 0.5, 0.21, 0.5, 0.0, 0.48, 0.3, CYT
0.55, 0.46, 0.53, 0.11, 0.5, 0.0, 0.52, 0.48, CYT
0.58, 0.6, 0.43, 0.12, 0.5, 0.0, 0.55, 0.22, ME3
0.58, 0.53, 0.38, 0.18, 0.5, 0.0, 0.52, 0.22, ME3
0.46, 0.35, 0.33, 0.17, 0.5, 0.0, 0.55, 0.22, ME3
0.35, 0.56, 0.36, 0.3, 0.5, 0.0, 0.53, 0.25, ME3
0.44, 0.51, 0.37, 0.15, 0.5, 0.0, 0.51, 0.22, ME3
0.5, 0.5, 0.48, 0.17, 0.5, 0.0, 0.47, 0.26, CYT
0.32, 0.38, 0.52, 0.2, 0.5, 0.0, 0.52, 0.28, CYT
0.56, 0.54, 0.59, 0.14, 0.5, 0.0, 0.52, 0.27, NUC
0.59, 0.43, 0.52, 0.19, 0.5, 0.0, 0.55, 0.27, CYT
0.49, 0.42, 0.54, 0.17, 0.5, 0.0, 0.5, 0.36, CYT
0.57, 0.59, 0.5, 0.58, 0.5, 0.0, 0.53, 0.22, MIT
0.61, 0.57, 0.45, 0.21, 0.5, 0.0, 0.5, 0.42, NUC
0.44, 0.41, 0.58, 0.2, 0.5, 0.0, 0.57, 0.25, CYT
0.51, 0.43, 0.63, 0.18, 0.5, 0.0, 0.52, 0.22, CYT
0.55, 0.49, 0.5, 0.46, 0.5, 0.0, 0.52, 0.25, MIT
0.68, 0.5, 0.43, 0.27, 0.5, 0.0, 0.61, 0.22, ME2
0.27, 0.56, 0.56, 0.18, 0.5, 0.0, 0.52, 0.22, CYT
0.86, 0.92, 0.5, 0.37, 1.0, 0.0, 0.53, 0.32, ERL
0.43, 0.45, 0.54, 0.14, 0.5, 0.0, 0.5, 0.31, CYT
0.42, 0.51, 0.39, 0.22, 0.5, 0.0, 0.49, 0.26, ME3
0.52, 0.62, 0.54, 0.19, 0.5, 0.0, 0.5, 0.22, MIT
0.62, 0.64, 0.56, 0.2, 0.5, 0.0, 0.48, 0.33, NUC
0.39, 0.37, 0.33, 0.23, 0.5, 0.0, 0.53, 0.26, ME3
0.68, 0.58, 0.51, 0.19, 0.5, 0.83, 0.54, 0.22, POX
0.46, 0.57, 0.52, 0.28, 0.5, 0.0, 0.52, 0.22, NUC
0.53, 0.48, 0.45, 0.44, 0.5, 0.0, 0.49, 0.27, MIT
0.57, 0.44, 0.42, 0.2, 0.5, 0.0, 0.54, 0.22, CYT
0.66, 0.66, 0.32, 0.54, 0.5, 0.0, 0.51, 0.22, ME2
0.39, 0.3, 0.56, 0.12, 0.5, 0.0, 0.53, 0.38, NUC
0.51, 0.42, 0.56, 0.38, 0.5, 0.0, 0.46, 0.22, MIT
0.44, 0.44, 0.67, 0.35, 0.5, 0.0, 0.48, 0.26, MIT
0.6, 0.46, 0.59, 0.16, 0.5, 0.0, 0.49, 0.22, MIT
0.55, 0.59, 0.47, 0.64, 0.5, 0.0, 0.54, 0.33, MIT
0.32, 0.45, 0.44, 0.2, 0.5, 0.0, 0.55, 0.33, NUC
0.39, 0.35, 0.49, 0.17, 0.5, 0.0, 0.49, 0.22, NUC
0.44, 0.41, 0.29, 0.21, 0.5, 0.0, 0.49, 0.22, ME3
0.56, 0.63, 0.52, 0.2, 0.5, 0.0, 0.34, 0.26, NUC
0.36, 0.39, 0.55, 0.26, 0.5, 0.0, 0.49, 0.22, NUC
0.59, 0.58, 0.39, 0.52, 0.5, 0.0, 0.5, 0.31, CYT
0.78, 0.63, 0.53, 0.13, 0.5, 0.0, 0.54, 0.22, ME2
0.51, 0.34, 0.49, 0.16, 0.5, 0.0, 0.53, 0.21, NUC
0.64, 0.76, 0.51, 0.18, 0.5, 0.0, 0.46, 0.22, NUC
0.39, 0.42, 0.49, 0.1, 0.5, 0.0, 0.49, 0.65, NUC
0.5, 0.51, 0.57, 0.27, 0.5, 0.0, 0.48, 0.22, POX
0.6, 0.54, 0.54, 0.53, 0.5, 0.0, 0.52, 0.27, MIT
0.55, 0.59, 0.52, 0.1, 0.5, 0.0, 0.53, 0.22, CYT
0.46, 0.49, 0.45, 0.28, 0.5, 0.0, 0.55, 0.22, VAC
0.75, 0.6, 0.43, 0.35, 0.5, 0.0, 0.45, 0.27, MIT
0.56, 0.68, 0.52, 0.39, 0.5, 0.0, 0.36, 0.22, MIT
0.59, 0.45, 0.58, 0.21, 0.5, 0.0, 0.49, 0.22, MIT
0.59, 0.58, 0.47, 0.61, 0.5, 0.0, 0.44, 0.3, MIT
0.55, 0.63, 0.54, 0.16, 0.5, 0.0, 0.45, 0.27, CYT
0.42, 0.53, 0.57, 0.17, 0.5, 0.0, 0.49, 0.22, CYT
0.56, 0.59, 0.54, 0.18, 0.5, 0.0, 0.48, 0.46, NUC
0.53, 0.45, 0.53, 0.18, 0.5, 0.0, 0.42, 0.22, CYT
0.43, 0.46, 0.5, 0.21, 0.5, 0.0, 0.49, 0.34, CYT
0.52, 0.5, 0.51, 0.2, 0.5, 0.0, 0.51, 0.22, NUC
0.49, 0.49, 0.51, 0.29, 0.5, 0.0, 0.52, 0.71, NUC
0.32, 0.49, 0.53, 0.28, 0.5, 0.0, 0.5, 0.5, NUC
0.55, 0.45, 0.58, 0.25, 0.5, 0.0, 0.49, 0.22, NUC
0.55, 0.38, 0.64, 0.42, 0.5, 0.0, 0.47, 0.22, MIT
0.47, 0.45, 0.51, 0.33, 0.5, 0.0, 0.46, 0.26, NUC
0.5, 0.36, 0.64, 0.37, 0.5, 0.0, 0.37, 0.33, NUC
0.56, 0.49, 0.54, 0.15, 0.5, 0.0, 0.5, 0.35, NUC
0.57, 0.37, 0.43, 0.27, 0.5, 0.0, 0.53, 0.28, NUC
0.61, 0.48, 0.56, 0.19, 0.5, 0.0, 0.53, 0.31, CYT
0.36, 0.56, 0.52, 0.18, 0.5, 0.0, 0.45, 0.16, CYT
0.72, 0.37, 0.63, 0.38, 0.5, 0.0, 0.4, 0.14, CYT
0.58, 0.45, 0.55, 0.27, 0.5, 0.0, 0.48, 0.11, CYT
0.56, 0.35, 0.47, 0.41, 0.5, 0.0, 0.5, 0.22, CYT
0.48, 0.55, 0.48, 0.1, 0.5, 0.0, 0.55, 0.22, CYT
0.73, 0.6, 0.47, 0.2, 0.5, 0.0, 0.72, 0.22, CYT
0.46, 0.39, 0.54, 0.22, 0.5, 0.0, 0.48, 0.25, CYT
0.44, 0.71, 0.5, 0.21, 0.5, 0.0, 0.54, 0.27, CYT
0.65, 0.66, 0.37, 0.12, 0.5, 0.0, 0.52, 0.27, ME3
0.41, 0.4, 0.56, 0.17, 0.5, 0.0, 0.56, 0.22, CYT
0.54, 0.59, 0.57, 0.34, 0.5, 0.0, 0.49, 0.22, NUC
0.53, 0.49, 0.47, 0.21, 0.5, 0.0, 0.53, 0.22, CYT
0.47, 0.44, 0.53, 0.18, 0.5, 0.0, 0.47, 0.29, NUC
0.45, 0.65, 0.51, 0.17, 0.5, 0.0, 0.49, 0.22, NUC
0.38, 0.42, 0.31, 0.35, 0.5, 0.0, 0.52, 0.22, ME3
0.46, 0.48, 0.38, 0.22, 0.5, 0.0, 0.39, 0.45, ME3
0.19, 0.16, 0.68, 0.36, 0.5, 0.0, 0.49, 0.21, NUC
0.47, 0.32, 0.51, 0.24, 0.5, 0.0, 0.54, 0.27, NUC
0.55, 0.46, 0.47, 0.15, 0.5, 0.0, 0.47, 0.22, ME3
0.44, 0.39, 0.63, 0.11, 0.5, 0.0, 0.49, 0.26, NUC
0.83, 0.81, 0.45, 0.38, 0.5, 0.0, 0.4, 0.26, EXC
0.36, 0.37, 0.63, 0.25, 0.5, 0.0, 0.3, 0.22, CYT
0.74, 0.82, 0.46, 0.24, 0.5, 0.0, 0.48, 0.22, EXC
0.54, 0.48, 0.55, 0.33, 0.5, 0.0, 0.55, 0.4, CYT
0.33, 0.17, 0.52, 0.13, 0.5, 0.0, 0.51, 0.75, NUC
0.44, 0.55, 0.51, 0.16, 0.5, 0.0, 0.6, 0.22, CYT
0.79, 0.79, 0.42, 0.26, 0.5, 0.0, 0.6, 0.22, ME1
0.63, 0.54, 0.53, 0.27, 0.5, 0.0, 0.49, 0.22, CYT
0.5, 0.5, 0.48, 0.34, 0.5, 0.0, 0.52, 0.27, NUC
0.65, 0.58, 0.53, 0.21, 0.5, 0.0, 0.51, 0.22, VAC
0.57, 0.47, 0.48, 0.17, 0.5, 0.0, 0.52, 0.26, VAC
0.51, 0.39, 0.56, 0.55, 0.5, 0.0, 0.46, 0.64, MIT
0.69, 0.66, 0.36, 0.09, 0.5, 0.0, 0.56, 0.22, ME1
0.57, 0.53, 0.6, 0.28, 0.5, 0.0, 0.52, 0.45, NUC
0.53, 0.52, 0.49, 0.27, 0.5, 0.0, 0.51, 0.22, CYT
0.5, 0.47, 0.56, 0.31, 0.5, 0.0, 0.56, 0.26, CYT
0.59, 0.48, 0.49, 0.49, 0.5, 0.0, 0.36, 0.32, CYT
0.67, 0.61, 0.39, 0.24, 0.5, 0.0, 0.51, 0.22, ME3
0.5, 0.63, 0.45, 0.13, 0.5, 0.0, 0.45, 0.32, ME3
0.2, 0.6, 0.5, 0.29, 0.5, 0.0, 0.51, 0.22, ME3
0.92, 0.66, 0.52, 0.23, 0.5, 0.0, 0.53, 0.22, ME1
0.47, 0.38, 0.58, 0.19, 0.5, 0.0, 0.57, 0.22, CYT
0.86, 0.74, 0.51, 0.4, 0.5, 0.0, 0.55, 0.22, ME2
0.63, 0.57, 0.59, 0.4, 0.5, 0.0, 0.38, 0.22, MIT
0.41, 0.4, 0.59, 0.47, 0.5, 0.0, 0.48, 0.43, CYT
0.52, 0.56, 0.54, 0.53, 0.5, 0.0, 0.45, 0.22, MIT
0.37, 0.34, 0.58, 0.24, 0.5, 0.0, 0.44, 0.18, NUC
0.53, 0.42, 0.58, 0.29, 0.5, 0.0, 0.5, 0.22, MIT
0.5, 0.42, 0.57, 0.49, 0.5, 0.0, 0.48, 0.27, NUC
0.42, 0.28, 0.51, 0.23, 0.5, 0.0, 0.53, 0.27, NUC
0.51, 0.48, 0.46, 0.29, 0.5, 0.0, 0.54, 0.22, CYT
0.39, 0.44, 0.54, 0.24, 0.5, 0.0, 0.51, 0.49, NUC
0.66, 0.55, 0.54, 0.18, 0.5, 0.0, 0.43, 0.22, CYT
0.41, 0.49, 0.65, 0.28, 0.5, 0.0, 0.59, 0.57, CYT
0.85, 0.66, 0.49, 0.18, 0.5, 0.0, 0.51, 0.22, ME1
0.3, 0.33, 0.55, 0.12, 0.5, 0.0, 0.53, 0.38, CYT
0.4, 0.43, 0.36, 0.33, 0.5, 0.0, 0.51, 0.22, ME3
0.66, 0.65, 0.54, 0.4, 0.5, 0.0, 0.51, 0.22, EXC
0.49, 0.38, 0.49, 0.15, 0.5, 0.0, 0.53, 0.25, NUC
0.58, 0.61, 0.47, 0.13, 0.5, 0.0, 0.48, 0.22, MIT
0.64, 0.62, 0.49, 0.15, 0.5, 0.0, 0.53, 0.22, MIT
0.5, 0.54, 0.48, 0.65, 0.5, 0.0, 0.53, 0.22, MIT
0.42, 0.37, 0.59, 0.2, 0.5, 0.0, 0.52, 0.29, NUC
0.46, 0.53, 0.52, 0.15, 0.5, 0.0, 0.58, 0.22, CYT
0.51, 0.51, 0.43, 0.87, 0.5, 0.0, 0.52, 0.22, MIT
0.33, 0.55, 0.51, 0.43, 0.5, 0.0, 0.51, 0.22, NUC

