0.48, 0.39, 0.51, 0.21, 0.5, 0.0, 0.52, 0.28, CYT
0.64, 0.59, 0.56, 0.23, 0.5, 0.0, 0.46, 0.22, CYT
0.66, 0.62, 0.49, 0.1, 0.5, 0.0, 0.49, 0.22, CYT
0.53, 0.44, 0.51, 0.33, 0.5, 0.0, 0.55, 0.22, CYT
0.43, 0.35, 0.52, 0.52, 0.5, 0.0, 0.54, 0.22, MIT
0.48, 0.43, 0.51, 0.32, 0.5, 0.0, 0.52, 0.43, NUC
0.54, 0.52, 0.63, 0.37, 0.5, 0.0, 0.46, 0.22, MIT
0.44, 0.59, 0.36, 0.16, 0.5, 0.0, 0.52, 0.22, ME3
0.65, 0.65, 0.52, 0.16, 0.5, 0.0, 0.6, 0.22, CYT
0.53, 0.51, 0.55, 0.05, 0.5, 0.0, 0.45, 0.25, NUC
0.59, 0.48, 0.5, 0.14, 0.5, 0.0, 0.45, 0.25, CYT
0.36, 0.68, 0.46, 0.16, 0.5, 0.0, 0.53, 0.28, NUC
0.39, 0.4, 0.53, 0.67, 0.5, 0.0, 0.47, 0.22, CYT
0.37, 0.42, 0.51, 0.11, 0.5, 0.0, 0.57, 0.22, CYT
0.52, 0.51, 0.51, 0.54, 0.5, 0.0, 0.55, 0.27, MIT
0.72, 0.61, 0.37, 0.3, 0.5, 0.0, 0.57, 0.22, MIT
0.59, 0.58, 0.56, 0.21, 0.5, 0.0, 0.54, 0.33, NUC
0.36, 0.68, 0.38, 0.08, 0.5, 0.0, 0.53, 0.25, VAC
0.45, 0.56, 0.54, 0.32, 0.5, 0.0, 0.57, 0.22, CYT
0.59, 0.58, 0.46, 0.19, 0.5, 0.0, 0.56, 0.27, CYT
0.54, 0.57, 0.52, 0.19, 0.5, 0.0, 0.59, 0.67, NUC
0.45, 0.4, 0.56, 0.14, 0.5, 0.0, 0.54, 0.22, CYT
0.51, 0.58, 0.54, 0.29, 0.5, 0.0, 0.53, 0.22, CYT
0.35, 0.68, 0.57, 0.4, 0.5, 0.0, 0.53, 0.36, NUC
0.69, 0.48, 0.38, 0.15, 0.5, 0.0, 0.55, 0.22, ME2
0.56, 0.57, 0.63, 0.39, 1.0, 0.0, 0.59, 0.4, NUC
0.46, 0.45, 0.56, 0.16, 0.5, 0.0, 0.56, 0.22, CYT
0.33, 0.28, 0.31, 0.24, 0.5, 0.0, 0.53, 0.22, ME3
0.61, 0.54, 0.49, 0.19, 0.5, 0.0, 0.54, 0.47, CYT
0.5, 0.45, 0.49, 0.3, 0.5, 0.0, 0.47, 0.4, NUC
0.54, 0.51, 0.54, 0.52, 0.5, 0.0, 0.47, 0.25, MIT
0.5, 0.45, 0.48, 0.17, 0.5, 0.0, 0.5, 0.26, CYT
0.72, 0.58, 0.42, 0.28, 0.5, 0.0, 0.48, 0.22, MIT
0.62, 0.6, 0.47, 0.16, 0.5, 0.0, 0.53, 0.22, CYT
0.51, 0.47, 0.41, 0.44, 0.5, 0.0, 0.5, 0.22, ME3
0.47, 0.6, 0.35, 0.21, 0.5, 0.0, 0.52, 0.22, ME3
0.46, 0.42, 0.6, 0.21, 0.5, 0.0, 0.4, 0.22, EXC
0.79, 0.74, 0.49, 0.33, 0.5, 0.0, 0.48, 0.22, EXC
0.58, 0.46, 0.46, 0.34, 0.5, 0.0, 0.5, 0.43, NUC
0.5, 0.46, 0.64, 0.36, 0.5, 0.0, 0.49, 0.22, MIT
0.55, 0.5, 0.6, 0.31, 0.5, 0.0, 0.46, 0.27, MIT
0.58, 0.53, 0.57, 0.46, 0.5, 0.0, 0.51, 0.27, MIT
0.61, 0.59, 0.47, 0.49, 0.5, 0.0, 0.54, 0.22, MIT
0.57, 0.4, 0.48, 0.24, 0.5, 0.0, 0.55, 0.22, CYT
0.51, 0.65, 0.53, 0.19, 0.5, 0.0, 0.49, 0.22, EXC
0.42, 0.28, 0.57, 0.18, 0.5, 0.0, 0.42, 0.22, NUC
0.37, 0.41, 0.45, 0.14, 0.5, 0.0, 0.47, 0.22, CYT
0.53, 0.61, 0.51, 0.49, 0.5, 0.0, 0.54, 0.27, MIT
0.33, 0.46, 0.53, 0.29, 0.5, 0.0, 0.5, 0.55, NUC
0.39, 0.34, 0.68, 0.3, 0.5, 0.0, 0.5, 0.29, NUC
0.35, 0.5, 0.44, 0.27, 0.5, 0.0, 0.51, 0.22, CYT
0.44, 0.34, 0.61, 0.13, 0.5, 0.0, 0.49, 0.26, NUC
0.3, 0.55, 0.58, 0.16, 0.5, 0.0, 0.61, 0.28, NUC
0.88, 0.59, 0.54, 0.39, 0.5, 0.0, 0.41, 0.3, NUC
0.25, 0.36, 0.58, 0.3, 0.5, 0.0, 0.58, 0.31, NUC
0.68, 0.59, 0.44, 0.49, 0.5, 0.0, 0.4, 0.26, POX
0.52, 0.46, 0.51, 0.18, 0.5, 0.0, 0.5, 0.22, CYT
0.48, 0.45, 0.59, 0.35, 0.5, 0.0, 0.55, 0.3, MIT
0.74, 0.72, 0.5, 0.28, 0.5, 0.0, 0.49, 0.27, EXC
0.95, 0.71, 0.27, 0.39, 0.5, 0.0, 0.31, 0.22, ME2
0.39, 0.49, 0.3, 0.19, 0.5, 0.0, 0.52, 0.31, ME3
0.45, 0.47, 0.53, 0.15, 0.5, 0.0, 0.52, 0.27, CYT
0.33, 0.35, 0.56, 0.19, 0.5, 0.0, 0.5, 0.22, NUC
0.77, 0.57, 0.45, 0.17, 0.5, 0.0, 0.53, 0.22, CYT
0.32, 0.48, 0.49, 0.17, 0.5, 0.0, 0.47, 0.22, NUC
0.49, 0.45, 0.57, 0.24, 0.5, 0.0, 0.47, 0.38, NUC
0.59, 0.46, 0.48, 0.46, 0.5, 0.0, 0.49, 0.22, CYT
0.48, 0.5, 0.56, 0.11, 0.5, 0.0, 0.33, 0.22, CYT
0.6, 0.59, 0.47, 0.47, 0.5, 0.0, 0.53, 0.22, MIT
0.5, 0.62, 0.52, 0.3, 0.5, 0.0, 0.56, 0.22, MIT
0.57, 0.6, 0.54, 0.17, 0.5, 0.0, 0.52, 0.22, MIT
0.39, 0.16, 0.59, 0.08, 0.5, 0.0, 0.51, 0.27, NUC
0.58, 0.31, 0.6, 0.12, 0.5, 0.0, 0.47, 0.33, NUC
0.57, 0.55, 0.52, 0.16, 0.5, 0.0, 0.49, 0.39, NUC
0.42, 0.21, 0.59, 0.3, 0.5, 0.0, 0.47, 0.27, NUC
0.61, 0.38, 0.57, 0.36, 0.5, 0.0, 0.44, 0.21, CYT
0.4, 0.3, 0.57, 0.13, 0.5, 0.0, 0.46, 0.22, NUC
0.34, 0.47, 0.48, 0.32, 0.5, 0.0, 0.42, 0.22, NUC
0.59, 0.51, 0.48, 0.12, 0.5, 0.0, 0.54, 0.31, CYT
0.48, 0.46, 0.58, 0.16, 0.5, 0.0, 0.45, 0.22, CYT
0.47, 0.56, 0.46, 0.5, 0.5, 0.0, 0.51, 0.22, MIT
0.77, 0.86, 0.44, 0.27, 0.5, 0.0, 0.48, 0.22, ME1
0.54, 0.64, 0.4, 0.56, 0.5, 0.0, 0.51, 0.22, MIT
0.34, 0.46, 0.52, 0.19, 0.5, 0.0, 0.53, 0.26, CYT
0.46, 0.47, 0.44, 0.18, 1.0, 0.0, 0.46, 0.22, ME2
0.51, 0.51, 0.32, 0.27, 0.5, 0.0, 0.54, 0.22, ME3
0.47, 0.52, 0.54, 0.25, 0.5, 0.0, 0.54, 0.29, MIT
0.47, 0.37, 0.46, 0.28, 0.5, 0.0, 0.52, 0.99, NUC
0.42, 0.43, 0.67, 0.7, 0.5, 0.0, 0.42, 0.25, CYT
0.57, 0.51, 0.34, 0.13, 0.5, 0.0, 0.53, 0.27, MIT
0.46, 0.41, 0.45, 0.23, 0.5, 0.0, 0.48, 0.22, NUC
0.49, 0.48, 0.51, 0.21, 0.5, 0.0, 0.53, 0.22, NUC
0.49, 0.6, 0.42, 0.18, 0.5, 0.0, 0.58, 0.28, NUC
0.55, 0.47, 0.53, 0.2, 0.5, 0.0, 0.4, 0.22, NUC
0.56, 0.52, 0.46, 0.17, 0.5, 0.0, 0.49, 0.73, CYT
0.6, 0.46, 0.51, 0.1, 0.5, 0.0, 0.48, 0.31, CYT
0.55, 0.41, 0.67, 0.61, 0.5, 0.0, 0.49, 0.14, MIT
0.33, 0.37, 0.49, 0.22, 0.5, 0.0, 0.55, 0.22, CYT
0.39, 0.39, 0.65, 0.16, 0.5, 0.0, 0.45, 0.22, CYT
0.31, 0.51, 0.38, 0.18, 0.5, 0.0, 0.46, 0.31, ME3
0.49, 0.51, 0.52, 0.13, 0.5, 0.0, 0.51, 0.33, NUC
0.63, 0.43, 0.48, 0.11, 0.5, 0.0, 0.51, 0.22, CYT
0.55, 0.79, 0.45, 0.25, 0.5, 0.0, 0.51, 0.22, NUC
0.63, 0.58, 0.57, 0.1, 0.5, 0.0, 0.52, 0.33, NUC
0.8, 0.83, 0.43, 0.24, 0.5, 0.0, 0.54, 0.22, ME1
0.57, 0.29, 0.63, 0.22, 0.5, 0.0, 0.49, 0.27, NUC
0.49, 0.5, 0.42, 0.43, 0.5, 0.0, 0.5, 0.36, VAC
0.25, 0.26, 0.53, 0.17, 0.5, 0.0, 0.45, 0.22, CYT
0.4, 0.44, 0.5, 0.13, 0.5, 0.0, 0.52, 0.39, CYT
0.79, 0.56, 0.53, 0.19, 0.5, 0.0, 0.47, 0.35, CYT
0.34, 0.42, 0.48, 0.19, 0.5, 0.0, 0.46, 0.31, NUC
0.47, 0.59, 0.56, 0.09, 0.5, 0.0, 0.5, 0.22, CYT
0.5, 0.47, 0.45, 0.14, 0.5, 0.0, 0.53, 0.32, ME3
0.48, 0.58, 0.58, 0.12, 0.5, 0.0, 0.49, 0.22, VAC
0.65, 0.63, 0.47, 0.22, 0.5, 0.0, 0.52, 0.27, CYT
0.88, 0.75, 0.41, 0.36, 0.5, 0.0, 0.43, 0.22, ME2
0.47, 0.41, 0.46, 0.18, 0.5, 0.0, 0.53, 0.22, ME3
0.32, 0.3, 0.57, 0.38, 0.5, 0.0, 0.5, 0.25, NUC
0.29, 0.39, 0.46, 0.36, 0.5, 0.0, 0.51, 0.22, NUC
0.71, 0.51, 0.49, 0.23, 0.5, 0.0, 0.3, 0.32, ME2
0.35, 0.32, 0.31, 0.16, 0.5, 0.0, 0.56, 0.22, ME3
0.39, 0.56, 0.34, 0.18, 0.5, 0.0, 0.49, 0.22, ME3
0.75, 0.73, 0.35, 0.33, 0.5, 0.0, 0.49, 0.28, ME1
0.51, 0.46, 0.41, 0.36, 0.5, 0.0, 0.49, 0.22, ME3
0.6, 0.68, 0.3, 0.27, 0.5, 0.0, 0.55, 0.22, ME3
0.51, 0.59, 0.46, 0.13, 0.5, 0.0, 0.48, 0.22, MIT
0.34, 0.24, 0.51, 0.15, 0.5, 0.0, 0.54, 0.4, NUC
0.58, 0.67, 0.49, 0.16, 0.5, 0.0, 0.47, 0.28, MIT
0.85, 0.85, 0.3, 0.31, 0.5, 0.0, 0.55, 0.42, ME1
0.74, 0.75, 0.45, 0.44, 0.5, 0.0, 0.52, 0.22, POX
0.8, 0.88, 0.36, 0.39, 0.5, 0.0, 0.56, 0.33, ME1
0.58, 0.51, 0.49, 0.27, 0.5, 0.0, 0.57, 0.29, CYT
0.58, 0.5, 0.5, 0.12, 0.5, 0.0, 0.48, 0.25, NUC
0.41, 0.39, 0.44, 0.34, 0.5, 0.0, 0.48, 0.4, NUC
0.8, 0.46, 0.5, 0.15, 0.5, 0.0, 0.53, 0.22, CYT
0.54, 0.45, 0.62, 0.13, 0.5, 0.0, 0.52, 0.26, NUC
0.48, 0.43, 0.45, 0.17, 0.5, 0.0, 0.48, 0.37, ME3
0.5, 0.34, 0.62, 0.19, 0.5, 0.0, 0.57, 0.22, CYT
0.45, 0.53, 0.47, 0.43, 0.5, 0.0, 0.5, 0.27, MIT
0.6, 0.48, 0.46, 0.32, 0.5, 0.0, 0.4, 0.33, CYT
0.46, 0.53, 0.47, 0.37, 0.5, 0.0, 0.51, 0.36, NUC
0.34, 0.34, 0.65, 0.4, 0.5, 0.0, 0.32, 0.16, CYT
0.46, 0.61, 0.38, 0.35, 0.5, 0.0, 0.49, 0.22, ME3
0.56, 0.46, 0.51, 0.25, 0.5, 0.0, 0.54, 0.22, CYT
0.38, 0.67, 0.33, 0.17, 0.5, 0.0, 0.51, 0.22, ME3
0.35, 0.29, 0.46, 0.14, 0.5, 0.0, 0.54, 0.66, NUC
0.43, 0.53, 0.52, 0.13, 0.5, 0.0, 0.55, 0.22, CYT
0.51, 0.51, 0.52, 0.51, 0.5, 0.0, 0.54, 0.22, MIT

