86, 38, 89, 176, 59, 9, 169, 39, 20, 132, 190, 428, 148, 67, 7, 33, 193, 202, opel
84, 37, 70, 145, 62, 9, 136, 48, 18, 134, 159, 280, 140, 68, 11, 9, 194, 202, van
101, 52, 101, 197, 62, 9, 188, 35, 22, 162, 208, 527, 203, 67, 14, 15, 193, 202, saab
90, 41, 62, 147, 60, 6, 128, 52, 18, 141, 149, 246, 157, 61, 13, 4, 201, 208, van
82, 39, 86, 140, 54, 7, 153, 45, 19, 134, 174, 338, 139, 71, 11, 18, 183, 189, opel
102, 51, 108, 193, 57, 10, 212, 31, 24, 162, 219, 663, 184, 66, 7, 21, 191, 201, opel
101, 56, 100, 204, 62, 12, 227, 30, 25, 178, 231, 757, 204, 73, 0, 11, 186, 197, opel
103, 54, 107, 189, 56, 11, 223, 30, 25, 174, 225, 729, 200, 70, 0, 29, 187, 201, opel
76, 38, 58, 125, 58, 5, 133, 51, 18, 127, 152, 259, 145, 87, 0, 21, 177, 184, opel
89, 40, 89, 174, 58, 8, 177, 37, 21, 133, 202, 471, 155, 70, 7, 18, 189, 196, saab
92, 45, 76, 162, 57, 7, 159, 41, 20, 147, 184, 381, 177, 69, 8, 10, 190, 195, saab
97, 44, 95, 202, 66, 9, 188, 35, 22, 144, 216, 526, 175, 72, 15, 11, 190, 197, saab
92, 45, 74, 187, 74, 7, 157, 41, 19, 143, 179, 375, 183, 70, 8, 6, 195, 201, bus
93, 39, 86, 180, 59, 9, 167, 39, 20, 134, 186, 418, 129, 63, 6, 17, 197, 204, saab
113, 48, 98, 208, 62, 9, 203, 33, 23, 151, 216, 613, 183, 64, 17, 29, 193, 204, saab
84, 38, 66, 138, 62, 6, 126, 54, 18, 132, 144, 232, 139, 70, 4, 7, 185, 190, opel
85, 42, 66, 120, 53, 7, 149, 45, 19, 145, 173, 325, 163, 85, 5, 4, 180, 182, bus
104, 54, 101, 197, 64, 11, 213, 31, 24, 172, 218, 669, 222, 74, 14, 4, 187, 196, saab
104, 55, 105, 223, 70, 10, 223, 30, 25, 177, 237, 737, 218, 75, 14, 11, 188, 196, opel
98, 39, 68, 136, 56, 8, 131, 52, 18, 144, 159, 251, 134, 72, 4, 10, 186, 187, van
97, 55, 96, 170, 54, 10, 216, 31, 24, 173, 219, 685, 218, 75, 0, 4, 184, 193, opel
104, 53, 101, 190, 63, 10, 213, 32, 24, 166, 218, 664, 202, 74, 13, 21, 188, 198, saab
88, 44, 71, 165, 70, 7, 144, 46, 19, 141, 167, 312, 172, 71, 4, 4, 188, 193, bus
86, 44, 70, 140, 64, 6, 148, 45, 19, 145, 170, 322, 185, 82, 10, 1, 181, 183, bus
84, 42, 76, 156, 64, 7, 151, 44, 19, 143, 179, 339, 157, 75, 0, 20, 187, 193, bus
96, 50, 94, 215, 67, 9, 187, 35, 22, 158, 214, 525, 214, 67, 8, 6, 193, 201, saab
100, 43, 92, 197, 62, 10, 180, 36, 21, 143, 200, 489, 153, 64, 6, 9, 195, 205, saab
89, 38, 82, 156, 59, 8, 153, 43, 19, 129, 179, 351, 137, 70, 1, 1, 187, 192, saab
104, 53, 101, 199, 65, 11, 213, 31, 24, 168, 216, 667, 221, 72, 12, 12, 187, 198, saab
93, 46, 85, 169, 66, 9, 151, 44, 19, 147, 169, 339, 179, 67, 0, 4, 195, 204, van
86, 39, 58, 125, 55, 5, 117, 57, 17, 134, 140, 204, 148, 69, 7, 6, 190, 194, van
92, 52, 93, 204, 67, 9, 189, 35, 22, 161, 214, 536, 240, 72, 2, 5, 188, 195, opel
85, 43, 66, 120, 54, 5, 148, 46, 19, 145, 168, 320, 174, 87, 8, 2, 179, 181, bus
100, 51, 104, 163, 52, 10, 206, 32, 23, 164, 217, 631, 193, 69, 5, 21, 188, 196, opel
87, 41, 76, 165, 67, 7, 148, 45, 19, 140, 171, 327, 152, 72, 7, 13, 188, 195, bus
83, 40, 53, 114, 53, 6, 132, 53, 18, 140, 142, 247, 157, 86, 8, 7, 176, 183, van
111, 53, 108, 211, 61, 11, 207, 32, 23, 167, 217, 636, 216, 64, 21, 2, 196, 205, saab
83, 39, 69, 127, 54, 5, 135, 49, 18, 131, 155, 274, 162, 69, 16, 6, 187, 190, opel
105, 54, 105, 213, 67, 10, 200, 33, 23, 163, 214, 597, 214, 68, 10, 20, 190, 198, opel
89, 42, 66, 125, 53, 7, 131, 51, 18, 144, 162, 254, 162, 73, 10, 17, 188, 191, van
97, 37, 70, 173, 66, 7, 151, 43, 19, 129, 167, 346, 119, 65, 0, 16, 201, 208, bus
108, 49, 109, 204, 61, 11, 212, 31, 24, 159, 229, 665, 215, 71, 16, 11, 190, 199, saab
93, 34, 66, 140, 56, 7, 130, 51, 18, 120, 151, 251, 114, 62, 5, 29, 201, 207, opel
85, 36, 66, 123, 55, 5, 120, 56, 17, 128, 140, 212, 131, 73, 1, 18, 186, 190, van
102, 45, 85, 193, 64, 6, 192, 33, 22, 146, 217, 570, 163, 76, 6, 7, 195, 193, bus
119, 54, 106, 220, 65, 12, 213, 31, 24, 167, 223, 675, 232, 66, 20, 1, 192, 202, saab
85, 42, 66, 122, 54, 6, 148, 46, 19, 141, 172, 317, 174, 88, 6, 14, 180, 182, bus
91, 45, 79, 176, 59, 9, 163, 40, 20, 148, 184, 404, 179, 62, 0, 10, 199, 208, saab
78, 38, 63, 115, 51, 6, 142, 47, 19, 130, 162, 299, 146, 77, 2, 4, 181, 185, saab
89, 47, 84, 133, 55, 11, 157, 44, 20, 160, 169, 354, 176, 74, 5, 9, 182, 192, van
107, 53, 103, 221, 66, 11, 209, 32, 24, 163, 222, 653, 212, 66, 0, 1, 191, 201, opel
92, 39, 91, 191, 62, 8, 176, 37, 21, 137, 196, 466, 151, 67, 3, 23, 192, 200, opel
99, 51, 92, 203, 65, 5, 209, 31, 24, 159, 232, 671, 214, 78, 5, 11, 191, 189, bus
79, 40, 80, 133, 55, 7, 147, 47, 19, 135, 172, 311, 144, 76, 8, 30, 181, 193, opel
110, 58, 106, 180, 51, 6, 261, 26, 28, 171, 278, 998, 257, 83, 9, 13, 181, 182, bus
94, 42, 68, 150, 64, 7, 128, 52, 18, 143, 154, 246, 159, 69, 14, 5, 192, 196, van
94, 48, 83, 162, 64, 10, 156, 43, 19, 153, 177, 357, 187, 74, 4, 14, 185, 196, van
85, 45, 71, 150, 63, 8, 143, 46, 19, 147, 171, 307, 179, 72, 2, 3, 187, 196, van
89, 42, 70, 148, 62, 7, 147, 45, 19, 143, 176, 323, 153, 76, 2, 6, 186, 189, bus
100, 48, 95, 209, 68, 7, 199, 32, 23, 150, 216, 605, 200, 73, 7, 11, 192, 194, bus
94, 44, 84, 216, 74, 6, 184, 35, 22, 145, 208, 525, 154, 73, 4, 22, 196, 197, bus
108, 51, 103, 197, 60, 11, 211, 31, 24, 160, 222, 661, 187, 67, 7, 3, 190, 200, opel
94, 45, 81, 166, 67, 9, 145, 46, 19, 147, 164, 313, 179, 66, 11, 14, 194, 202, van
92, 37, 86, 167, 60, 7, 158, 42, 20, 131, 181, 373, 144, 68, 9, 21, 190, 196, saab
90, 41, 71, 169, 68, 7, 150, 44, 19, 138, 175, 336, 157, 71, 3, 18, 192, 197, bus
83, 44, 68, 144, 61, 8, 147, 45, 19, 143, 170, 325, 180, 74, 1, 1, 185, 191, bus
85, 39, 57, 126, 56, 6, 114, 58, 17, 135, 134, 195, 145, 64, 17, 7, 197, 202, van
94, 35, 66, 147, 62, 9, 131, 50, 18, 127, 159, 258, 115, 66, 8, 7, 196, 201, van
89, 36, 77, 172, 62, 8, 157, 42, 19, 125, 174, 367, 126, 63, 5, 22, 198, 205, opel
92, 43, 69, 158, 56, 7, 149, 44, 19, 143, 170, 333, 168, 63, 14, 18, 198, 203, opel
91, 43, 88, 157, 61, 9, 149, 45, 19, 157, 165, 326, 140, 64, 1, 26, 197, 207, van
83, 41, 70, 155, 65, 7, 144, 46, 19, 141, 168, 309, 147, 71, 4, 12, 188, 195, bus
88, 43, 84, 136, 55, 11, 154, 44, 19, 150, 174, 350, 164, 73, 6, 2, 185, 196, van
87, 42, 76, 159, 65, 5, 155, 42, 19, 138, 184, 362, 157, 76, 6, 12, 189, 193, bus
102, 51, 92, 194, 60, 6, 220, 30, 25, 162, 247, 731, 209, 80, 7, 7, 188, 186, bus
98, 44, 78, 160, 63, 8, 142, 47, 18, 148, 160, 300, 171, 63, 19, 2, 201, 207, van
99, 51, 88, 188, 62, 5, 203, 32, 23, 158, 222, 625, 219, 77, 8, 26, 191, 190, bus
117, 52, 110, 228, 65, 12, 212, 31, 24, 163, 228, 668, 220, 66, 21, 25, 194, 205, saab
95, 44, 84, 158, 62, 10, 145, 46, 19, 148, 163, 312, 166, 64, 10, 6, 199, 206, van
95, 47, 81, 176, 59, 7, 168, 39, 20, 152, 196, 425, 185, 67, 4, 4, 191, 198, saab
104, 51, 108, 193, 59, 11, 217, 31, 24, 163, 232, 694, 203, 72, 15, 22, 190, 201, saab
97, 37, 76, 169, 60, 8, 161, 41, 20, 131, 189, 391, 136, 72, 0, 0, 188, 192, opel
108, 57, 106, 177, 51, 5, 256, 26, 28, 170, 285, 966, 261, 87, 11, 2, 182, 181, bus
107, 53, 108, 213, 64, 12, 206, 32, 23, 163, 216, 627, 202, 65, 21, 22, 194, 205, saab

