0.82, 0.78, 0.49, 0.23, 0.5, 0.0, 0.46, 0.22, EXC
0.42, 0.57, 0.72, 0.22, 0.5, 0.0, 0.57, 0.22, MIT
0.27, 0.36, 0.6, 0.33, 0.5, 0.0, 0.37, 0.31, NUC
0.83, 0.58, 0.33, 0.04, 0.5, 0.0, 0.53, 0.22, ME2
0.35, 0.46, 0.49, 0.15, 1.0, 0.0, 0.55, 0.35, CYT
0.63, 0.62, 0.42, 0.12, 0.5, 0.0, 0.52, 0.25, CYT
0.71, 0.59, 0.53, 0.15, 0.5, 0.0, 0.49, 0.33, CYT
0.46, 0.35, 0.33, 0.17, 0.5, 0.0, 0.55, 0.22, ME3
0.37, 0.34, 0.32, 0.22, 0.5, 0.0, 0.56, 0.22, ME3
0.37, 0.43, 0.62, 0.27, 0.5, 0.0, 0.48, 0.22, NUC
0.55, 0.66, 0.57, 0.32, 0.5, 0.0, 0.57, 0.34, CYT
0.62, 0.58, 0.52, 0.15, 0.5, 0.0, 0.52, 0.29, CYT
0.6, 0.6, 0.49, 0.3, 0.5, 0.0, 0.53, 0.22, NUC
0.35, 0.68, 0.57, 0.4, 0.5, 0.0, 0.53, 0.36, NUC
0.7, 0.69, 0.43, 0.33, 0.5, 0.0, 0.58, 0.22, ME1
0.59, 0.65, 0.52, 0.3, 0.5, 0.0, 0.46, 0.31, CYT
0.56, 0.54, 0.59, 0.14, 0.5, 0.0, 0.52, 0.27, NUC
0.17, 0.38, 0.45, 0.09, 0.5, 0.0, 0.54, 0.27, NUC
0.4, 0.48, 0.5, 0.17, 0.5, 0.0, 0.54, 0.5, CYT
0.46, 0.57, 0.57, 0.15, 0.5, 0.0, 0.52, 0.26, NUC
0.44, 0.42, 0.62, 0.14, 0.5, 0.0, 0.55, 0.37, NUC
0.52, 0.5, 0.53, 0.1, 0.5, 0.0, 0.48, 0.22, POX
0.35, 0.49, 0.47, 0.22, 0.5, 0.0, 0.5, 0.28, MIT
0.47, 0.63, 0.66, 0.45, 0.5, 0.0, 0.37, 0.11, MIT
0.56, 0.45, 0.59, 0.14, 0.5, 0.0, 0.51, 0.26, NUC
0.81, 0.76, 0.32, 0.37, 0.5, 0.0, 0.51, 0.22, ME2
0.84, 0.63, 0.38, 0.23, 0.5, 0.0, 0.53, 0.22, EXC
0.43, 0.32, 0.56, 0.27, 0.5, 0.0, 0.47, 0.27, NUC
0.76, 0.74, 0.56, 0.34, 0.5, 0.0, 0.51, 0.3, ME2
0.52, 0.62, 0.54, 0.19, 0.5, 0.0, 0.5, 0.22, MIT
0.53, 0.51, 0.51, 0.11, 0.5, 0.0, 0.49, 0.41, NUC
0.62, 0.6, 0.47, 0.16, 0.5, 0.0, 0.53, 0.22, CYT
0.46, 0.57, 0.52, 0.28, 0.5, 0.0, 0.52, 0.22, NUC
0.53, 0.48, 0.45, 0.44, 0.5, 0.0, 0.49, 0.27, MIT
0.34, 0.54, 0.54, 0.13, 0.5, 0.0, 0.52, 0.22, CYT
0.6, 0.46, 0.59, 0.16, 0.5, 0.0, 0.49, 0.22, MIT
0.36, 0.38, 0.56, 0.44, 0.5, 0.0, 0.48, 0.22, MIT
0.38, 0.54, 0.54, 0.41, 0.5, 0.0, 0.51, 0.22, MIT
0.4, 0.74, 0.49, 0.16, 0.5, 0.0, 0.51, 0.22, MIT
0.49, 0.44, 0.45, 0.55, 0.5, 0.0, 0.48, 0.22, MIT
0.51, 0.56, 0.62, 0.24, 0.5, 0.0, 0.52, 0.51, NUC
0.41, 0.47, 0.58, 0.62, 0.5, 0.0, 0.5, 0.22, MIT
0.81, 0.79, 0.32, 0.37, 0.5, 0.0, 0.41, 0.22, ME1
0.47, 0.59, 0.37, 0.31, 0.5, 0.0, 0.51, 0.36, NUC
0.87, 0.47, 0.6, 0.47, 0.5, 0.0, 0.59, 0.22, NUC
0.78, 0.65, 0.4, 0.16, 0.5, 0.0, 0.63, 0.22, MIT
0.47, 0.43, 0.59, 0.27, 0.5, 0.0, 0.55, 0.22, POX
0.74, 0.89, 0.32, 0.24, 0.5, 0.0, 0.54, 0.32, ME1
0.4, 0.36, 0.55, 0.15, 0.5, 0.0, 0.53, 0.22, VAC
0.38, 0.45, 0.37, 0.19, 0.5, 0.0, 0.52, 0.3, ME3
0.47, 0.54, 0.53, 0.77, 0.5, 0.0, 0.52, 0.36, MIT
0.97, 0.71, 0.29, 0.42, 0.5, 0.0, 0.35, 0.22, ME2
0.44, 0.43, 0.34, 0.21, 0.5, 0.0, 0.55, 0.4, ME3
0.37, 0.51, 0.39, 0.18, 0.5, 0.0, 0.51, 0.27, ME3
0.52, 0.46, 0.56, 0.2, 0.5, 0.0, 0.5, 0.22, CYT
0.34, 0.35, 0.58, 0.2, 0.5, 0.0, 0.46, 0.32, NUC
0.37, 0.44, 0.51, 0.56, 0.5, 0.0, 0.5, 0.38, NUC
0.45, 0.27, 0.5, 0.33, 0.5, 0.0, 0.53, 0.26, CYT
0.29, 0.4, 0.41, 0.48, 0.5, 0.0, 0.53, 0.3, NUC
0.61, 0.55, 0.51, 0.26, 0.5, 0.0, 0.52, 0.22, CYT
0.64, 0.53, 0.59, 0.14, 0.5, 0.0, 0.53, 0.22, MIT
0.24, 0.41, 0.47, 0.16, 0.5, 0.0, 0.51, 0.38, NUC
0.45, 0.54, 0.49, 0.29, 0.5, 0.0, 0.49, 0.25, NUC
0.48, 0.47, 0.59, 0.41, 0.5, 0.0, 0.56, 0.27, NUC
0.39, 0.39, 0.59, 0.25, 0.5, 0.0, 0.45, 0.22, CYT
0.4, 0.45, 0.61, 0.29, 0.5, 0.0, 0.44, 0.22, CYT
0.35, 0.21, 1.0, 0.8, 0.5, 0.0, 0.13, 0.01, CYT
0.52, 0.43, 0.61, 0.22, 0.5, 0.0, 0.45, 0.22, CYT
0.37, 0.3, 0.62, 0.43, 0.5, 0.0, 0.44, 0.39, CYT
0.6, 0.57, 0.52, 0.14, 0.5, 0.0, 0.46, 0.48, NUC
0.39, 1.0, 0.38, 0.41, 0.5, 0.0, 0.5, 0.27, MIT
0.56, 0.65, 0.49, 0.56, 0.5, 0.0, 0.49, 0.22, MIT
0.34, 0.46, 0.52, 0.19, 0.5, 0.0, 0.53, 0.26, CYT
0.46, 0.38, 0.51, 0.2, 0.5, 0.0, 0.51, 0.22, CYT
0.55, 0.72, 0.35, 0.26, 0.5, 0.0, 0.49, 0.22, ME3
0.41, 0.4, 0.56, 0.17, 0.5, 0.0, 0.56, 0.22, CYT
0.42, 0.28, 0.33, 0.23, 0.5, 0.0, 0.39, 0.26, ME3
0.53, 0.49, 0.47, 0.21, 0.5, 0.0, 0.53, 0.22, CYT
0.42, 0.28, 0.49, 0.22, 0.5, 0.0, 0.55, 0.34, NUC
0.47, 0.5, 0.47, 0.22, 0.5, 0.0, 0.53, 0.45, NUC
0.55, 0.4, 0.62, 0.22, 0.5, 0.0, 0.37, 0.28, NUC
0.54, 0.6, 0.57, 0.17, 0.5, 0.0, 0.44, 0.22, NUC
0.25, 0.33, 0.48, 0.18, 0.5, 0.0, 0.42, 0.33, NUC
0.6, 0.46, 0.51, 0.1, 0.5, 0.0, 0.48, 0.31, CYT
0.58, 0.37, 0.58, 0.16, 0.5, 0.0, 0.51, 0.22, NUC
0.61, 0.54, 0.54, 0.38, 0.5, 0.0, 0.54, 0.29, MIT
0.31, 0.51, 0.38, 0.18, 0.5, 0.0, 0.46, 0.31, ME3
0.5, 0.45, 0.52, 0.18, 0.5, 0.0, 0.52, 0.22, CYT
0.38, 0.42, 0.5, 0.19, 0.5, 0.0, 0.44, 0.22, CYT
0.28, 0.27, 0.5, 0.14, 0.5, 0.0, 0.5, 0.28, CYT
0.44, 0.54, 0.51, 0.16, 0.5, 0.0, 0.58, 0.22, CYT
0.4, 0.56, 0.53, 0.15, 0.5, 0.0, 0.49, 0.22, CYT
0.49, 0.5, 0.42, 0.43, 0.5, 0.0, 0.5, 0.36, VAC
0.63, 0.54, 0.53, 0.27, 0.5, 0.0, 0.49, 0.22, CYT
0.62, 0.6, 0.54, 0.22, 0.5, 0.0, 0.54, 0.27, CYT
0.33, 0.46, 0.53, 0.12, 0.5, 0.0, 0.5, 0.27, CYT
0.5, 0.5, 0.48, 0.34, 0.5, 0.0, 0.52, 0.27, NUC
0.36, 0.52, 0.61, 0.33, 0.5, 0.0, 0.52, 0.37, NUC
0.46, 0.47, 0.62, 0.3, 0.5, 0.0, 0.38, 0.22, CYT
0.4, 0.28, 0.58, 0.44, 0.5, 0.0, 0.41, 0.22, CYT
0.64, 0.61, 0.56, 0.15, 0.5, 0.0, 0.54, 0.22, VAC
0.54, 0.44, 0.38, 0.22, 0.5, 0.0, 0.54, 0.3, ME3
0.25, 0.41, 0.47, 0.14, 0.5, 0.0, 0.56, 0.68, NUC
0.47, 0.61, 0.32, 0.27, 0.5, 0.0, 0.5, 0.3, ME3
0.67, 0.61, 0.39, 0.24, 0.5, 0.0, 0.51, 0.22, ME3
0.52, 0.65, 0.36, 0.26, 0.5, 0.0, 0.44, 0.22, ME3
0.33, 0.38, 0.47, 0.14, 0.5, 0.0, 0.51, 0.47, NUC
0.39, 0.33, 0.33, 0.23, 0.5, 0.0, 0.47, 0.22, ME3
0.5, 0.63, 0.45, 0.13, 0.5, 0.0, 0.45, 0.32, ME3
0.51, 0.46, 0.41, 0.36, 0.5, 0.0, 0.49, 0.22, ME3
0.58, 0.67, 0.49, 0.16, 0.5, 0.0, 0.47, 0.28, MIT
0.81, 0.62, 0.43, 0.17, 0.5, 0.0, 0.53, 0.22, ME2
0.47, 0.43, 0.61, 0.4, 0.5, 0.0, 0.48, 0.47, NUC
0.8, 0.88, 0.36, 0.39, 0.5, 0.0, 0.56, 0.33, ME1
0.51, 0.34, 0.5, 0.19, 0.5, 0.0, 0.5, 0.22, NUC
0.52, 0.56, 0.54, 0.53, 0.5, 0.0, 0.45, 0.22, MIT
0.48, 0.35, 0.42, 0.21, 0.5, 0.0, 0.57, 0.22, CYT
0.44, 0.34, 0.55, 0.18, 0.5, 0.0, 0.52, 0.22, CYT
0.31, 0.45, 0.5, 0.17, 0.5, 0.0, 0.49, 0.22, CYT
0.66, 0.62, 0.52, 0.17, 0.5, 0.0, 0.49, 0.22, CYT
0.5, 0.34, 0.62, 0.19, 0.5, 0.0, 0.57, 0.22, CYT
0.54, 0.52, 0.54, 0.2, 0.5, 0.0, 0.55, 0.25, NUC
0.36, 0.44, 0.51, 0.17, 0.5, 0.0, 0.6, 0.19, NUC
0.31, 0.42, 0.48, 0.17, 0.5, 0.0, 0.49, 0.53, NUC
0.42, 0.65, 0.58, 0.34, 0.5, 0.0, 0.5, 0.22, MIT
0.48, 0.48, 0.56, 0.18, 0.5, 0.0, 0.58, 0.22, CYT
0.38, 0.38, 0.54, 0.24, 0.5, 0.0, 0.54, 0.22, NUC
0.61, 0.53, 0.59, 0.17, 0.5, 0.0, 0.44, 0.28, CYT
0.85, 0.66, 0.49, 0.18, 0.5, 0.0, 0.51, 0.22, ME1
0.3, 0.33, 0.55, 0.12, 0.5, 0.0, 0.53, 0.38, CYT
0.58, 0.44, 0.57, 0.13, 0.5, 0.0, 0.54, 0.22, NUC
0.6, 0.4, 0.52, 0.46, 0.5, 0.0, 0.53, 0.22, MIT
0.43, 0.53, 0.52, 0.13, 0.5, 0.0, 0.55, 0.22, CYT
0.74, 0.67, 0.47, 0.34, 0.5, 0.0, 0.42, 0.22, EXC
0.41, 0.54, 0.39, 0.2, 0.5, 0.0, 0.51, 0.22, ME3
0.64, 0.56, 0.56, 0.22, 0.5, 0.0, 0.45, 0.22, CYT
0.81, 0.85, 0.47, 0.37, 0.5, 0.0, 0.56, 0.22, EXC
0.33, 0.43, 0.64, 0.16, 0.5, 0.0, 0.52, 0.52, NUC
0.3, 0.56, 0.55, 0.18, 0.5, 0.0, 0.5, 0.22, CYT
0.3, 0.32, 0.57, 0.19, 0.5, 0.0, 0.48, 0.55, NUC
0.45, 0.51, 0.5, 0.16, 0.5, 0.0, 0.52, 1.0, NUC
0.59, 0.67, 0.56, 0.41, 0.5, 0.0, 0.47, 0.22, MIT
0.4, 0.62, 0.52, 0.31, 0.5, 0.0, 0.49, 0.31, CYT
0.62, 0.51, 0.52, 0.42, 0.5, 0.0, 0.54, 0.27, NUC
0.42, 0.43, 0.56, 0.1, 0.5, 0.0, 0.49, 0.22, CYT
0.32, 0.57, 0.5, 0.15, 0.5, 0.0, 0.53, 0.22, CYT
0.49, 0.6, 0.43, 0.56, 0.5, 0.0, 0.36, 0.22, MIT
0.37, 0.58, 0.44, 0.51, 0.5, 0.0, 0.44, 0.22, MIT

