0.37, 0.53, 0.6, 0.19, 0.5, 0.5, 0.42, 0.22, POX
0.55, 0.42, 0.34, 0.3, 0.5, 0.0, 0.52, 0.22, ME3
0.47, 0.65, 0.54, 0.62, 0.5, 0.0, 0.53, 0.36, MIT
0.56, 0.52, 0.55, 0.19, 0.5, 0.0, 0.54, 0.22, CYT
0.77, 0.8, 0.51, 0.4, 1.0, 0.0, 0.54, 0.22, ERL
0.58, 0.6, 0.51, 0.24, 0.5, 0.0, 0.53, 0.22, CYT
0.54, 0.57, 0.52, 0.19, 0.5, 0.0, 0.59, 0.67, NUC
0.51, 0.58, 0.54, 0.29, 0.5, 0.0, 0.53, 0.22, CYT
0.44, 0.44, 0.49, 0.15, 0.5, 0.0, 0.46, 0.27, NUC
0.31, 0.31, 0.54, 0.18, 0.5, 0.0, 0.52, 0.29, NUC
0.64, 0.53, 0.45, 0.13, 0.5, 0.0, 0.53, 0.22, CYT
0.49, 0.31, 0.34, 0.13, 0.5, 0.0, 0.52, 0.22, ME3
0.44, 0.51, 0.48, 0.38, 0.5, 0.0, 0.52, 0.22, CYT
0.37, 0.34, 0.58, 0.24, 0.5, 0.0, 0.44, 0.18, NUC
0.53, 0.53, 0.53, 0.17, 0.5, 0.0, 0.49, 0.37, NUC
0.43, 0.39, 0.51, 0.28, 0.5, 0.0, 0.4, 0.22, NUC
0.51, 0.68, 0.49, 0.59, 0.5, 0.0, 0.54, 0.27, MIT
0.43, 0.45, 0.37, 0.12, 0.5, 0.0, 0.48, 0.22, ME3
0.4, 0.51, 0.42, 0.13, 0.5, 0.0, 0.45, 0.25, ME3
0.54, 0.51, 0.54, 0.52, 0.5, 0.0, 0.47, 0.25, MIT
0.42, 0.32, 0.48, 0.16, 0.5, 0.0, 0.55, 0.22, VAC
0.43, 0.38, 0.51, 0.24, 0.5, 0.0, 0.46, 0.33, NUC
0.48, 0.51, 0.57, 0.24, 0.5, 0.0, 0.5, 0.22, CYT
0.26, 0.38, 0.52, 0.36, 0.5, 0.0, 0.48, 0.56, NUC
0.4, 0.53, 0.61, 0.21, 0.5, 0.0, 0.48, 0.33, NUC
0.4, 0.47, 0.48, 0.18, 0.5, 0.0, 0.46, 0.22, CYT
0.46, 0.42, 0.6, 0.21, 0.5, 0.0, 0.4, 0.22, EXC
0.66, 0.52, 0.52, 0.44, 0.5, 0.0, 0.56, 0.27, MIT
0.5, 0.49, 0.59, 0.47, 0.5, 0.0, 0.49, 0.36, MIT
0.48, 0.47, 0.54, 0.55, 0.5, 0.0, 0.51, 0.65, MIT
0.45, 0.38, 0.64, 0.14, 0.5, 0.0, 0.54, 0.22, MIT
0.41, 0.52, 0.53, 0.41, 0.5, 0.0, 0.39, 0.33, MIT
0.64, 0.64, 0.56, 0.21, 0.5, 0.0, 0.5, 0.22, MIT
0.53, 0.52, 0.61, 0.35, 0.5, 0.0, 0.5, 0.22, MIT
0.55, 0.5, 0.6, 0.31, 0.5, 0.0, 0.46, 0.27, MIT
0.49, 0.46, 0.42, 0.46, 0.5, 0.0, 0.55, 0.22, NUC
0.46, 0.44, 0.53, 0.31, 0.5, 0.0, 0.48, 0.22, MIT
0.44, 0.41, 0.29, 0.21, 0.5, 0.0, 0.49, 0.22, ME3
0.56, 0.63, 0.52, 0.2, 0.5, 0.0, 0.34, 0.26, NUC
0.42, 0.28, 0.57, 0.18, 0.5, 0.0, 0.42, 0.22, NUC
0.51, 0.46, 0.54, 0.41, 0.5, 0.0, 0.53, 0.22, MIT
0.88, 0.59, 0.54, 0.39, 0.5, 0.0, 0.41, 0.3, NUC
0.83, 0.57, 0.42, 0.57, 0.5, 0.0, 0.5, 0.32, ME2
0.52, 0.64, 0.34, 0.16, 0.5, 0.0, 0.57, 0.22, MIT
0.49, 0.45, 0.53, 0.16, 0.5, 0.0, 0.49, 0.31, CYT
0.47, 0.49, 0.6, 0.15, 0.5, 0.0, 0.38, 0.22, CYT
0.48, 0.42, 0.48, 0.19, 0.5, 0.0, 0.58, 0.22, CYT
0.78, 0.69, 0.44, 0.26, 0.5, 0.0, 0.54, 0.22, ME1
0.33, 0.35, 0.56, 0.19, 0.5, 0.0, 0.5, 0.22, NUC
0.77, 0.57, 0.45, 0.17, 0.5, 0.0, 0.53, 0.22, CYT
0.53, 0.45, 0.53, 0.18, 0.5, 0.0, 0.42, 0.22, CYT
0.39, 0.16, 0.59, 0.08, 0.5, 0.0, 0.51, 0.27, NUC
0.33, 0.28, 0.5, 0.4, 0.5, 0.0, 0.46, 0.61, NUC
0.47, 0.45, 0.51, 0.33, 0.5, 0.0, 0.46, 0.26, NUC
0.34, 0.47, 0.48, 0.32, 0.5, 0.0, 0.42, 0.22, NUC
0.37, 0.45, 0.53, 0.14, 0.5, 0.0, 0.49, 0.22, NUC
0.57, 0.43, 0.52, 0.3, 0.5, 0.0, 0.37, 0.11, CYT
0.59, 0.51, 0.48, 0.12, 0.5, 0.0, 0.54, 0.31, CYT
0.44, 0.36, 0.64, 0.45, 0.5, 0.0, 0.53, 0.11, CYT
0.58, 0.45, 0.55, 0.27, 0.5, 0.0, 0.48, 0.11, CYT
0.56, 0.35, 0.47, 0.41, 0.5, 0.0, 0.5, 0.22, CYT
0.69, 0.54, 0.55, 0.23, 0.5, 0.0, 0.73, 0.22, CYT
0.78, 0.82, 0.56, 0.21, 0.5, 0.0, 0.69, 0.22, CYT
0.42, 0.5, 0.64, 0.13, 0.5, 0.0, 0.49, 0.22, CYT
0.41, 0.46, 0.58, 0.08, 0.5, 0.0, 0.51, 0.28, NUC
0.34, 0.25, 0.55, 0.28, 0.5, 0.0, 0.51, 0.49, CYT
0.77, 0.86, 0.44, 0.27, 0.5, 0.0, 0.48, 0.22, ME1
0.59, 0.54, 0.53, 0.14, 0.5, 0.0, 0.48, 0.22, CYT
0.39, 0.46, 0.33, 0.18, 0.5, 0.0, 0.53, 0.22, ME3
0.54, 0.64, 0.4, 0.56, 0.5, 0.0, 0.51, 0.22, MIT
0.56, 0.49, 0.32, 0.22, 0.5, 0.0, 0.5, 0.22, ME2
0.41, 0.49, 0.47, 0.09, 0.5, 0.0, 0.49, 0.22, CYT
0.39, 0.71, 0.38, 0.14, 0.5, 0.0, 0.5, 0.22, ME2
0.48, 0.51, 0.5, 0.24, 0.5, 0.0, 0.54, 0.38, CYT
0.49, 0.49, 0.52, 0.18, 0.5, 0.0, 0.51, 0.25, NUC
0.45, 0.41, 0.53, 0.49, 0.5, 0.0, 0.49, 0.31, NUC
0.48, 0.55, 0.58, 0.18, 0.5, 0.0, 0.38, 0.69, NUC
0.43, 0.47, 0.47, 0.18, 0.5, 0.0, 0.47, 0.22, CYT
0.52, 0.31, 0.56, 0.16, 0.5, 0.0, 0.55, 0.22, NUC
0.5, 0.52, 0.51, 0.22, 0.5, 0.0, 0.46, 0.37, CYT
0.51, 0.48, 0.51, 0.26, 0.5, 0.0, 0.51, 0.27, CYT
0.38, 0.42, 0.47, 0.12, 0.5, 0.0, 0.47, 0.53, NUC
0.25, 0.42, 0.21, 0.14, 0.5, 0.0, 0.41, 0.22, ME3
0.38, 0.51, 0.56, 0.21, 0.5, 0.0, 0.48, 0.31, NUC
0.36, 0.37, 0.63, 0.25, 0.5, 0.0, 0.3, 0.22, CYT
0.49, 0.55, 0.41, 0.19, 0.5, 0.0, 0.48, 0.31, ME3
0.45, 0.57, 0.52, 0.21, 0.5, 0.0, 0.54, 0.38, NUC
0.74, 0.82, 0.46, 0.24, 0.5, 0.0, 0.48, 0.22, EXC
0.41, 0.56, 0.53, 0.16, 0.5, 0.0, 0.55, 0.26, NUC
0.49, 0.48, 0.52, 0.24, 0.5, 0.0, 0.5, 0.22, CYT
0.57, 0.35, 0.5, 0.43, 0.5, 0.0, 0.53, 0.22, CYT
0.52, 0.45, 0.53, 0.34, 0.5, 0.0, 0.52, 0.44, CYT
0.55, 0.79, 0.45, 0.25, 0.5, 0.0, 0.51, 0.22, NUC
0.47, 0.38, 0.5, 0.15, 0.5, 0.0, 0.49, 0.47, NUC
0.55, 0.69, 0.51, 0.12, 0.5, 0.0, 0.51, 0.22, CYT
0.57, 0.29, 0.63, 0.22, 0.5, 0.0, 0.49, 0.27, NUC
0.48, 0.44, 0.51, 0.24, 0.5, 0.0, 0.49, 0.22, CYT
0.47, 0.46, 0.49, 0.27, 0.5, 0.0, 0.59, 0.22, CYT
0.5, 0.44, 0.57, 0.28, 0.5, 0.0, 0.57, 0.22, CYT
0.42, 0.46, 0.44, 0.17, 0.5, 0.0, 0.51, 0.42, CYT
0.34, 0.42, 0.48, 0.19, 0.5, 0.0, 0.46, 0.31, NUC
0.48, 0.58, 0.58, 0.12, 0.5, 0.0, 0.49, 0.22, VAC
0.65, 0.58, 0.53, 0.21, 0.5, 0.0, 0.51, 0.22, VAC
0.39, 0.63, 0.41, 0.27, 0.5, 0.0, 0.49, 0.22, ME3
0.71, 0.79, 0.41, 0.38, 0.5, 0.0, 0.54, 0.22, ME1
0.32, 0.3, 0.57, 0.38, 0.5, 0.0, 0.5, 0.25, NUC
0.46, 0.59, 0.38, 0.12, 0.5, 0.0, 0.5, 0.22, ME3
0.8, 0.82, 0.4, 0.31, 0.5, 0.0, 0.57, 0.25, ME1
0.59, 0.48, 0.49, 0.49, 0.5, 0.0, 0.36, 0.32, CYT
0.58, 0.63, 0.52, 0.7, 0.5, 0.0, 0.46, 0.22, MIT
0.32, 0.45, 0.39, 0.14, 0.5, 0.0, 0.45, 0.22, ME3
0.58, 0.44, 0.45, 0.32, 0.5, 0.0, 0.52, 0.37, NUC
0.63, 0.65, 0.42, 0.18, 0.5, 0.0, 0.54, 0.27, ME3
0.47, 0.4, 0.63, 0.19, 0.5, 0.0, 0.52, 0.32, NUC
0.61, 0.76, 0.3, 0.16, 0.5, 0.0, 0.45, 0.41, ME3
0.58, 0.51, 0.49, 0.27, 0.5, 0.0, 0.57, 0.29, CYT
0.41, 0.39, 0.44, 0.34, 0.5, 0.0, 0.48, 0.4, NUC
0.4, 0.34, 0.52, 0.17, 0.5, 0.0, 0.47, 0.51, NUC
0.37, 0.22, 0.64, 0.35, 0.5, 0.0, 0.47, 0.22, NUC
0.48, 0.43, 0.45, 0.17, 0.5, 0.0, 0.48, 0.37, ME3
0.83, 0.53, 0.52, 0.2, 0.5, 0.0, 0.48, 0.25, ME2
0.33, 0.37, 0.54, 0.28, 0.5, 0.0, 0.53, 0.27, NUC
0.45, 0.53, 0.47, 0.43, 0.5, 0.0, 0.5, 0.27, MIT
0.38, 0.62, 0.52, 0.14, 0.5, 0.0, 0.53, 0.22, CYT
0.39, 0.81, 0.35, 0.28, 0.5, 0.0, 0.51, 0.45, ME3
0.42, 0.28, 0.51, 0.23, 0.5, 0.0, 0.53, 0.27, NUC
0.49, 0.38, 0.49, 0.15, 0.5, 0.0, 0.53, 0.25, NUC
0.67, 0.57, 0.36, 0.19, 0.5, 0.0, 0.56, 0.22, ME2
0.51, 0.4, 0.56, 0.17, 0.5, 0.5, 0.49, 0.22, CYT
0.5, 0.54, 0.48, 0.65, 0.5, 0.0, 0.53, 0.22, MIT
0.45, 0.4, 0.5, 0.16, 0.5, 0.0, 0.5, 0.22, CYT
0.48, 0.39, 0.51, 0.21, 0.5, 0.0, 0.52, 0.28, CYT
0.45, 0.46, 0.55, 0.43, 0.5, 0.0, 0.55, 0.38, NUC
0.49, 0.42, 0.56, 0.55, 0.5, 0.0, 0.42, 0.25, MIT
0.5, 0.54, 0.53, 0.54, 0.5, 0.0, 0.51, 0.27, MIT
0.28, 0.58, 0.21, 0.13, 0.5, 0.0, 0.51, 0.22, ME3
0.8, 0.63, 0.45, 0.29, 0.5, 0.0, 0.51, 0.22, EXC
0.4, 0.45, 0.56, 0.2, 0.5, 0.0, 0.45, 0.22, CYT
0.45, 0.41, 0.5, 0.46, 0.5, 0.5, 0.5, 0.27, POX
0.47, 0.41, 0.66, 0.26, 0.5, 0.0, 0.53, 0.22, MIT
0.5, 0.64, 0.57, 0.15, 0.5, 0.0, 0.47, 0.22, CYT
0.39, 0.47, 0.56, 0.16, 0.5, 0.0, 0.47, 0.22, CYT
0.57, 0.51, 0.53, 0.18, 0.5, 0.0, 0.56, 0.25, NUC
0.75, 0.7, 0.38, 0.27, 0.5, 0.0, 0.49, 0.22, ME1
0.72, 0.62, 0.34, 0.29, 0.5, 0.0, 0.56, 0.28, MIT
0.49, 0.46, 0.45, 0.45, 0.5, 0.0, 0.52, 0.22, MIT
0.67, 0.68, 0.46, 0.29, 0.5, 0.0, 0.46, 0.22, MIT
0.57, 0.41, 0.59, 0.24, 0.5, 0.0, 0.4, 0.22, CYT

