86, 43, 69, 123, 54, 6, 150, 46, 19, 144, 174, 325, 177, 87, 3, 7, 180, 182, bus
84, 38, 66, 138, 62, 6, 126, 54, 18, 132, 144, 232, 139, 70, 4, 7, 185, 190, opel
85, 35, 64, 129, 57, 6, 116, 57, 17, 125, 138, 200, 123, 65, 1, 23, 196, 203, van
84, 38, 74, 138, 57, 8, 139, 49, 18, 127, 160, 282, 127, 72, 9, 20, 183, 191, opel
79, 43, 72, 141, 62, 8, 153, 44, 19, 144, 175, 344, 174, 78, 0, 8, 182, 188, bus
100, 51, 109, 231, 70, 11, 220, 30, 25, 163, 238, 722, 206, 73, 11, 19, 189, 198, opel
85, 38, 72, 130, 53, 9, 134, 51, 18, 132, 145, 261, 123, 65, 1, 24, 188, 198, opel
87, 42, 60, 116, 51, 6, 150, 46, 19, 141, 169, 324, 171, 85, 2, 14, 178, 182, bus
98, 39, 68, 136, 56, 8, 131, 52, 18, 144, 159, 251, 134, 72, 4, 10, 186, 187, van
97, 55, 96, 170, 54, 10, 216, 31, 24, 173, 219, 685, 218, 75, 0, 4, 184, 193, opel
102, 52, 101, 213, 64, 10, 203, 33, 23, 157, 214, 616, 186, 65, 0, 19, 193, 203, opel
84, 43, 76, 180, 75, 7, 155, 43, 19, 143, 180, 359, 173, 77, 5, 12, 185, 190, bus
87, 41, 66, 140, 58, 6, 148, 46, 19, 136, 164, 318, 178, 79, 19, 2, 181, 185, saab
85, 44, 66, 125, 58, 6, 148, 45, 19, 145, 170, 323, 185, 84, 8, 1, 180, 183, bus
85, 42, 66, 120, 53, 7, 149, 46, 19, 143, 169, 321, 160, 85, 10, 7, 180, 182, bus
92, 37, 75, 184, 70, 6, 154, 42, 19, 131, 184, 363, 127, 71, 0, 4, 198, 202, bus
106, 53, 98, 192, 58, 11, 217, 31, 24, 166, 228, 693, 191, 71, 11, 24, 188, 198, opel
110, 54, 102, 201, 64, 11, 213, 31, 24, 171, 222, 669, 221, 73, 17, 16, 188, 198, saab
82, 43, 70, 250, 105, 55, 139, 48, 18, 145, 231, 289, 172, 99, 4, 9, 190, 199, van
92, 35, 58, 136, 58, 6, 122, 55, 17, 132, 142, 222, 116, 64, 6, 17, 197, 203, van
103, 52, 103, 170, 52, 7, 236, 28, 26, 160, 254, 816, 250, 82, 3, 23, 183, 184, bus
109, 52, 104, 199, 60, 12, 215, 31, 24, 162, 220, 691, 212, 67, 11, 7, 189, 199, saab
107, 45, 92, 197, 62, 10, 188, 35, 22, 148, 202, 526, 159, 64, 12, 20, 195, 203, opel
84, 43, 70, 123, 54, 8, 151, 45, 19, 146, 173, 332, 176, 81, 1, 12, 181, 184, bus
91, 36, 83, 162, 61, 8, 142, 47, 19, 128, 163, 298, 137, 63, 0, 31, 193, 200, saab
96, 39, 64, 111, 48, 8, 134, 52, 18, 141, 160, 258, 139, 80, 7, 20, 183, 184, van
93, 37, 70, 126, 52, 9, 127, 53, 18, 137, 156, 238, 119, 71, 2, 13, 191, 190, van
84, 38, 60, 128, 56, 5, 132, 50, 18, 130, 148, 261, 141, 75, 8, 4, 185, 188, opel
97, 55, 103, 197, 63, 11, 215, 31, 24, 172, 219, 677, 219, 75, 5, 24, 185, 194, opel
95, 43, 96, 202, 65, 10, 189, 35, 22, 143, 217, 534, 166, 71, 6, 27, 190, 197, opel
87, 38, 71, 123, 53, 8, 137, 49, 18, 127, 158, 277, 145, 75, 0, 9, 181, 186, saab
100, 47, 70, 185, 70, 7, 162, 40, 20, 153, 179, 406, 172, 68, 9, 6, 200, 205, bus
91, 41, 84, 141, 57, 9, 149, 45, 19, 143, 170, 330, 158, 72, 9, 14, 189, 199, van
93, 44, 98, 197, 62, 11, 183, 36, 22, 146, 202, 505, 152, 64, 4, 14, 195, 204, saab
83, 36, 54, 119, 57, 6, 128, 53, 18, 125, 143, 238, 139, 82, 6, 3, 179, 183, saab
107, 54, 98, 203, 65, 11, 218, 31, 25, 167, 229, 696, 216, 72, 1, 28, 187, 199, saab
80, 38, 63, 129, 55, 7, 146, 46, 19, 130, 168, 314, 158, 83, 9, 20, 180, 185, saab
81, 45, 68, 169, 73, 6, 151, 44, 19, 146, 173, 336, 186, 75, 7, 0, 183, 189, bus
88, 37, 51, 105, 52, 5, 119, 57, 17, 128, 135, 207, 125, 86, 8, 16, 179, 183, van
94, 49, 87, 137, 54, 11, 158, 43, 20, 162, 178, 366, 186, 75, 5, 5, 183, 194, van
96, 40, 70, 120, 50, 8, 137, 50, 18, 141, 162, 269, 139, 80, 10, 13, 183, 183, van
86, 44, 78, 164, 68, 9, 142, 46, 18, 147, 168, 305, 171, 70, 1, 11, 190, 201, van
89, 44, 68, 113, 50, 7, 150, 45, 19, 147, 171, 328, 189, 88, 6, 5, 179, 182, bus
86, 37, 60, 115, 54, 5, 119, 56, 17, 132, 141, 209, 129, 72, 2, 8, 186, 190, van
80, 37, 57, 116, 55, 6, 125, 54, 18, 125, 142, 229, 132, 81, 8, 5, 178, 184, opel
84, 45, 66, 154, 65, 6, 145, 46, 19, 144, 168, 312, 177, 73, 2, 3, 184, 188, bus
89, 40, 77, 159, 65, 9, 144, 46, 19, 141, 168, 314, 143, 70, 0, 5, 190, 200, van
86, 48, 75, 136, 58, 10, 161, 43, 20, 163, 170, 371, 185, 75, 3, 1, 183, 192, van
88, 37, 63, 130, 58, 5, 125, 54, 18, 130, 141, 230, 145, 74, 14, 20, 184, 188, saab
91, 42, 80, 162, 66, 8, 148, 44, 19, 145, 171, 331, 147, 70, 3, 5, 189, 199, van
89, 40, 79, 154, 64, 9, 144, 46, 19, 139, 168, 311, 149, 71, 8, 7, 188, 197, van
91, 42, 66, 169, 66, 7, 145, 44, 19, 140, 169, 325, 159, 67, 4, 0, 201, 207, bus
85, 39, 57, 126, 56, 6, 114, 58, 17, 135, 134, 195, 145, 64, 17, 7, 197, 202, van
107, 54, 98, 210, 66, 11, 218, 31, 24, 169, 221, 704, 216, 71, 14, 0, 188, 197, saab
105, 54, 106, 215, 68, 10, 208, 32, 24, 166, 217, 640, 218, 69, 14, 23, 189, 199, saab
100, 52, 104, 189, 59, 10, 208, 32, 24, 163, 220, 642, 197, 70, 1, 22, 187, 198, saab
89, 36, 77, 172, 62, 8, 157, 42, 19, 125, 174, 367, 126, 63, 5, 22, 198, 205, opel
91, 39, 83, 176, 59, 7, 169, 39, 20, 132, 190, 426, 142, 67, 0, 24, 192, 199, saab
85, 34, 53, 127, 58, 6, 116, 58, 17, 121, 137, 197, 127, 70, 3, 20, 185, 189, saab
91, 36, 77, 157, 56, 7, 155, 42, 19, 126, 177, 361, 123, 65, 8, 15, 195, 201, saab
80, 45, 71, 128, 56, 7, 151, 45, 19, 147, 171, 337, 176, 79, 3, 16, 181, 187, bus
94, 37, 73, 186, 71, 7, 154, 42, 19, 127, 171, 362, 132, 67, 2, 8, 197, 206, bus
86, 46, 73, 125, 57, 6, 151, 45, 19, 147, 170, 334, 188, 82, 9, 11, 180, 184, bus
116, 53, 110, 231, 67, 12, 217, 31, 24, 165, 231, 692, 222, 67, 16, 28, 192, 206, saab
107, 52, 103, 186, 57, 11, 214, 31, 24, 162, 217, 676, 189, 66, 6, 5, 189, 198, opel
113, 57, 109, 194, 56, 6, 260, 26, 28, 175, 288, 982, 261, 85, 11, 21, 182, 183, bus
107, 57, 102, 184, 55, 7, 234, 28, 26, 171, 243, 822, 229, 77, 7, 11, 187, 187, bus
88, 44, 77, 167, 59, 6, 151, 44, 19, 145, 175, 343, 177, 64, 9, 12, 202, 208, opel
91, 45, 76, 171, 69, 7, 150, 44, 19, 144, 170, 340, 179, 69, 12, 1, 195, 201, bus
108, 54, 105, 203, 62, 11, 202, 33, 23, 164, 216, 608, 235, 68, 12, 3, 190, 200, saab
104, 51, 108, 193, 59, 11, 217, 31, 24, 163, 232, 694, 203, 72, 15, 22, 190, 201, saab
106, 54, 100, 227, 67, 4, 250, 27, 27, 162, 280, 923, 262, 88, 5, 11, 182, 182, bus
96, 39, 77, 160, 62, 8, 140, 47, 18, 150, 161, 294, 124, 62, 15, 3, 201, 208, van
89, 36, 69, 142, 57, 7, 135, 50, 18, 126, 154, 266, 128, 66, 3, 36, 193, 203, opel
106, 53, 98, 203, 63, 11, 220, 30, 25, 167, 228, 710, 214, 71, 10, 24, 188, 197, opel
84, 40, 71, 131, 55, 7, 150, 45, 19, 134, 167, 330, 165, 80, 12, 1, 180, 186, opel
91, 36, 60, 126, 56, 6, 119, 56, 17, 130, 139, 211, 118, 67, 6, 14, 192, 198, van
92, 43, 70, 124, 52, 6, 139, 49, 18, 144, 164, 282, 172, 79, 4, 16, 183, 185, van
97, 47, 81, 183, 64, 8, 168, 39, 20, 150, 193, 426, 182, 70, 11, 2, 192, 198, opel
97, 55, 104, 219, 71, 9, 211, 32, 24, 171, 222, 658, 223, 74, 1, 24, 186, 196, saab
104, 57, 103, 222, 72, 12, 221, 30, 25, 177, 223, 718, 218, 72, 11, 12, 186, 195, opel
88, 38, 77, 156, 56, 7, 163, 41, 20, 129, 184, 395, 140, 67, 1, 9, 192, 198, opel
101, 49, 103, 212, 67, 10, 201, 33, 23, 156, 215, 601, 174, 69, 4, 11, 189, 196, opel
96, 37, 74, 187, 68, 8, 159, 42, 20, 134, 183, 378, 134, 69, 3, 16, 190, 197, saab
107, 51, 103, 182, 56, 11, 213, 31, 24, 162, 226, 673, 217, 72, 2, 4, 188, 198, saab

