86, 45, 66, 126, 57, 8, 148, 46, 19, 145, 170, 321, 186, 86, 0, 7, 179, 182, bus
108, 56, 102, 246, 75, 6, 239, 28, 26, 167, 264, 855, 228, 82, 9, 13, 186, 185, bus
92, 46, 82, 170, 58, 8, 165, 40, 20, 149, 181, 409, 164, 61, 8, 11, 200, 208, opel
85, 42, 66, 120, 53, 7, 149, 45, 19, 145, 173, 325, 163, 85, 5, 4, 180, 182, bus
104, 54, 101, 197, 64, 11, 213, 31, 24, 172, 218, 669, 222, 74, 14, 4, 187, 196, saab
84, 36, 75, 136, 55, 6, 140, 48, 18, 125, 166, 290, 138, 71, 4, 36, 189, 195, saab
88, 44, 71, 165, 70, 7, 144, 46, 19, 141, 167, 312, 172, 71, 4, 4, 188, 193, bus
97, 41, 62, 133, 56, 7, 130, 52, 18, 143, 158, 247, 157, 78, 5, 7, 184, 186, van
90, 38, 79, 185, 69, 6, 160, 40, 20, 130, 178, 393, 133, 66, 2, 14, 198, 205, bus
97, 37, 78, 181, 62, 8, 161, 41, 20, 131, 182, 389, 117, 62, 2, 28, 203, 211, opel
90, 43, 72, 157, 64, 8, 136, 49, 18, 145, 158, 279, 167, 64, 4, 6, 201, 209, van
110, 53, 104, 223, 66, 10, 211, 32, 24, 164, 223, 659, 210, 67, 5, 16, 190, 203, saab
91, 35, 66, 159, 59, 7, 147, 45, 19, 131, 169, 322, 123, 64, 1, 1, 197, 203, opel
100, 58, 109, 230, 70, 11, 226, 30, 25, 182, 234, 752, 207, 72, 0, 13, 187, 198, opel
89, 41, 76, 183, 73, 7, 157, 42, 19, 136, 181, 373, 153, 74, 8, 12, 191, 195, bus
86, 45, 71, 170, 70, 6, 146, 45, 19, 146, 172, 321, 189, 71, 10, 8, 187, 191, bus
92, 41, 66, 125, 52, 7, 139, 50, 18, 143, 160, 275, 161, 81, 7, 19, 182, 184, van
99, 52, 104, 177, 55, 10, 210, 32, 24, 166, 219, 657, 215, 73, 3, 2, 187, 194, opel
94, 45, 85, 160, 63, 10, 158, 43, 20, 157, 174, 367, 162, 68, 1, 6, 189, 199, van
103, 48, 96, 232, 71, 10, 205, 32, 23, 153, 226, 633, 197, 71, 2, 15, 188, 196, opel
100, 50, 98, 204, 63, 6, 218, 30, 24, 156, 232, 719, 213, 77, 8, 7, 189, 189, bus
87, 39, 74, 165, 66, 6, 145, 45, 19, 134, 173, 318, 139, 70, 3, 21, 195, 200, bus
93, 51, 90, 209, 69, 8, 183, 36, 22, 156, 211, 506, 230, 70, 6, 1, 189, 196, saab
91, 43, 72, 142, 56, 7, 149, 45, 19, 140, 168, 327, 165, 72, 13, 23, 186, 191, saab
94, 37, 72, 146, 60, 9, 133, 50, 18, 135, 161, 262, 128, 69, 2, 7, 192, 195, van
111, 50, 103, 199, 60, 11, 211, 31, 24, 156, 223, 663, 188, 68, 9, 9, 190, 200, saab
115, 52, 100, 203, 62, 10, 217, 31, 24, 165, 229, 697, 214, 72, 14, 4, 188, 197, saab
92, 39, 76, 180, 71, 6, 152, 43, 19, 131, 179, 350, 143, 72, 6, 14, 195, 200, bus
104, 52, 101, 206, 62, 10, 198, 33, 23, 161, 207, 587, 204, 64, 2, 5, 195, 204, opel
90, 44, 72, 157, 64, 8, 137, 48, 18, 144, 159, 283, 171, 65, 9, 4, 196, 203, van
106, 54, 101, 222, 67, 12, 222, 30, 25, 173, 228, 721, 200, 70, 3, 4, 187, 201, saab
85, 36, 66, 123, 55, 5, 120, 56, 17, 128, 140, 212, 131, 73, 1, 18, 186, 190, van
104, 50, 106, 209, 66, 10, 207, 32, 23, 158, 223, 635, 220, 73, 14, 9, 188, 196, saab
89, 36, 51, 109, 52, 6, 118, 57, 17, 129, 137, 206, 125, 80, 2, 14, 181, 185, van
100, 46, 90, 172, 67, 9, 157, 43, 20, 150, 170, 363, 184, 67, 17, 7, 192, 200, van
103, 50, 98, 212, 63, 9, 193, 34, 22, 161, 214, 567, 185, 64, 5, 5, 198, 204, opel
97, 59, 108, 227, 70, 11, 224, 30, 25, 186, 225, 732, 218, 70, 10, 25, 186, 198, opel
79, 40, 80, 133, 55, 7, 147, 47, 19, 135, 172, 311, 144, 76, 8, 30, 181, 193, opel
89, 41, 84, 141, 58, 9, 149, 45, 19, 145, 172, 330, 162, 72, 4, 18, 188, 200, van
91, 42, 84, 209, 75, 6, 171, 38, 20, 138, 189, 446, 161, 69, 3, 12, 196, 201, bus
108, 53, 103, 202, 64, 10, 220, 30, 25, 168, 224, 711, 214, 73, 11, 10, 188, 199, saab
100, 45, 100, 209, 65, 8, 201, 32, 23, 147, 231, 611, 189, 72, 5, 5, 189, 195, opel
93, 36, 64, 165, 69, 8, 136, 49, 18, 136, 161, 279, 127, 67, 2, 29, 193, 204, van
93, 35, 72, 172, 62, 7, 149, 44, 19, 124, 169, 334, 125, 62, 5, 30, 203, 210, opel
87, 39, 74, 152, 58, 6, 151, 44, 19, 136, 174, 337, 140, 70, 1, 33, 187, 196, saab
91, 42, 81, 193, 69, 5, 169, 38, 20, 137, 184, 434, 156, 68, 3, 23, 198, 204, bus
93, 43, 76, 149, 57, 7, 149, 44, 19, 143, 172, 335, 176, 69, 14, 0, 189, 194, saab
82, 44, 72, 136, 61, 7, 147, 46, 19, 143, 173, 317, 183, 81, 6, 17, 181, 185, bus
111, 54, 103, 171, 50, 11, 221, 30, 25, 172, 227, 727, 201, 69, 15, 6, 190, 198, opel
104, 49, 89, 168, 54, 4, 212, 31, 24, 153, 238, 682, 198, 78, 1, 23, 190, 189, bus
86, 41, 64, 148, 61, 5, 150, 45, 19, 138, 165, 333, 173, 80, 5, 8, 182, 185, saab
103, 55, 103, 211, 65, 11, 212, 31, 24, 165, 229, 673, 249, 72, 5, 16, 188, 196, opel
109, 54, 109, 225, 68, 11, 214, 31, 24, 169, 226, 675, 212, 68, 11, 32, 189, 202, saab
82, 43, 73, 154, 65, 7, 151, 44, 19, 143, 178, 341, 160, 76, 5, 11, 185, 189, bus
96, 47, 103, 215, 69, 10, 200, 33, 23, 147, 220, 598, 200, 73, 6, 6, 187, 194, opel
88, 37, 57, 132, 62, 6, 135, 50, 18, 125, 151, 265, 144, 83, 16, 16, 180, 184, saab
106, 53, 98, 193, 60, 10, 215, 31, 24, 169, 224, 681, 218, 73, 8, 21, 188, 197, saab
86, 45, 73, 152, 63, 6, 149, 44, 19, 145, 170, 335, 176, 71, 6, 1, 189, 196, bus
109, 48, 107, 215, 62, 10, 205, 32, 23, 158, 222, 624, 168, 65, 9, 32, 195, 206, opel
95, 45, 105, 208, 64, 10, 187, 36, 22, 150, 202, 520, 158, 64, 7, 32, 198, 211, saab
104, 52, 96, 188, 59, 9, 188, 35, 22, 161, 206, 530, 205, 67, 11, 8, 193, 200, opel
117, 52, 110, 228, 65, 12, 212, 31, 24, 163, 228, 668, 220, 66, 21, 25, 194, 205, saab
81, 47, 69, 146, 64, 6, 151, 44, 19, 147, 171, 340, 195, 75, 5, 0, 183, 188, bus
81, 46, 71, 141, 61, 7, 153, 44, 19, 148, 177, 347, 190, 80, 1, 14, 182, 187, bus
94, 49, 87, 159, 64, 10, 157, 43, 20, 158, 179, 363, 203, 75, 4, 0, 183, 194, van
90, 47, 85, 145, 58, 9, 152, 44, 19, 155, 175, 345, 184, 73, 4, 2, 186, 197, van
87, 42, 64, 150, 64, 10, 133, 50, 18, 141, 157, 265, 159, 67, 7, 0, 193, 201, van
85, 45, 82, 133, 56, 11, 159, 43, 20, 156, 170, 362, 173, 76, 10, 21, 183, 193, van
101, 53, 108, 184, 54, 12, 216, 31, 24, 172, 220, 685, 187, 68, 4, 24, 190, 201, opel
98, 48, 101, 195, 61, 11, 207, 31, 23, 152, 227, 650, 193, 71, 5, 7, 189, 196, opel
98, 47, 109, 202, 59, 11, 199, 34, 23, 154, 207, 586, 165, 61, 1, 33, 194, 208, saab
89, 46, 74, 135, 59, 9, 157, 44, 20, 158, 170, 356, 177, 79, 12, 3, 184, 191, van
95, 57, 104, 228, 74, 10, 212, 31, 24, 175, 224, 670, 223, 74, 0, 4, 186, 193, opel
91, 46, 75, 185, 75, 7, 154, 42, 19, 147, 178, 362, 192, 72, 8, 8, 192, 199, bus
82, 43, 71, 154, 68, 7, 150, 45, 19, 143, 171, 330, 173, 78, 7, 11, 181, 186, bus
82, 40, 73, 141, 57, 8, 153, 44, 19, 133, 173, 342, 153, 75, 11, 9, 181, 187, opel
108, 54, 109, 189, 57, 11, 220, 31, 25, 174, 229, 709, 214, 70, 12, 23, 189, 201, saab
88, 36, 53, 113, 57, 3, 118, 57, 17, 128, 137, 204, 136, 88, 7, 14, 180, 183, van
115, 53, 100, 205, 64, 11, 220, 30, 25, 166, 229, 710, 214, 71, 21, 11, 189, 199, saab
86, 43, 61, 119, 53, 8, 150, 46, 19, 144, 169, 326, 172, 85, 8, 8, 179, 182, bus
86, 40, 66, 139, 59, 7, 122, 54, 17, 139, 145, 225, 143, 63, 7, 11, 202, 208, van
88, 34, 58, 140, 59, 6, 127, 52, 18, 130, 148, 243, 113, 63, 4, 10, 199, 206, van
88, 44, 70, 151, 61, 8, 143, 46, 18, 143, 163, 311, 173, 68, 7, 8, 196, 203, bus
86, 38, 58, 119, 56, 4, 118, 57, 17, 129, 140, 208, 152, 78, 9, 2, 184, 186, van

