108, 53, 104, 181, 56, 11, 220, 31, 25, 167, 226, 712, 214, 72, 15, 18, 189, 199, saab
100, 51, 89, 199, 65, 6, 201, 32, 23, 159, 219, 622, 205, 74, 6, 7, 193, 193, bus
90, 36, 85, 184, 64, 6, 160, 41, 20, 125, 187, 385, 139, 66, 9, 31, 195, 203, saab
83, 44, 70, 166, 69, 5, 143, 46, 18, 143, 166, 306, 170, 69, 7, 6, 188, 193, bus
96, 46, 88, 160, 64, 9, 151, 44, 19, 148, 173, 339, 182, 70, 15, 11, 192, 199, van
86, 44, 77, 155, 60, 7, 152, 44, 19, 141, 174, 345, 161, 72, 9, 0, 187, 192, opel
89, 45, 85, 149, 59, 11, 158, 43, 20, 158, 177, 362, 173, 75, 12, 16, 183, 193, van
96, 50, 94, 215, 67, 9, 187, 35, 22, 158, 214, 525, 214, 67, 8, 6, 193, 201, saab
89, 47, 83, 169, 61, 8, 164, 40, 20, 150, 189, 402, 190, 72, 7, 10, 187, 193, saab
90, 47, 85, 161, 64, 10, 163, 42, 20, 160, 177, 389, 185, 73, 9, 0, 185, 195, van
92, 37, 80, 180, 67, 8, 154, 43, 19, 129, 180, 353, 144, 69, 6, 9, 190, 195, saab
105, 51, 80, 207, 71, 6, 195, 33, 22, 159, 214, 579, 188, 75, 6, 20, 194, 194, bus
95, 46, 76, 162, 66, 11, 162, 42, 20, 155, 175, 381, 172, 74, 8, 4, 184, 193, van
96, 46, 70, 194, 70, 6, 167, 39, 20, 148, 183, 427, 171, 69, 17, 10, 200, 203, bus
108, 51, 100, 206, 63, 10, 196, 34, 23, 159, 214, 576, 201, 65, 7, 16, 194, 205, saab
90, 46, 75, 133, 55, 11, 160, 43, 20, 161, 173, 369, 171, 77, 0, 16, 182, 192, van
95, 42, 96, 197, 65, 9, 178, 37, 21, 141, 199, 474, 149, 67, 1, 29, 193, 200, opel
105, 45, 100, 195, 61, 10, 198, 33, 23, 149, 214, 586, 186, 67, 8, 5, 192, 200, saab
107, 53, 108, 211, 63, 11, 219, 31, 25, 168, 228, 704, 198, 69, 10, 21, 190, 203, saab
100, 52, 109, 225, 68, 10, 222, 30, 25, 165, 241, 731, 207, 73, 7, 28, 188, 199, opel
101, 55, 107, 200, 61, 11, 225, 30, 25, 178, 228, 730, 204, 74, 8, 35, 187, 201, opel
105, 51, 93, 160, 51, 7, 217, 30, 24, 165, 240, 703, 208, 81, 9, 25, 188, 188, bus
96, 44, 85, 166, 66, 10, 155, 43, 19, 150, 167, 355, 159, 67, 3, 10, 192, 202, van
96, 46, 88, 174, 68, 10, 155, 43, 19, 148, 173, 354, 182, 69, 14, 15, 194, 202, van
91, 42, 66, 142, 58, 9, 134, 50, 18, 142, 163, 268, 164, 69, 6, 5, 191, 197, van
91, 36, 72, 162, 60, 8, 150, 44, 19, 133, 166, 334, 121, 63, 2, 22, 196, 205, saab
86, 39, 58, 125, 55, 5, 117, 57, 17, 134, 140, 204, 148, 69, 7, 6, 190, 194, van
95, 53, 95, 202, 65, 10, 193, 34, 22, 160, 220, 559, 237, 71, 3, 2, 188, 196, saab
88, 41, 80, 147, 62, 8, 146, 45, 19, 144, 169, 318, 161, 71, 4, 16, 188, 197, van
93, 47, 84, 205, 71, 7, 176, 36, 21, 152, 190, 476, 201, 70, 7, 19, 198, 201, bus
79, 38, 55, 120, 55, 5, 142, 48, 19, 128, 153, 295, 145, 81, 4, 2, 180, 183, saab
83, 39, 69, 127, 54, 5, 135, 49, 18, 131, 155, 274, 162, 69, 16, 6, 187, 190, opel
93, 42, 98, 192, 63, 9, 185, 36, 22, 138, 206, 508, 173, 70, 10, 21, 189, 197, saab
86, 39, 84, 149, 57, 8, 156, 43, 20, 133, 185, 358, 157, 74, 0, 23, 183, 190, opel
86, 34, 62, 140, 61, 7, 122, 54, 17, 127, 141, 223, 112, 64, 2, 14, 200, 208, van
90, 34, 66, 136, 55, 6, 123, 54, 17, 118, 148, 224, 118, 65, 5, 26, 196, 202, saab
93, 35, 66, 154, 59, 6, 142, 46, 18, 128, 162, 304, 120, 64, 5, 13, 197, 202, opel
93, 37, 76, 183, 63, 8, 164, 40, 20, 134, 191, 405, 139, 67, 4, 7, 192, 197, saab
119, 54, 106, 220, 65, 12, 213, 31, 24, 167, 223, 675, 232, 66, 20, 1, 192, 202, saab
92, 38, 71, 174, 66, 7, 154, 43, 19, 133, 181, 355, 130, 70, 4, 24, 189, 195, saab
77, 38, 63, 135, 59, 5, 130, 52, 18, 130, 145, 247, 139, 79, 13, 21, 183, 187, opel
91, 39, 83, 170, 60, 8, 172, 38, 21, 134, 197, 445, 152, 72, 0, 10, 188, 194, saab
82, 45, 66, 252, 126, 52, 148, 45, 19, 144, 237, 326, 185, 119, 1, 1, 181, 185, bus
99, 48, 79, 199, 68, 6, 185, 35, 22, 153, 202, 524, 171, 74, 5, 8, 195, 195, bus
95, 47, 88, 162, 64, 11, 159, 43, 20, 157, 176, 371, 185, 71, 12, 13, 189, 198, van
85, 43, 64, 128, 56, 8, 150, 46, 19, 144, 168, 324, 173, 82, 9, 14, 180, 184, bus
85, 41, 66, 155, 65, 22, 149, 45, 19, 139, 173, 330, 155, 75, 6, 16, 184, 191, bus
86, 36, 77, 165, 60, 7, 150, 45, 19, 128, 174, 331, 131, 66, 0, 32, 196, 203, saab
89, 47, 83, 322, 133, 48, 158, 43, 20, 163, 229, 364, 176, 97, 0, 14, 184, 194, van
94, 44, 84, 216, 74, 6, 184, 35, 22, 145, 208, 525, 154, 73, 4, 22, 196, 197, bus
96, 49, 98, 187, 59, 6, 213, 31, 24, 152, 228, 680, 210, 77, 8, 28, 188, 189, bus
78, 36, 60, 116, 56, 6, 123, 55, 17, 124, 141, 221, 121, 78, 3, 16, 178, 185, opel
90, 36, 78, 179, 64, 8, 157, 42, 19, 126, 182, 367, 142, 66, 1, 20, 192, 198, opel
107, 55, 98, 199, 59, 7, 240, 27, 26, 168, 258, 866, 245, 80, 3, 1, 186, 184, bus
82, 44, 72, 150, 64, 7, 154, 44, 19, 144, 181, 350, 177, 80, 0, 16, 183, 187, bus
93, 47, 85, 163, 66, 11, 156, 44, 20, 158, 172, 355, 178, 74, 7, 15, 183, 195, van
87, 47, 81, 149, 62, 9, 147, 45, 19, 152, 171, 325, 181, 72, 0, 6, 188, 198, van
94, 35, 66, 147, 62, 9, 131, 50, 18, 127, 159, 258, 115, 66, 8, 7, 196, 201, van
83, 37, 54, 118, 55, 4, 129, 52, 18, 127, 146, 245, 140, 81, 4, 13, 180, 184, saab
82, 45, 68, 150, 69, 5, 148, 45, 19, 144, 169, 322, 184, 80, 5, 0, 181, 184, bus
93, 47, 88, 200, 66, 7, 173, 38, 21, 151, 197, 452, 205, 66, 0, 3, 195, 202, saab
83, 41, 70, 155, 65, 7, 144, 46, 19, 141, 168, 309, 147, 71, 4, 12, 188, 195, bus
87, 42, 76, 159, 65, 5, 155, 42, 19, 138, 184, 362, 157, 76, 6, 12, 189, 193, bus
90, 38, 75, 164, 64, 7, 151, 43, 19, 131, 168, 345, 139, 66, 0, 0, 195, 204, bus
98, 52, 86, 207, 69, 5, 192, 33, 22, 161, 212, 570, 221, 75, 4, 6, 194, 195, bus
89, 37, 51, 111, 54, 5, 120, 56, 17, 127, 138, 213, 147, 82, 7, 4, 181, 183, van
89, 44, 82, 136, 54, 6, 149, 45, 19, 144, 170, 332, 168, 68, 10, 14, 188, 193, opel
98, 44, 78, 160, 63, 8, 142, 47, 18, 148, 160, 300, 171, 63, 19, 2, 201, 207, van
98, 50, 90, 192, 63, 9, 177, 37, 21, 155, 195, 472, 197, 65, 10, 1, 193, 201, saab
94, 47, 85, 333, 138, 49, 155, 43, 19, 155, 320, 354, 187, 135, 12, 9, 188, 196, van
85, 45, 70, 120, 54, 7, 149, 45, 19, 145, 169, 326, 186, 81, 8, 4, 181, 184, bus
86, 38, 89, 176, 59, 9, 169, 39, 20, 132, 190, 428, 148, 67, 7, 33, 193, 202, opel
112, 50, 104, 197, 58, 11, 208, 32, 24, 159, 223, 639, 186, 67, 15, 22, 191, 202, saab
99, 50, 88, 204, 64, 10, 185, 35, 22, 159, 209, 517, 193, 66, 12, 11, 194, 201, opel
92, 38, 74, 178, 62, 9, 161, 41, 20, 135, 181, 388, 132, 63, 7, 29, 197, 206, opel
92, 40, 62, 144, 59, 8, 127, 52, 17, 139, 149, 241, 150, 62, 13, 1, 204, 210, van
104, 55, 109, 230, 67, 12, 218, 30, 24, 174, 230, 706, 226, 67, 8, 22, 191, 202, opel
94, 45, 89, 213, 71, 5, 186, 35, 22, 145, 204, 533, 182, 71, 4, 13, 195, 198, bus
104, 54, 91, 209, 67, 11, 218, 31, 24, 170, 223, 697, 196, 74, 4, 21, 187, 196, opel
106, 55, 98, 224, 68, 11, 215, 31, 24, 170, 222, 679, 214, 68, 2, 29, 189, 201, opel
102, 54, 98, 167, 53, 10, 217, 31, 24, 174, 228, 692, 223, 72, 0, 31, 187, 198, opel
101, 56, 100, 204, 62, 12, 227, 30, 25, 178, 231, 757, 204, 73, 0, 11, 186, 197, opel
103, 54, 107, 189, 56, 11, 223, 30, 25, 174, 225, 729, 200, 70, 0, 29, 187, 201, opel
105, 52, 107, 207, 60, 11, 218, 31, 24, 167, 221, 701, 197, 66, 0, 20, 191, 203, opel
92, 45, 74, 187, 74, 7, 157, 41, 19, 143, 179, 375, 183, 70, 8, 6, 195, 201, bus

