87, 49, 86, 190, 64, 9, 177, 37, 21, 153, 197, 471, 209, 67, 11, 7, 192, 199, opel
89, 42, 75, 140, 55, 6, 145, 46, 19, 139, 170, 312, 166, 71, 15, 26, 191, 198, opel
105, 53, 108, 206, 63, 12, 222, 31, 25, 168, 226, 712, 201, 71, 15, 35, 189, 203, saab
109, 54, 103, 220, 66, 11, 214, 31, 24, 167, 229, 677, 212, 70, 1, 23, 188, 201, saab
109, 53, 103, 210, 63, 11, 219, 30, 25, 172, 229, 707, 212, 71, 6, 3, 188, 199, saab
90, 40, 83, 178, 61, 8, 178, 37, 21, 132, 199, 472, 157, 71, 1, 14, 187, 193, opel
103, 49, 107, 179, 54, 12, 208, 32, 24, 159, 214, 644, 183, 66, 1, 12, 191, 200, opel
96, 41, 69, 153, 56, 7, 141, 47, 18, 141, 162, 297, 169, 61, 11, 8, 202, 209, saab
95, 43, 83, 198, 69, 6, 177, 36, 21, 139, 189, 484, 163, 68, 6, 4, 196, 198, bus
86, 35, 44, 110, 54, 2, 119, 57, 17, 121, 139, 208, 137, 90, 6, 1, 180, 183, van
110, 56, 109, 199, 57, 5, 251, 27, 27, 169, 272, 928, 268, 82, 11, 10, 183, 183, bus
96, 46, 74, 202, 74, 5, 163, 39, 20, 149, 185, 408, 191, 70, 7, 8, 196, 200, bus
104, 53, 101, 199, 65, 11, 213, 31, 24, 168, 216, 667, 221, 72, 12, 12, 187, 198, saab
96, 40, 78, 170, 58, 7, 174, 38, 21, 139, 197, 455, 160, 68, 3, 29, 191, 200, saab
91, 46, 101, 199, 65, 9, 196, 34, 23, 146, 219, 574, 199, 73, 5, 8, 186, 194, opel
80, 44, 68, 120, 53, 8, 151, 45, 19, 146, 170, 333, 190, 80, 4, 16, 180, 185, bus
97, 38, 75, 188, 68, 6, 171, 37, 20, 129, 199, 450, 137, 74, 2, 6, 197, 199, bus
87, 44, 98, 211, 70, 10, 189, 35, 22, 141, 214, 535, 178, 71, 2, 21, 187, 194, opel
107, 54, 96, 201, 62, 12, 218, 31, 24, 170, 221, 694, 217, 71, 2, 21, 187, 198, saab
111, 53, 108, 211, 61, 11, 207, 32, 23, 167, 217, 636, 216, 64, 21, 2, 196, 205, saab
104, 56, 96, 231, 74, 11, 220, 30, 25, 172, 223, 713, 218, 73, 6, 16, 186, 195, opel
106, 55, 96, 196, 60, 12, 221, 30, 25, 173, 225, 717, 214, 72, 9, 13, 186, 196, opel
92, 46, 83, 154, 56, 6, 160, 41, 20, 148, 185, 382, 184, 71, 10, 5, 186, 191, saab
86, 36, 70, 143, 61, 9, 133, 50, 18, 130, 153, 266, 127, 66, 2, 10, 194, 202, van
84, 37, 53, 121, 59, 5, 123, 55, 17, 125, 141, 221, 133, 82, 7, 1, 179, 183, van
94, 43, 64, 173, 69, 7, 150, 43, 19, 142, 169, 344, 177, 68, 9, 1, 199, 206, bus
89, 43, 85, 160, 64, 11, 155, 43, 19, 151, 173, 356, 174, 72, 5, 9, 185, 196, van
85, 42, 66, 122, 54, 6, 148, 46, 19, 141, 172, 317, 174, 88, 6, 14, 180, 182, bus
78, 38, 63, 115, 51, 6, 142, 47, 19, 130, 162, 299, 146, 77, 2, 4, 181, 185, saab
97, 44, 96, 195, 63, 9, 185, 36, 22, 144, 202, 512, 165, 66, 4, 8, 191, 199, saab
93, 45, 86, 201, 69, 7, 184, 35, 22, 145, 203, 523, 183, 72, 0, 4, 194, 197, bus
73, 37, 53, 111, 54, 6, 126, 55, 18, 128, 135, 227, 147, 82, 1, 15, 176, 184, opel
89, 42, 80, 151, 62, 6, 144, 46, 19, 139, 166, 308, 170, 74, 17, 13, 185, 189, saab
109, 53, 109, 221, 69, 12, 221, 31, 25, 169, 226, 712, 212, 72, 13, 28, 188, 201, saab
90, 48, 78, 142, 59, 11, 160, 43, 20, 160, 173, 370, 185, 76, 10, 11, 183, 192, van
92, 40, 82, 163, 63, 9, 146, 45, 19, 140, 165, 319, 137, 64, 9, 0, 199, 206, van
90, 43, 72, 172, 59, 8, 154, 42, 19, 144, 174, 360, 158, 61, 15, 9, 203, 209, saab
106, 49, 106, 211, 64, 9, 208, 32, 24, 158, 224, 645, 184, 68, 1, 24, 190, 202, saab
110, 56, 103, 223, 64, 5, 250, 26, 27, 169, 280, 928, 239, 85, 4, 6, 184, 183, bus
89, 44, 72, 160, 66, 7, 144, 46, 19, 147, 166, 312, 169, 69, 11, 1, 191, 198, bus
101, 51, 105, 212, 68, 10, 209, 32, 24, 162, 222, 653, 224, 73, 5, 23, 186, 195, opel
87, 40, 81, 162, 68, 10, 146, 46, 19, 139, 167, 317, 157, 70, 0, 13, 189, 199, van
86, 43, 66, 130, 56, 7, 152, 44, 19, 142, 177, 340, 173, 81, 6, 14, 181, 185, bus
81, 46, 71, 130, 56, 7, 153, 44, 19, 149, 172, 342, 191, 81, 3, 14, 180, 186, bus
92, 46, 79, 176, 64, 8, 162, 41, 20, 149, 183, 396, 178, 67, 2, 10, 191, 198, opel
101, 56, 100, 168, 55, 11, 214, 31, 24, 175, 219, 681, 224, 74, 2, 3, 185, 192, opel
89, 36, 72, 141, 56, 7, 138, 48, 18, 126, 163, 286, 130, 72, 1, 1, 187, 192, opel
90, 39, 86, 169, 62, 7, 162, 41, 20, 131, 194, 388, 147, 74, 1, 22, 185, 191, opel
93, 41, 79, 159, 63, 8, 144, 46, 19, 150, 165, 309, 134, 67, 4, 9, 195, 203, van
93, 42, 64, 158, 68, 9, 134, 49, 18, 142, 163, 268, 170, 71, 7, 13, 192, 201, van
84, 44, 80, 140, 58, 11, 156, 44, 20, 157, 166, 349, 176, 74, 5, 17, 183, 193, van
86, 42, 65, 116, 53, 6, 152, 45, 19, 141, 175, 335, 172, 85, 5, 4, 179, 183, bus
100, 46, 81, 187, 61, 9, 166, 40, 20, 154, 189, 415, 175, 63, 13, 9, 198, 207, saab
89, 48, 85, 189, 64, 8, 169, 39, 20, 153, 188, 427, 190, 64, 16, 5, 195, 201, saab
98, 38, 66, 130, 55, 7, 130, 51, 18, 138, 160, 251, 123, 69, 3, 12, 191, 194, van
94, 37, 72, 193, 72, 6, 158, 41, 19, 133, 184, 385, 127, 70, 0, 14, 200, 204, bus
102, 51, 92, 194, 60, 6, 220, 30, 25, 162, 247, 731, 209, 80, 7, 7, 188, 186, bus
87, 43, 65, 127, 56, 8, 149, 46, 19, 143, 169, 322, 171, 85, 6, 3, 180, 182, bus
106, 49, 96, 201, 61, 10, 181, 36, 21, 158, 197, 494, 180, 62, 19, 15, 202, 209, opel
99, 51, 88, 188, 62, 5, 203, 32, 23, 158, 222, 625, 219, 77, 8, 26, 191, 190, bus
102, 54, 101, 190, 58, 10, 222, 30, 25, 171, 224, 728, 203, 71, 13, 6, 189, 198, opel
88, 38, 58, 137, 60, 5, 148, 46, 19, 131, 163, 319, 157, 86, 12, 0, 180, 183, saab
108, 52, 109, 182, 55, 12, 216, 31, 24, 171, 229, 687, 214, 72, 10, 28, 189, 201, saab
89, 47, 85, 147, 58, 10, 153, 44, 19, 151, 175, 349, 186, 74, 13, 7, 186, 197, van
100, 51, 109, 224, 67, 9, 217, 30, 24, 162, 238, 704, 206, 72, 6, 18, 189, 199, opel
88, 44, 71, 145, 56, 8, 142, 48, 19, 143, 159, 296, 174, 68, 7, 18, 188, 197, opel
91, 38, 70, 160, 66, 25, 140, 47, 18, 139, 162, 296, 130, 67, 4, 11, 192, 202, van
108, 57, 106, 177, 51, 5, 256, 26, 28, 170, 285, 966, 261, 87, 11, 2, 182, 181, bus
107, 53, 108, 213, 64, 12, 206, 32, 23, 163, 216, 627, 202, 65, 21, 22, 194, 205, saab
85, 37, 80, 158, 59, 8, 153, 44, 19, 126, 179, 348, 136, 69, 6, 21, 191, 197, opel
86, 45, 71, 155, 66, 7, 146, 45, 19, 144, 167, 322, 176, 72, 5, 6, 189, 196, bus
90, 34, 66, 158, 59, 7, 140, 47, 18, 124, 165, 298, 117, 61, 1, 3, 201, 207, saab
84, 37, 70, 145, 62, 9, 136, 48, 18, 134, 159, 280, 140, 68, 11, 9, 194, 202, van
104, 53, 108, 206, 61, 11, 217, 31, 24, 168, 226, 694, 209, 67, 0, 9, 188, 201, saab
90, 47, 73, 136, 58, 11, 161, 42, 20, 153, 172, 376, 185, 77, 11, 8, 183, 191, van
102, 53, 101, 238, 72, 4, 238, 28, 26, 163, 267, 844, 242, 85, 7, 22, 184, 184, bus
101, 53, 91, 194, 65, 6, 204, 32, 23, 161, 231, 636, 214, 78, 5, 14, 192, 192, bus
95, 46, 92, 159, 63, 11, 160, 42, 20, 157, 176, 372, 171, 70, 7, 21, 189, 200, van
92, 42, 75, 172, 60, 8, 147, 45, 19, 142, 174, 322, 160, 62, 22, 10, 206, 211, opel
93, 40, 73, 139, 58, 6, 136, 49, 18, 138, 166, 275, 137, 73, 0, 0, 187, 188, van
90, 43, 81, 231, 97, 46, 150, 45, 19, 149, 200, 332, 164, 91, 5, 9, 186, 196, van
109, 49, 103, 186, 57, 11, 206, 32, 23, 156, 212, 630, 186, 65, 12, 21, 192, 201, opel
90, 39, 57, 114, 48, 7, 135, 51, 18, 139, 155, 261, 151, 85, 12, 8, 183, 182, van
109, 55, 96, 191, 57, 6, 241, 28, 26, 170, 267, 857, 242, 85, 8, 9, 184, 184, bus
92, 40, 66, 111, 48, 7, 139, 50, 19, 140, 159, 277, 148, 85, 12, 19, 182, 183, van

