98, 35, 70, 182, 68, 5, 155, 41, 19, 124, 184, 371, 117, 71, 3, 22, 202, 205, bus
101, 48, 85, 191, 60, 11, 175, 38, 21, 153, 192, 458, 187, 62, 5, 22, 197, 210, saab
94, 43, 69, 161, 59, 7, 152, 43, 19, 143, 175, 349, 187, 67, 12, 11, 193, 198, saab
89, 43, 77, 147, 54, 8, 144, 46, 19, 146, 163, 308, 174, 64, 13, 5, 194, 201, saab
89, 50, 83, 195, 65, 6, 178, 37, 21, 156, 207, 481, 210, 71, 1, 6, 189, 194, opel
93, 39, 63, 146, 58, 7, 128, 52, 18, 134, 149, 246, 158, 63, 9, 7, 198, 204, saab
84, 37, 70, 150, 61, 7, 137, 49, 18, 140, 156, 278, 121, 64, 0, 23, 196, 205, van
96, 40, 100, 178, 58, 8, 181, 37, 21, 134, 205, 486, 160, 68, 5, 34, 192, 202, saab
97, 49, 76, 203, 73, 7, 178, 36, 21, 157, 194, 487, 186, 72, 0, 7, 197, 200, bus
85, 38, 75, 132, 54, 7, 147, 46, 19, 131, 171, 318, 145, 75, 7, 25, 183, 188, saab
85, 40, 66, 136, 58, 6, 142, 48, 19, 137, 164, 295, 164, 77, 2, 22, 182, 186, saab
94, 46, 91, 175, 70, 12, 157, 43, 20, 155, 172, 358, 192, 69, 15, 21, 190, 200, van
97, 47, 88, 183, 60, 7, 197, 33, 23, 148, 214, 596, 201, 74, 8, 0, 192, 191, bus
86, 45, 70, 122, 56, 7, 148, 45, 19, 144, 170, 324, 186, 84, 9, 5, 180, 183, bus
88, 40, 69, 146, 59, 7, 130, 51, 18, 134, 147, 252, 144, 64, 1, 1, 193, 200, opel
105, 46, 100, 195, 61, 9, 193, 34, 22, 150, 207, 557, 161, 65, 5, 9, 194, 202, opel
91, 37, 76, 138, 55, 8, 132, 51, 18, 135, 157, 256, 124, 69, 0, 12, 191, 192, van
85, 45, 73, 167, 69, 8, 143, 46, 18, 148, 173, 307, 176, 71, 2, 0, 190, 199, van
88, 40, 55, 114, 53, 7, 132, 53, 18, 139, 142, 249, 158, 87, 0, 7, 176, 183, van
90, 44, 69, 152, 64, 7, 135, 49, 18, 145, 165, 272, 162, 75, 3, 2, 187, 191, van
103, 53, 106, 172, 55, 10, 212, 32, 24, 168, 220, 660, 223, 73, 16, 24, 187, 197, saab
97, 48, 105, 212, 64, 11, 201, 33, 23, 155, 212, 602, 162, 64, 2, 7, 193, 202, opel
92, 52, 93, 204, 67, 9, 189, 35, 22, 161, 214, 536, 240, 72, 2, 5, 188, 195, opel
87, 37, 52, 116, 54, 6, 115, 58, 17, 126, 135, 196, 144, 74, 11, 22, 186, 190, van
100, 51, 104, 163, 52, 10, 206, 32, 23, 164, 217, 631, 193, 69, 5, 21, 188, 196, opel
81, 43, 68, 148, 64, 7, 150, 45, 19, 144, 175, 330, 171, 80, 1, 2, 182, 185, bus
90, 48, 85, 157, 64, 11, 161, 43, 20, 167, 175, 375, 186, 74, 3, 16, 185, 195, van
105, 54, 105, 213, 67, 10, 200, 33, 23, 163, 214, 597, 214, 68, 10, 20, 190, 198, opel
111, 58, 105, 183, 51, 6, 265, 26, 29, 174, 285, 1018, 255, 85, 4, 8, 181, 183, bus
89, 46, 84, 163, 66, 11, 159, 43, 20, 159, 173, 368, 176, 72, 1, 20, 186, 197, van
95, 48, 83, 178, 72, 10, 162, 42, 20, 159, 176, 379, 184, 70, 6, 16, 187, 197, van
104, 54, 100, 186, 61, 10, 216, 31, 24, 173, 225, 686, 220, 74, 5, 11, 185, 195, saab
101, 56, 100, 215, 69, 10, 208, 32, 24, 169, 227, 651, 223, 74, 6, 5, 186, 193, opel
82, 44, 72, 118, 52, 7, 152, 44, 19, 147, 174, 340, 177, 82, 2, 2, 180, 185, bus
106, 53, 98, 176, 54, 10, 216, 31, 24, 171, 235, 691, 218, 74, 1, 9, 187, 197, saab
95, 48, 104, 214, 67, 9, 205, 32, 23, 151, 227, 628, 202, 74, 5, 9, 186, 193, opel
89, 47, 81, 147, 64, 11, 156, 44, 20, 163, 170, 352, 188, 76, 6, 13, 184, 193, van
85, 39, 68, 119, 52, 5, 128, 53, 18, 135, 148, 241, 142, 75, 8, 8, 182, 187, van
81, 43, 68, 125, 57, 8, 149, 46, 19, 146, 169, 323, 172, 83, 6, 18, 179, 184, bus
101, 53, 103, 203, 63, 9, 195, 34, 22, 162, 210, 571, 210, 68, 5, 5, 191, 198, opel
104, 52, 94, 208, 66, 5, 208, 31, 24, 161, 227, 666, 218, 76, 11, 4, 193, 191, bus
87, 46, 71, 159, 66, 6, 151, 44, 19, 146, 175, 343, 189, 73, 2, 0, 186, 190, bus
110, 58, 106, 180, 51, 6, 261, 26, 28, 171, 278, 998, 257, 83, 9, 13, 181, 182, bus
94, 38, 84, 158, 55, 9, 169, 39, 20, 130, 196, 430, 155, 69, 9, 15, 190, 195, opel
99, 46, 105, 209, 64, 11, 197, 34, 23, 152, 212, 575, 159, 65, 0, 33, 194, 205, opel
77, 38, 75, 144, 59, 6, 147, 46, 19, 132, 167, 315, 136, 80, 16, 20, 181, 187, opel
90, 46, 80, 143, 62, 11, 159, 43, 20, 156, 169, 366, 186, 74, 17, 7, 185, 193, van
97, 45, 88, 173, 67, 10, 157, 43, 20, 157, 173, 365, 157, 67, 8, 12, 192, 200, van
87, 42, 64, 150, 64, 10, 133, 50, 18, 142, 157, 264, 159, 67, 7, 1, 193, 201, van
90, 37, 80, 171, 58, 9, 157, 42, 20, 132, 172, 373, 115, 60, 3, 18, 201, 209, saab
106, 49, 107, 194, 57, 11, 214, 31, 24, 161, 224, 670, 172, 67, 0, 39, 192, 206, opel
95, 45, 80, 186, 62, 7, 164, 40, 20, 145, 188, 406, 178, 65, 11, 18, 199, 204, opel
104, 50, 96, 211, 65, 10, 187, 35, 22, 156, 207, 527, 195, 65, 3, 7, 195, 206, saab
85, 40, 72, 139, 59, 5, 132, 50, 18, 135, 159, 260, 150, 68, 3, 9, 191, 195, saab
92, 36, 78, 165, 57, 8, 153, 43, 19, 128, 169, 349, 124, 60, 4, 19, 203, 211, saab
106, 54, 103, 161, 47, 4, 247, 27, 27, 166, 266, 892, 242, 85, 4, 11, 181, 183, bus
93, 48, 84, 150, 63, 11, 156, 44, 20, 165, 171, 354, 188, 73, 8, 15, 185, 195, van
97, 48, 94, 198, 63, 9, 181, 36, 21, 155, 200, 494, 189, 64, 20, 11, 199, 203, opel
85, 42, 64, 121, 55, 7, 149, 46, 19, 146, 167, 323, 172, 85, 1, 6, 179, 182, bus
81, 44, 68, 120, 53, 6, 151, 45, 19, 147, 170, 333, 178, 86, 4, 5, 179, 183, bus
90, 48, 78, 134, 56, 11, 160, 43, 20, 167, 169, 366, 185, 76, 1, 14, 182, 192, van
93, 47, 85, 161, 65, 12, 155, 43, 19, 157, 179, 354, 178, 76, 2, 9, 184, 196, van
103, 49, 100, 194, 60, 10, 185, 35, 22, 160, 202, 518, 178, 62, 13, 8, 198, 208, saab
87, 44, 70, 179, 75, 6, 146, 45, 19, 141, 167, 326, 178, 69, 6, 1, 194, 201, bus
83, 46, 73, 137, 59, 6, 148, 45, 19, 146, 167, 327, 183, 75, 8, 0, 185, 191, bus
93, 43, 78, 166, 59, 7, 151, 44, 19, 141, 182, 342, 174, 68, 15, 2, 193, 197, opel
106, 48, 107, 202, 61, 10, 207, 32, 24, 153, 227, 635, 200, 70, 5, 28, 190, 203, saab
82, 41, 70, 155, 64, 7, 148, 45, 19, 138, 172, 328, 152, 72, 5, 17, 187, 195, bus
96, 52, 104, 222, 67, 9, 198, 33, 23, 163, 217, 589, 226, 67, 12, 20, 192, 201, opel
93, 40, 62, 117, 49, 7, 131, 52, 18, 145, 160, 249, 156, 78, 8, 6, 184, 184, van
99, 57, 109, 220, 66, 11, 221, 30, 25, 176, 234, 725, 236, 70, 10, 25, 188, 200, opel
89, 40, 72, 155, 63, 7, 146, 45, 19, 135, 175, 321, 145, 72, 4, 10, 192, 196, bus
109, 49, 109, 193, 59, 10, 207, 32, 24, 156, 225, 635, 213, 70, 13, 31, 191, 202, saab
87, 45, 82, 164, 60, 8, 156, 42, 19, 144, 181, 366, 174, 70, 2, 2, 190, 196, opel
86, 47, 75, 165, 68, 6, 154, 43, 19, 146, 176, 356, 190, 74, 7, 3, 188, 194, bus
88, 40, 73, 173, 68, 7, 150, 44, 19, 137, 174, 341, 151, 69, 2, 20, 196, 200, bus
86, 38, 86, 175, 60, 9, 170, 39, 21, 134, 191, 433, 138, 68, 1, 28, 191, 199, saab
101, 51, 98, 194, 60, 10, 195, 34, 22, 161, 219, 572, 219, 67, 0, 10, 192, 201, saab
91, 39, 82, 164, 68, 10, 143, 46, 19, 137, 164, 308, 158, 68, 13, 9, 191, 201, van
101, 55, 101, 183, 57, 13, 225, 30, 25, 177, 225, 741, 204, 71, 5, 10, 186, 198, opel
93, 45, 81, 177, 64, 7, 160, 41, 20, 147, 180, 383, 188, 70, 11, 11, 192, 199, saab
102, 51, 108, 193, 57, 10, 212, 31, 24, 162, 219, 663, 184, 66, 7, 21, 191, 201, opel
91, 39, 72, 133, 55, 7, 146, 46, 19, 132, 170, 314, 149, 77, 9, 18, 184, 189, saab
93, 39, 86, 180, 59, 9, 167, 39, 20, 134, 186, 418, 129, 63, 6, 17, 197, 204, saab
88, 43, 70, 177, 74, 19, 152, 44, 19, 143, 180, 342, 168, 76, 1, 9, 186, 189, bus

