101, 56, 100, 215, 69, 10, 208, 32, 24, 169, 227, 651, 223, 74, 6, 5, 186, 193, opel
87, 38, 85, 177, 61, 8, 164, 40, 20, 129, 186, 402, 130, 63, 1, 25, 198, 205, opel
119, 54, 106, 220, 65, 12, 213, 31, 24, 167, 223, 675, 232, 66, 20, 1, 192, 202, saab
78, 38, 63, 115, 51, 6, 142, 47, 19, 130, 162, 299, 146, 77, 2, 4, 181, 185, saab
92, 38, 71, 174, 66, 7, 154, 43, 19, 133, 181, 355, 130, 70, 4, 24, 189, 195, saab
73, 37, 53, 111, 54, 6, 126, 55, 18, 128, 135, 227, 147, 82, 1, 15, 176, 184, opel
89, 42, 89, 147, 61, 11, 151, 44, 19, 145, 170, 338, 163, 72, 11, 23, 187, 199, van
89, 40, 76, 188, 76, 7, 150, 44, 19, 136, 174, 342, 148, 72, 3, 8, 193, 197, bus
77, 38, 75, 144, 59, 6, 147, 46, 19, 132, 167, 315, 136, 80, 16, 20, 181, 187, opel
85, 43, 64, 128, 56, 8, 150, 46, 19, 144, 168, 324, 173, 82, 9, 14, 180, 184, bus
88, 37, 63, 130, 58, 5, 125, 54, 18, 130, 141, 230, 145, 74, 14, 20, 184, 188, saab
110, 56, 103, 223, 64, 5, 250, 26, 27, 169, 280, 928, 239, 85, 4, 6, 184, 183, bus
81, 46, 71, 130, 56, 7, 153, 44, 19, 149, 172, 342, 191, 81, 3, 14, 180, 186, bus
85, 42, 64, 121, 55, 7, 149, 46, 19, 146, 167, 323, 172, 85, 1, 6, 179, 182, bus
100, 55, 101, 189, 57, 10, 222, 30, 25, 177, 225, 731, 211, 71, 7, 17, 188, 197, opel
103, 55, 103, 211, 65, 11, 212, 31, 24, 165, 229, 673, 249, 72, 5, 16, 188, 196, opel
85, 34, 53, 127, 58, 6, 116, 58, 17, 121, 137, 197, 127, 70, 3, 20, 185, 189, saab
100, 46, 81, 187, 61, 9, 166, 40, 20, 154, 189, 415, 175, 63, 13, 9, 198, 207, saab
96, 45, 80, 162, 63, 9, 146, 46, 19, 148, 161, 316, 161, 64, 5, 10, 199, 207, van
83, 41, 70, 155, 65, 7, 144, 46, 19, 141, 168, 309, 147, 71, 4, 12, 188, 195, bus
98, 38, 66, 130, 55, 7, 130, 51, 18, 138, 160, 251, 123, 69, 3, 12, 191, 194, van
93, 36, 63, 139, 57, 8, 132, 50, 18, 136, 158, 260, 121, 67, 3, 27, 193, 201, van
98, 40, 77, 171, 61, 6, 172, 37, 21, 139, 197, 457, 141, 72, 4, 17, 199, 201, bus
109, 48, 107, 215, 62, 10, 205, 32, 23, 158, 222, 624, 168, 65, 9, 32, 195, 206, opel
82, 41, 70, 155, 64, 7, 148, 45, 19, 138, 172, 328, 152, 72, 5, 17, 187, 195, bus
95, 45, 105, 208, 64, 10, 187, 36, 22, 150, 202, 520, 158, 64, 7, 32, 198, 211, saab
106, 49, 96, 201, 61, 10, 181, 36, 21, 158, 197, 494, 180, 62, 19, 15, 202, 209, opel
89, 38, 80, 169, 59, 7, 161, 41, 20, 131, 186, 389, 137, 68, 5, 15, 192, 197, saab
101, 46, 105, 195, 61, 10, 198, 34, 23, 150, 213, 578, 195, 66, 7, 38, 192, 205, saab
97, 37, 76, 169, 60, 8, 161, 41, 20, 131, 189, 391, 136, 72, 0, 0, 188, 192, opel
88, 40, 73, 173, 68, 7, 150, 44, 19, 137, 174, 341, 151, 69, 2, 20, 196, 200, bus
87, 43, 70, 169, 72, 7, 152, 44, 19, 145, 177, 341, 171, 76, 6, 12, 184, 187, bus
84, 37, 70, 145, 62, 9, 136, 48, 18, 134, 159, 280, 140, 68, 11, 9, 194, 202, van
85, 37, 68, 145, 60, 6, 130, 51, 18, 130, 150, 253, 121, 65, 3, 14, 195, 203, van
98, 47, 109, 202, 59, 11, 199, 34, 23, 154, 207, 586, 165, 61, 1, 33, 194, 208, saab
101, 52, 101, 197, 62, 9, 188, 35, 22, 162, 208, 527, 203, 67, 14, 15, 193, 202, saab
91, 46, 75, 185, 75, 7, 154, 42, 19, 147, 178, 362, 192, 72, 8, 8, 192, 199, bus
81, 43, 68, 139, 62, 7, 149, 46, 19, 145, 172, 323, 171, 83, 1, 14, 180, 184, bus
101, 55, 101, 183, 57, 13, 225, 30, 25, 177, 225, 741, 204, 71, 5, 10, 186, 198, opel
104, 55, 100, 201, 66, 10, 214, 31, 24, 173, 224, 680, 221, 74, 1, 1, 185, 194, saab
102, 51, 108, 193, 57, 10, 212, 31, 24, 162, 219, 663, 184, 66, 7, 21, 191, 201, opel
108, 54, 109, 189, 57, 11, 220, 31, 25, 174, 229, 709, 214, 70, 12, 23, 189, 201, saab
102, 54, 98, 177, 56, 10, 219, 31, 25, 171, 219, 706, 223, 72, 5, 17, 186, 196, opel
102, 54, 98, 167, 53, 10, 217, 31, 24, 174, 228, 692, 223, 72, 0, 31, 187, 198, opel
101, 56, 100, 204, 62, 12, 227, 30, 25, 178, 231, 757, 204, 73, 0, 11, 186, 197, opel
89, 38, 74, 138, 59, 7, 136, 49, 18, 133, 167, 278, 128, 72, 7, 7, 189, 193, van
89, 40, 89, 174, 58, 8, 177, 37, 21, 133, 202, 471, 155, 70, 7, 18, 189, 196, saab
92, 45, 76, 162, 57, 7, 159, 41, 20, 147, 184, 381, 177, 69, 8, 10, 190, 195, saab
86, 40, 66, 139, 59, 7, 122, 54, 17, 139, 145, 225, 143, 63, 7, 11, 202, 208, van
88, 43, 70, 177, 74, 19, 152, 44, 19, 143, 180, 342, 168, 76, 1, 9, 186, 189, bus
92, 40, 66, 111, 48, 7, 139, 50, 19, 140, 159, 277, 148, 85, 12, 19, 182, 183, van
104, 55, 105, 216, 68, 11, 205, 32, 23, 169, 221, 623, 216, 71, 9, 18, 189, 196, opel
89, 36, 68, 141, 59, 8, 139, 47, 18, 130, 166, 291, 127, 73, 7, 1, 189, 196, van
84, 38, 74, 138, 57, 8, 139, 49, 18, 127, 160, 282, 127, 72, 9, 20, 183, 191, opel
87, 42, 60, 116, 51, 6, 150, 46, 19, 141, 169, 324, 171, 85, 2, 14, 178, 182, bus
92, 42, 69, 153, 58, 8, 140, 48, 18, 138, 165, 290, 151, 64, 10, 21, 199, 206, opel
97, 55, 96, 170, 54, 10, 216, 31, 24, 173, 219, 685, 218, 75, 0, 4, 184, 193, opel
90, 48, 81, 144, 60, 9, 150, 44, 19, 156, 173, 333, 200, 75, 2, 0, 185, 195, van
106, 52, 108, 207, 64, 12, 221, 31, 25, 168, 229, 709, 200, 73, 22, 38, 190, 205, saab
86, 44, 70, 140, 64, 6, 148, 45, 19, 145, 170, 322, 185, 82, 10, 1, 181, 183, bus
81, 38, 53, 123, 58, 6, 134, 51, 18, 128, 147, 259, 148, 83, 10, 6, 177, 184, opel
96, 41, 69, 153, 56, 7, 141, 47, 18, 141, 162, 297, 169, 61, 11, 8, 202, 209, saab
97, 49, 76, 203, 73, 7, 178, 36, 21, 157, 194, 487, 186, 72, 0, 7, 197, 200, bus
84, 42, 76, 156, 64, 7, 151, 44, 19, 143, 179, 339, 157, 75, 0, 20, 187, 193, bus
105, 51, 105, 197, 60, 11, 191, 35, 22, 162, 207, 545, 194, 64, 18, 4, 196, 205, saab
100, 43, 92, 197, 62, 10, 180, 36, 21, 143, 200, 489, 153, 64, 6, 9, 195, 205, saab
92, 41, 66, 125, 52, 7, 139, 50, 18, 143, 160, 275, 161, 81, 7, 19, 182, 184, van
102, 54, 98, 201, 61, 6, 225, 29, 25, 165, 246, 766, 231, 79, 9, 14, 188, 187, bus
91, 37, 76, 138, 55, 8, 132, 51, 18, 135, 157, 256, 124, 69, 0, 12, 191, 192, van
102, 48, 105, 214, 64, 10, 201, 33, 23, 152, 214, 600, 178, 64, 0, 25, 192, 204, saab
103, 52, 103, 170, 52, 7, 236, 28, 26, 160, 254, 816, 250, 82, 3, 23, 183, 184, bus
93, 46, 85, 169, 66, 9, 151, 44, 19, 147, 169, 339, 179, 67, 0, 4, 195, 204, van
96, 40, 78, 170, 58, 7, 174, 38, 21, 139, 197, 455, 160, 68, 3, 29, 191, 200, saab
86, 39, 58, 125, 55, 5, 117, 57, 17, 134, 140, 204, 148, 69, 7, 6, 190, 194, van
95, 53, 95, 202, 65, 10, 193, 34, 22, 160, 220, 559, 237, 71, 3, 2, 188, 196, saab
81, 45, 68, 137, 60, 7, 152, 45, 19, 151, 167, 333, 179, 81, 3, 13, 179, 183, bus
84, 43, 70, 123, 54, 8, 151, 45, 19, 146, 173, 332, 176, 81, 1, 12, 181, 184, bus
86, 39, 84, 149, 57, 8, 156, 43, 20, 133, 185, 358, 157, 74, 0, 23, 183, 190, opel
99, 57, 100, 177, 54, 13, 224, 30, 25, 188, 223, 726, 213, 72, 4, 7, 185, 198, opel
89, 42, 66, 125, 53, 7, 131, 51, 18, 144, 162, 254, 162, 73, 10, 17, 188, 191, van
100, 47, 70, 185, 70, 7, 162, 40, 20, 153, 179, 406, 172, 68, 9, 6, 200, 205, bus
95, 43, 76, 142, 57, 10, 151, 44, 19, 149, 173, 339, 159, 71, 2, 23, 187, 200, van
90, 44, 72, 157, 64, 8, 137, 48, 18, 144, 159, 283, 171, 65, 9, 4, 196, 203, van
85, 36, 66, 123, 55, 5, 120, 56, 17, 128, 140, 212, 131, 73, 1, 18, 186, 190, van
86, 34, 62, 140, 61, 7, 122, 54, 17, 127, 141, 223, 112, 64, 2, 14, 200, 208, van

