84, 47, 75, 153, 64, 6, 154, 43, 19, 145, 175, 354, 184, 75, 0, 3, 185, 192, bus
88, 42, 77, 151, 58, 8, 140, 47, 18, 142, 165, 293, 158, 64, 10, 11, 198, 205, saab
94, 49, 87, 137, 54, 11, 158, 43, 20, 162, 178, 366, 186, 75, 5, 5, 183, 194, van
91, 45, 79, 176, 59, 9, 163, 40, 20, 148, 184, 404, 179, 62, 0, 10, 199, 208, saab
92, 39, 91, 191, 62, 8, 176, 37, 21, 137, 196, 466, 151, 67, 3, 23, 192, 200, opel
86, 40, 62, 140, 62, 7, 150, 45, 19, 133, 165, 330, 173, 82, 2, 3, 180, 185, saab
87, 46, 71, 159, 66, 6, 151, 44, 19, 146, 175, 343, 189, 73, 2, 0, 186, 190, bus
104, 55, 107, 222, 68, 11, 218, 31, 24, 173, 232, 703, 229, 71, 3, 10, 188, 199, saab
86, 43, 68, 152, 62, 7, 150, 44, 19, 142, 179, 337, 164, 75, 4, 9, 188, 192, bus
94, 42, 68, 150, 64, 7, 128, 52, 18, 143, 154, 246, 159, 69, 14, 5, 192, 196, van
102, 45, 83, 198, 65, 5, 194, 33, 22, 146, 225, 576, 167, 79, 0, 27, 193, 191, bus
89, 37, 54, 119, 53, 5, 134, 50, 18, 127, 151, 266, 146, 79, 16, 14, 184, 185, saab
98, 39, 68, 121, 49, 7, 134, 51, 18, 142, 164, 261, 134, 75, 4, 1, 186, 186, van
89, 47, 83, 322, 133, 48, 158, 43, 20, 163, 229, 364, 176, 97, 0, 14, 184, 194, van
86, 48, 75, 136, 58, 10, 161, 43, 20, 163, 170, 371, 185, 75, 3, 1, 183, 192, van
90, 43, 72, 172, 59, 8, 154, 42, 19, 144, 174, 360, 158, 61, 15, 9, 203, 209, saab
98, 39, 81, 191, 64, 9, 166, 40, 20, 138, 184, 415, 131, 62, 8, 19, 197, 205, saab
103, 54, 91, 179, 57, 11, 220, 31, 25, 170, 220, 707, 198, 72, 1, 32, 186, 198, opel
93, 48, 84, 150, 63, 11, 156, 44, 20, 165, 171, 354, 188, 73, 8, 15, 185, 195, van
103, 55, 100, 194, 62, 11, 212, 31, 24, 175, 217, 666, 219, 73, 10, 14, 187, 194, opel
89, 40, 58, 137, 58, 7, 122, 54, 17, 140, 146, 225, 150, 63, 7, 4, 199, 206, van
94, 35, 66, 147, 62, 9, 131, 50, 18, 127, 159, 258, 115, 66, 8, 7, 196, 201, van
96, 37, 74, 199, 74, 5, 165, 39, 20, 128, 188, 419, 136, 72, 1, 3, 196, 200, bus
89, 36, 77, 172, 62, 8, 157, 42, 19, 125, 174, 367, 126, 63, 5, 22, 198, 205, opel
93, 45, 73, 164, 59, 7, 159, 42, 20, 146, 182, 379, 188, 65, 11, 15, 195, 201, opel
104, 58, 103, 230, 69, 11, 219, 30, 25, 176, 231, 716, 246, 71, 7, 4, 187, 196, opel
84, 44, 80, 140, 58, 11, 156, 44, 20, 157, 166, 349, 176, 74, 5, 17, 183, 193, van
89, 40, 60, 131, 56, 6, 118, 56, 17, 137, 143, 209, 153, 65, 10, 8, 193, 199, van
86, 42, 65, 116, 53, 6, 152, 45, 19, 141, 175, 335, 172, 85, 5, 4, 179, 183, bus
88, 37, 57, 132, 62, 6, 135, 50, 18, 125, 151, 265, 144, 83, 16, 16, 180, 184, saab
90, 38, 75, 164, 64, 7, 151, 43, 19, 131, 168, 345, 139, 66, 0, 0, 195, 204, bus
96, 52, 104, 222, 67, 9, 198, 33, 23, 163, 217, 589, 226, 67, 12, 20, 192, 201, opel
90, 42, 63, 126, 55, 7, 152, 45, 19, 142, 173, 336, 173, 81, 0, 15, 180, 184, bus
113, 57, 109, 194, 56, 6, 260, 26, 28, 175, 288, 982, 261, 85, 11, 21, 182, 183, bus
82, 44, 63, 123, 54, 7, 151, 45, 19, 147, 166, 329, 185, 81, 3, 4, 179, 182, bus
98, 44, 78, 160, 63, 8, 142, 47, 18, 148, 160, 300, 171, 63, 19, 2, 201, 207, van
99, 51, 88, 188, 62, 5, 203, 32, 23, 158, 222, 625, 219, 77, 8, 26, 191, 190, bus
99, 55, 101, 219, 68, 10, 224, 30, 25, 178, 228, 737, 213, 74, 11, 20, 187, 196, opel
95, 44, 84, 158, 62, 10, 145, 46, 19, 148, 163, 312, 166, 64, 10, 6, 199, 206, van
93, 42, 88, 188, 62, 10, 183, 36, 21, 141, 208, 504, 168, 70, 3, 12, 189, 197, opel
107, 53, 108, 213, 64, 12, 206, 32, 23, 163, 216, 627, 202, 65, 21, 22, 194, 205, saab
85, 37, 80, 158, 59, 8, 153, 44, 19, 126, 179, 348, 136, 69, 6, 21, 191, 197, opel
80, 38, 64, 130, 59, 8, 134, 51, 18, 126, 152, 259, 135, 76, 1, 23, 179, 188, opel
80, 43, 71, 133, 60, 7, 150, 45, 19, 146, 170, 330, 176, 81, 6, 15, 180, 184, bus
101, 53, 108, 184, 54, 12, 216, 31, 24, 172, 220, 685, 187, 68, 4, 24, 190, 201, opel
91, 41, 93, 197, 65, 9, 183, 36, 21, 137, 202, 504, 153, 66, 11, 24, 193, 200, opel
112, 50, 104, 197, 58, 11, 208, 32, 24, 159, 223, 639, 186, 67, 15, 22, 191, 202, saab
84, 40, 71, 131, 55, 7, 150, 45, 19, 134, 167, 330, 165, 80, 12, 1, 180, 186, opel
91, 49, 86, 195, 63, 8, 177, 37, 21, 156, 203, 473, 201, 67, 7, 5, 192, 198, opel
90, 47, 73, 136, 58, 11, 161, 42, 20, 153, 172, 376, 185, 77, 11, 8, 183, 191, van
91, 36, 60, 126, 56, 6, 119, 56, 17, 130, 139, 211, 118, 67, 6, 14, 192, 198, van
83, 45, 73, 161, 68, 8, 142, 46, 18, 144, 169, 305, 179, 71, 10, 3, 191, 199, van
82, 43, 71, 154, 68, 7, 150, 45, 19, 143, 171, 330, 173, 78, 7, 11, 181, 186, bus
94, 46, 79, 181, 62, 8, 167, 40, 20, 148, 190, 418, 193, 67, 12, 15, 191, 198, opel
106, 54, 105, 164, 48, 5, 247, 27, 27, 165, 269, 891, 243, 84, 12, 1, 181, 182, bus
88, 36, 53, 113, 57, 3, 118, 57, 17, 128, 137, 204, 136, 88, 7, 14, 180, 183, van
85, 40, 75, 137, 56, 7, 152, 44, 19, 134, 173, 339, 160, 76, 7, 16, 182, 187, saab
89, 36, 69, 162, 63, 6, 140, 48, 18, 131, 164, 291, 126, 66, 1, 38, 193, 204, saab
104, 49, 105, 209, 61, 11, 207, 32, 24, 157, 217, 637, 168, 64, 0, 19, 193, 207, saab
102, 55, 101, 213, 67, 12, 222, 30, 25, 177, 226, 719, 213, 71, 2, 21, 187, 199, saab
86, 38, 58, 119, 56, 4, 118, 57, 17, 129, 140, 208, 152, 78, 9, 2, 184, 186, van
79, 39, 72, 127, 53, 9, 142, 48, 19, 135, 165, 295, 144, 77, 7, 21, 181, 189, opel
86, 45, 66, 126, 57, 8, 148, 46, 19, 145, 170, 321, 186, 86, 0, 7, 179, 182, bus
108, 56, 102, 246, 75, 6, 239, 28, 26, 167, 264, 855, 228, 82, 9, 13, 186, 185, bus
89, 42, 75, 140, 55, 6, 145, 46, 19, 139, 170, 312, 166, 71, 15, 26, 191, 198, opel
84, 38, 66, 138, 62, 6, 126, 54, 18, 132, 144, 232, 139, 70, 4, 7, 185, 190, opel
85, 35, 64, 129, 57, 6, 116, 57, 17, 125, 138, 200, 123, 65, 1, 23, 196, 203, van
100, 51, 109, 231, 70, 11, 220, 30, 25, 163, 238, 722, 206, 73, 11, 19, 189, 198, opel
96, 40, 100, 178, 58, 8, 181, 37, 21, 134, 205, 486, 160, 68, 5, 34, 192, 202, saab
88, 44, 71, 165, 70, 7, 144, 46, 19, 141, 167, 312, 172, 71, 4, 4, 188, 193, bus
98, 55, 104, 213, 67, 9, 206, 32, 23, 167, 223, 629, 220, 72, 5, 19, 187, 196, saab
89, 45, 85, 149, 59, 11, 158, 43, 20, 158, 177, 362, 173, 75, 12, 16, 183, 193, van
97, 47, 88, 183, 60, 7, 197, 33, 23, 148, 214, 596, 201, 74, 8, 0, 192, 191, bus
108, 51, 100, 206, 63, 10, 196, 34, 23, 159, 214, 576, 201, 65, 7, 16, 194, 205, saab
83, 42, 71, 152, 64, 7, 149, 45, 19, 142, 172, 331, 158, 74, 2, 2, 184, 190, bus
96, 44, 68, 190, 70, 7, 155, 41, 19, 145, 179, 372, 166, 67, 5, 7, 202, 206, bus
109, 52, 104, 199, 60, 12, 215, 31, 24, 162, 220, 691, 212, 67, 11, 7, 189, 199, saab
107, 45, 92, 197, 62, 10, 188, 35, 22, 148, 202, 526, 159, 64, 12, 20, 195, 203, opel
98, 38, 78, 191, 65, 8, 169, 39, 20, 136, 197, 430, 141, 67, 9, 20, 192, 199, saab
94, 37, 72, 146, 60, 9, 133, 50, 18, 135, 161, 262, 128, 69, 2, 7, 192, 195, van
87, 44, 98, 211, 70, 10, 189, 35, 22, 141, 214, 535, 178, 71, 2, 21, 187, 194, opel
115, 52, 100, 203, 62, 10, 217, 31, 24, 165, 229, 697, 214, 72, 14, 4, 188, 197, saab
88, 45, 82, 155, 56, 8, 154, 43, 19, 149, 180, 357, 170, 69, 3, 0, 188, 193, saab
104, 50, 106, 209, 66, 10, 207, 32, 23, 158, 223, 635, 220, 73, 14, 9, 188, 196, saab
85, 44, 70, 205, 103, 52, 149, 45, 19, 144, 241, 325, 188, 127, 9, 11, 180, 183, bus

